INITIAL
* 6:12pm Feb 22, 2026
* a1_stmu vs a0_mu
* 1 2 2 2 2 2 5 1 2 2 2 2 2 5
* X X X X
* X X X X
* X X X X
* X X X X
* X X X X
* X X X X
* X X X X
* X X X X
* first 1
* time 900
* 1. a8(p) b1(p)
* 2. c8(G) c7(P)
* 3. d8(p) b8(M)
* 4. b7(m) d1(p)
* 5. b7-b8 a4(N)
* 6. d7(r) c5(m)
* 7. b8-b7 c2(P)
* 8. b7-b8 c6(c)
* 9. c6-c8 a7(P)
* 10. b6(R) a5(k)
* 11. a8-a7 a3(M)
* 12. b8-a8 c3(r)
* 13. a8-b8 b2(n)
* 14. a6(P) d6(g)
* 15. b8-a8 b3(g)
* 16. a7-b7 d4(K)
* 17. b7-a7 c7-b7
* 18. c8-b8 d2(C)
* 19. b8-c8 c4(N)
* 20. c8-b8 b7-c7
* 21. b8-c8 c7-b7
* 22. c8-c7 b7-b8
* 23. a8-b8 a6-a5
* 24. a7-a8 b6-c6
* 25. b8-c8 c6-b6
* 26. a8-b8 a2(P)
* 27. b8-a8 b4(c)
* 28. a8-b8 a4-b4
* 29. b8-a8 a3-a4
* 30. a8-b8 a2-a3
* 31. b8-a8 b6-c6
* 32. c5-c6 a3-a2
* 33. a8-b8 a2-a3
* 34. b8-a8 a3-a2
* 35. a8-b8 a2-a3
* 36. b8-a8 a3-a2
* 37. a8-b8 a2-a3
* 38. b8-a8
* PositionRepetitionDraw,3,4 a1_stmu Draw 0.500000,0.500000
* Comment 0 0
0. 1771755174697
1. 1771755174697
2. 1771755176786
3. 1771755178694
4. 1771755180541
5. 1771755182449
6. 1771755184296
7. 1771755186206
8. 1771755188052
9. 1771755189963
10. 1771755191809
11. 1771755193718
12. 1771755195563
13. 1771755197475
14. 1771755199368
15. 1771755201281
16. 1771755203174
17. 1771755205086
18. 1771755206979
19. 1771755208891
20. 1771755210786
21. 1771755212699
22. 1771755214592
23. 1771755216505
24. 1771755218398
25. 1771755220311
26. 1771755222203
27. 1771755224117
28. 1771755226009
29. 1771755227924
30. 1771755229816
31. 1771755231732
32. 1771755233624
33. 1771755235536
34. 1771755237430
35. 1771755239343
36. 1771755241235
37. 1771755243150
38. 1771755245041
39. 1771755246957
40. 1771755248846
41. 1771755250761
42. 1771755252651
43. 1771755254567
44. 1771755256456
45. 1771755258372
46. 1771755260261
47. 1771755262178
48. 1771755264067
49. 1771755265985
50. 1771755267872
51. 1771755269790
52. 1771755271679
53. 1771755273596
54. 1771755275483
55. 1771755277352
56. 1771755279240
57. 1771755281107
58. 1771755282947
59. 1771755284865
60. 1771755286754
61. 1771755288621
62. 1771755290511
63. 1771755292426
64. 1771755294316
65. 1771755296183
66. 1771755298022
67. 1771755299938
68. 1771755301829
69. 1771755303694
70. 1771755305586
71. 1771755307499
72. 1771755309392
73. 1771755311254
74. 1771755313097
75. 1771755314960

# 10 27 29 63 65 99 101 135 137 171 173 207 209 243 245 279 281 315 317 351 353 387 389 423 425 459 461 495 497 531 533 567 569 603 605 639 641 675 677 711 713 747 749 783 785 819 821 855 857 891 893 927 929 963 965 999 1001 1035 1037 1071 1073 1107 1109 1143 1145 1179 1181 1215 1217 1251 1253 1287 1289 1323 1325 #
LightZero MGTP Interface Ready
=1 LightZero_DarkChess

=2 1.0.0

=7 

=15 

=14 

[debug] move action_id=0, action=((0, 0), (0, 0)), 
[debug] current_player=1 (R), 
[debug] board[(0, 0)]=13, board[(0, 0)]=13, 
[debug] board state:
[[13 15 15 15]
 [15 15 15 15]
 [15 15 15 15]
 [15 15 15 15]
 [15 15 15 15]
 [15 15 15 15]
 [15 15 15 15]
 [15 15 15 15]], 

=11 

=16 

=12 b1 b1

[debug] move action_id=319, action=((7, 1), (7, 1)), 
[debug] current_player=0 (B), 
[debug] board[(7, 1)]=13, board[(7, 1)]=13, 
[debug] board state:
[[13 15 15 15]
 [15 15 15 15]
 [15 15 15 15]
 [15 15 15 15]
 [15 15 15 15]
 [15 15 15 15]
 [15 15 15 15]
 [15 13 15 15]], 

=11 

=16 

[debug] move action_id=22, action=((0, 2), (0, 2)), 
[debug] current_player=1 (R), 
[debug] board[(0, 2)]=1, board[(0, 2)]=1, 
[debug] board state:
[[13 15  1 15]
 [15 15 15 15]
 [15 15 15 15]
 [15 15 15 15]
 [15 15 15 15]
 [15 15 15 15]
 [15 15 15 15]
 [15 13 15 15]], 

=11 

=16 

=12 c7 c7

[debug] move action_id=66, action=((1, 2), (1, 2)), 
[debug] current_player=0 (B), 
[debug] board[(1, 2)]=6, board[(1, 2)]=6, 
[debug] board state:
[[13 15  1 15]
 [15 15  6 15]
 [15 15 15 15]
 [15 15 15 15]
 [15 15 15 15]
 [15 15 15 15]
 [15 15 15 15]
 [15 13 15 15]], 

=11 

=16 

[debug] move action_id=33, action=((0, 3), (0, 3)), 
[debug] current_player=1 (R), 
[debug] board[(0, 3)]=13, board[(0, 3)]=13, 
[debug] board state:
[[13 15  1 13]
 [15 15  6 15]
 [15 15 15 15]
 [15 15 15 15]
 [15 15 15 15]
 [15 15 15 15]
 [15 15 15 15]
 [15 13 15 15]], 

=11 

=16 

=12 b8 b8

[debug] move action_id=11, action=((0, 1), (0, 1)), 
[debug] current_player=0 (B), 
[debug] board[(0, 1)]=2, board[(0, 1)]=2, 
[debug] board state:
[[13  2  1 13]
 [15 15  6 15]
 [15 15 15 15]
 [15 15 15 15]
 [15 15 15 15]
 [15 15 15 15]
 [15 15 15 15]
 [15 13 15 15]], 

=11 

=16 

[debug] move action_id=55, action=((1, 1), (1, 1)), 
[debug] current_player=1 (R), 
[debug] board[(1, 1)]=9, board[(1, 1)]=9, 
[debug] board state:
[[13  2  1 13]
 [15  9  6 15]
 [15 15 15 15]
 [15 15 15 15]
 [15 15 15 15]
 [15 15 15 15]
 [15 15 15 15]
 [15 13 15 15]], 

=11 

=16 

=12 d1 d1

[debug] move action_id=341, action=((7, 3), (7, 3)), 
[debug] current_player=0 (B), 
[debug] board[(7, 3)]=13, board[(7, 3)]=13, 
[debug] board state:
[[13  2  1 13]
 [15  9  6 15]
 [15 15 15 15]
 [15 15 15 15]
 [15 15 15 15]
 [15 15 15 15]
 [15 15 15 15]
 [15 13 15 13]], 

=11 

=16 

[debug] move action_id=12, action=((1, 1), (0, 1)), 
[debug] current_player=1 (R), 
[debug] board[(1, 1)]=14, board[(0, 1)]=9, 
[debug] board state:
[[13  9  1 13]
 [15 14  6 15]
 [15 15 15 15]
 [15 15 15 15]
 [15 15 15 15]
 [15 15 15 15]
 [15 15 15 15]
 [15 13 15 13]], 

=10 

=16 

=12 a4 a4

[debug] move action_id=176, action=((4, 0), (4, 0)), 
[debug] current_player=0 (B), 
[debug] board[(4, 0)]=4, board[(4, 0)]=4, 
[debug] board state:
[[13  9  1 13]
 [15 14  6 15]
 [15 15 15 15]
 [15 15 15 15]
 [ 4 15 15 15]
 [15 15 15 15]
 [15 15 15 15]
 [15 13 15 13]], 

=11 

=16 

[debug] move action_id=77, action=((1, 3), (1, 3)), 
[debug] current_player=1 (R), 
[debug] board[(1, 3)]=10, board[(1, 3)]=10, 
[debug] board state:
[[13  9  1 13]
 [15 14  6 10]
 [15 15 15 15]
 [15 15 15 15]
 [ 4 15 15 15]
 [15 15 15 15]
 [15 15 15 15]
 [15 13 15 13]], 

=11 

=16 

=12 c5 c5

[debug] move action_id=154, action=((3, 2), (3, 2)), 
[debug] current_player=0 (B), 
[debug] board[(3, 2)]=9, board[(3, 2)]=9, 
[debug] board state:
[[13  9  1 13]
 [15 14  6 10]
 [15 15 15 15]
 [15 15  9 15]
 [ 4 15 15 15]
 [15 15 15 15]
 [15 15 15 15]
 [15 13 15 13]], 

=11 

=16 

[debug] move action_id=56, action=((0, 1), (1, 1)), 
[debug] current_player=1 (R), 
[debug] board[(0, 1)]=14, board[(1, 1)]=9, 
[debug] board state:
[[13 14  1 13]
 [15  9  6 10]
 [15 15 15 15]
 [15 15  9 15]
 [ 4 15 15 15]
 [15 15 15 15]
 [15 15 15 15]
 [15 13 15 13]], 

=10 

=16 

=12 c2 c2

[debug] move action_id=286, action=((6, 2), (6, 2)), 
[debug] current_player=0 (B), 
[debug] board[(6, 2)]=6, board[(6, 2)]=6, 
[debug] board state:
[[13 14  1 13]
 [15  9  6 10]
 [15 15 15 15]
 [15 15  9 15]
 [ 4 15 15 15]
 [15 15 15 15]
 [15 15  6 15]
 [15 13 15 13]], 

=11 

=16 

[debug] move action_id=12, action=((1, 1), (0, 1)), 
[debug] current_player=1 (R), 
[debug] board[(1, 1)]=14, board[(0, 1)]=9, 
[debug] board state:
[[13  9  1 13]
 [15 14  6 10]
 [15 15 15 15]
 [15 15  9 15]
 [ 4 15 15 15]
 [15 15 15 15]
 [15 15  6 15]
 [15 13 15 13]], 

=10 

=16 

=12 c6 c6

[debug] move action_id=110, action=((2, 2), (2, 2)), 
[debug] current_player=0 (B), 
[debug] board[(2, 2)]=12, board[(2, 2)]=12, 
[debug] board state:
[[13  9  1 13]
 [15 14  6 10]
 [15 15 12 15]
 [15 15  9 15]
 [ 4 15 15 15]
 [15 15 15 15]
 [15 15  6 15]
 [15 13 15 13]], 

=11 

=16 

[debug] move action_id=24, action=((2, 2), (0, 2)), 
[debug] current_player=1 (R), 
[debug] board[(2, 2)]=14, board[(0, 2)]=12, 
[debug] board state:
[[13  9 12 13]
 [15 14  6 10]
 [15 15 14 15]
 [15 15  9 15]
 [ 4 15 15 15]
 [15 15 15 15]
 [15 15  6 15]
 [15 13 15 13]], 

=10 

=16 

=12 a7 a7

[debug] move action_id=44, action=((1, 0), (1, 0)), 
[debug] current_player=0 (B), 
[debug] board[(1, 0)]=6, board[(1, 0)]=6, 
[debug] board state:
[[13  9 12 13]
 [ 6 14  6 10]
 [15 15 14 15]
 [15 15  9 15]
 [ 4 15 15 15]
 [15 15 15 15]
 [15 15  6 15]
 [15 13 15 13]], 

=11 

=16 

[debug] move action_id=99, action=((2, 1), (2, 1)), 
[debug] current_player=1 (R), 
[debug] board[(2, 1)]=3, board[(2, 1)]=3, 
[debug] board state:
[[13  9 12 13]
 [ 6 14  6 10]
 [15  3 14 15]
 [15 15  9 15]
 [ 4 15 15 15]
 [15 15 15 15]
 [15 15  6 15]
 [15 13 15 13]], 

=11 

=16 

=12 a5 a5

[debug] move action_id=132, action=((3, 0), (3, 0)), 
[debug] current_player=0 (B), 
[debug] board[(3, 0)]=7, board[(3, 0)]=7, 
[debug] board state:
[[13  9 12 13]
 [ 6 14  6 10]
 [15  3 14 15]
 [ 7 15  9 15]
 [ 4 15 15 15]
 [15 15 15 15]
 [15 15  6 15]
 [15 13 15 13]], 

=11 

=16 

[debug] move action_id=45, action=((0, 0), (1, 0)), 
[debug] current_player=1 (R), 
[debug] board[(0, 0)]=14, board[(1, 0)]=13, 
[debug] board state:
[[14  9 12 13]
 [13 14  6 10]
 [15  3 14 15]
 [ 7 15  9 15]
 [ 4 15 15 15]
 [15 15 15 15]
 [15 15  6 15]
 [15 13 15 13]], 

=10 

=16 

=12 a3 a3

[debug] move action_id=220, action=((5, 0), (5, 0)), 
[debug] current_player=0 (B), 
[debug] board[(5, 0)]=2, board[(5, 0)]=2, 
[debug] board state:
[[14  9 12 13]
 [13 14  6 10]
 [15  3 14 15]
 [ 7 15  9 15]
 [ 4 15 15 15]
 [ 2 15 15 15]
 [15 15  6 15]
 [15 13 15 13]], 

=11 

=16 

[debug] move action_id=19, action=((0, 1), (0, 0)), 
[debug] current_player=1 (R), 
[debug] board[(0, 1)]=14, board[(0, 0)]=9, 
[debug] board state:
[[ 9 14 12 13]
 [13 14  6 10]
 [15  3 14 15]
 [ 7 15  9 15]
 [ 4 15 15 15]
 [ 2 15 15 15]
 [15 15  6 15]
 [15 13 15 13]], 

=10 

=16 

=12 c3 c3

[debug] move action_id=242, action=((5, 2), (5, 2)), 
[debug] current_player=0 (B), 
[debug] board[(5, 2)]=10, board[(5, 2)]=10, 
[debug] board state:
[[ 9 14 12 13]
 [13 14  6 10]
 [15  3 14 15]
 [ 7 15  9 15]
 [ 4 15 15 15]
 [ 2 15 10 15]
 [15 15  6 15]
 [15 13 15 13]], 

=11 

=16 

[debug] move action_id=8, action=((0, 0), (0, 1)), 
[debug] current_player=1 (R), 
[debug] board[(0, 0)]=14, board[(0, 1)]=9, 
[debug] board state:
[[14  9 12 13]
 [13 14  6 10]
 [15  3 14 15]
 [ 7 15  9 15]
 [ 4 15 15 15]
 [ 2 15 10 15]
 [15 15  6 15]
 [15 13 15 13]], 

=10 

=16 

=12 b2 b2

[debug] move action_id=275, action=((6, 1), (6, 1)), 
[debug] current_player=0 (B), 
[debug] board[(6, 1)]=11, board[(6, 1)]=11, 
[debug] board state:
[[14  9 12 13]
 [13 14  6 10]
 [15  3 14 15]
 [ 7 15  9 15]
 [ 4 15 15 15]
 [ 2 15 10 15]
 [15 11  6 15]
 [15 13 15 13]], 

=11 

=16 

[debug] move action_id=88, action=((2, 0), (2, 0)), 
[debug] current_player=1 (R), 
[debug] board[(2, 0)]=6, board[(2, 0)]=6, 
[debug] board state:
[[14  9 12 13]
 [13 14  6 10]
 [ 6  3 14 15]
 [ 7 15  9 15]
 [ 4 15 15 15]
 [ 2 15 10 15]
 [15 11  6 15]
 [15 13 15 13]], 

=11 

=16 

=12 d6 d6

[debug] move action_id=121, action=((2, 3), (2, 3)), 
[debug] current_player=0 (B), 
[debug] board[(2, 3)]=8, board[(2, 3)]=8, 
[debug] board state:
[[14  9 12 13]
 [13 14  6 10]
 [ 6  3 14  8]
 [ 7 15  9 15]
 [ 4 15 15 15]
 [ 2 15 10 15]
 [15 11  6 15]
 [15 13 15 13]], 

=11 

=16 

[debug] move action_id=19, action=((0, 1), (0, 0)), 
[debug] current_player=1 (R), 
[debug] board[(0, 1)]=14, board[(0, 0)]=9, 
[debug] board state:
[[ 9 14 12 13]
 [13 14  6 10]
 [ 6  3 14  8]
 [ 7 15  9 15]
 [ 4 15 15 15]
 [ 2 15 10 15]
 [15 11  6 15]
 [15 13 15 13]], 

=10 

=16 

=12 b3 b3

[debug] move action_id=231, action=((5, 1), (5, 1)), 
[debug] current_player=0 (B), 
[debug] board[(5, 1)]=8, board[(5, 1)]=8, 
[debug] board state:
[[ 9 14 12 13]
 [13 14  6 10]
 [ 6  3 14  8]
 [ 7 15  9 15]
 [ 4 15 15 15]
 [ 2  8 10 15]
 [15 11  6 15]
 [15 13 15 13]], 

=11 

=16 

[debug] move action_id=52, action=((1, 0), (1, 1)), 
[debug] current_player=1 (R), 
[debug] board[(1, 0)]=14, board[(1, 1)]=13, 
[debug] board state:
[[ 9 14 12 13]
 [14 13  6 10]
 [ 6  3 14  8]
 [ 7 15  9 15]
 [ 4 15 15 15]
 [ 2  8 10 15]
 [15 11  6 15]
 [15 13 15 13]], 

=10 

=16 

=12 d4 d4

[debug] move action_id=209, action=((4, 3), (4, 3)), 
[debug] current_player=0 (B), 
[debug] board[(4, 3)]=0, board[(4, 3)]=0, 
[debug] board state:
[[ 9 14 12 13]
 [14 13  6 10]
 [ 6  3 14  8]
 [ 7 15  9 15]
 [ 4 15 15  0]
 [ 2  8 10 15]
 [15 11  6 15]
 [15 13 15 13]], 

=11 

=16 

[debug] move action_id=63, action=((1, 1), (1, 0)), 
[debug] current_player=1 (R), 
[debug] board[(1, 1)]=14, board[(1, 0)]=13, 
[debug] board state:
[[ 9 14 12 13]
 [13 14  6 10]
 [ 6  3 14  8]
 [ 7 15  9 15]
 [ 4 15 15  0]
 [ 2  8 10 15]
 [15 11  6 15]
 [15 13 15 13]], 

=10 

=16 

=12 c7 b7

[debug] move action_id=75, action=((1, 2), (1, 1)), 
[debug] current_player=0 (B), 
[debug] board[(1, 2)]=14, board[(1, 1)]=6, 
[debug] board state:
[[ 9 14 12 13]
 [13  6 14 10]
 [ 6  3 14  8]
 [ 7 15  9 15]
 [ 4 15 15  0]
 [ 2  8 10 15]
 [15 11  6 15]
 [15 13 15 13]], 

=10 

=16 

[debug] move action_id=31, action=((0, 2), (0, 1)), 
[debug] current_player=1 (R), 
[debug] board[(0, 2)]=14, board[(0, 1)]=12, 
[debug] board state:
[[ 9 12 14 13]
 [13  6 14 10]
 [ 6  3 14  8]
 [ 7 15  9 15]
 [ 4 15 15  0]
 [ 2  8 10 15]
 [15 11  6 15]
 [15 13 15 13]], 

=10 

=16 

=12 d2 d2

[debug] move action_id=297, action=((6, 3), (6, 3)), 
[debug] current_player=0 (B), 
[debug] board[(6, 3)]=5, board[(6, 3)]=5, 
[debug] board state:
[[ 9 12 14 13]
 [13  6 14 10]
 [ 6  3 14  8]
 [ 7 15  9 15]
 [ 4 15 15  0]
 [ 2  8 10 15]
 [15 11  6  5]
 [15 13 15 13]], 

=11 

=16 

[debug] move action_id=20, action=((0, 1), (0, 2)), 
[debug] current_player=1 (R), 
[debug] board[(0, 1)]=14, board[(0, 2)]=12, 
[debug] board state:
[[ 9 14 12 13]
 [13  6 14 10]
 [ 6  3 14  8]
 [ 7 15  9 15]
 [ 4 15 15  0]
 [ 2  8 10 15]
 [15 11  6  5]
 [15 13 15 13]], 

=10 

=16 

=12 c4 c4

[debug] move action_id=198, action=((4, 2), (4, 2)), 
[debug] current_player=0 (B), 
[debug] board[(4, 2)]=4, board[(4, 2)]=4, 
[debug] board state:
[[ 9 14 12 13]
 [13  6 14 10]
 [ 6  3 14  8]
 [ 7 15  9 15]
 [ 4 15  4  0]
 [ 2  8 10 15]
 [15 11  6  5]
 [15 13 15 13]], 

=11 

=16 

[debug] move action_id=31, action=((0, 2), (0, 1)), 
[debug] current_player=1 (R), 
[debug] board[(0, 2)]=14, board[(0, 1)]=12, 
[debug] board state:
[[ 9 12 14 13]
 [13  6 14 10]
 [ 6  3 14  8]
 [ 7 15  9 15]
 [ 4 15  4  0]
 [ 2  8 10 15]
 [15 11  6  5]
 [15 13 15 13]], 

=10 

=16 

=12 b7 c7

[debug] move action_id=64, action=((1, 1), (1, 2)), 
[debug] current_player=0 (B), 
[debug] board[(1, 1)]=14, board[(1, 2)]=6, 
[debug] board state:
[[ 9 12 14 13]
 [13 14  6 10]
 [ 6  3 14  8]
 [ 7 15  9 15]
 [ 4 15  4  0]
 [ 2  8 10 15]
 [15 11  6  5]
 [15 13 15 13]], 

=10 

=16 

[debug] move action_id=20, action=((0, 1), (0, 2)), 
[debug] current_player=1 (R), 
[debug] board[(0, 1)]=14, board[(0, 2)]=12, 
[debug] board state:
[[ 9 14 12 13]
 [13 14  6 10]
 [ 6  3 14  8]
 [ 7 15  9 15]
 [ 4 15  4  0]
 [ 2  8 10 15]
 [15 11  6  5]
 [15 13 15 13]], 

=10 

=16 

=12 c7 b7

[debug] move action_id=75, action=((1, 2), (1, 1)), 
[debug] current_player=0 (B), 
[debug] board[(1, 2)]=14, board[(1, 1)]=6, 
[debug] board state:
[[ 9 14 12 13]
 [13  6 14 10]
 [ 6  3 14  8]
 [ 7 15  9 15]
 [ 4 15  4  0]
 [ 2  8 10 15]
 [15 11  6  5]
 [15 13 15 13]], 

=10 

=16 

[debug] move action_id=67, action=((0, 2), (1, 2)), 
[debug] current_player=1 (R), 
[debug] board[(0, 2)]=14, board[(1, 2)]=12, 
[debug] board state:
[[ 9 14 14 13]
 [13  6 12 10]
 [ 6  3 14  8]
 [ 7 15  9 15]
 [ 4 15  4  0]
 [ 2  8 10 15]
 [15 11  6  5]
 [15 13 15 13]], 

=10 

=16 

=12 b7 b8

[debug] move action_id=12, action=((1, 1), (0, 1)), 
[debug] current_player=0 (B), 
[debug] board[(1, 1)]=14, board[(0, 1)]=6, 
[debug] board state:
[[ 9  6 14 13]
 [13 14 12 10]
 [ 6  3 14  8]
 [ 7 15  9 15]
 [ 4 15  4  0]
 [ 2  8 10 15]
 [15 11  6  5]
 [15 13 15 13]], 

=10 

=16 

[debug] move action_id=8, action=((0, 0), (0, 1)), 
[debug] current_player=1 (R), 
[debug] board[(0, 0)]=14, board[(0, 1)]=9, 
[debug] board state:
[[14  9 14 13]
 [13 14 12 10]
 [ 6  3 14  8]
 [ 7 15  9 15]
 [ 4 15  4  0]
 [ 2  8 10 15]
 [15 11  6  5]
 [15 13 15 13]], 

=10 

=16 

=12 a6 a5

[debug] move action_id=135, action=((2, 0), (3, 0)), 
[debug] current_player=0 (B), 
[debug] board[(2, 0)]=14, board[(3, 0)]=6, 
[debug] board state:
[[14  9 14 13]
 [13 14 12 10]
 [14  3 14  8]
 [ 6 15  9 15]
 [ 4 15  4  0]
 [ 2  8 10 15]
 [15 11  6  5]
 [15 13 15 13]], 

=10 

=16 

[debug] move action_id=1, action=((1, 0), (0, 0)), 
[debug] current_player=1 (R), 
[debug] board[(1, 0)]=14, board[(0, 0)]=13, 
[debug] board state:
[[13  9 14 13]
 [14 14 12 10]
 [14  3 14  8]
 [ 6 15  9 15]
 [ 4 15  4  0]
 [ 2  8 10 15]
 [15 11  6  5]
 [15 13 15 13]], 

=10 

=16 

=12 b6 c6

[debug] move action_id=108, action=((2, 1), (2, 2)), 
[debug] current_player=0 (B), 
[debug] board[(2, 1)]=14, board[(2, 2)]=3, 
[debug] board state:
[[13  9 14 13]
 [14 14 12 10]
 [14 14  3  8]
 [ 6 15  9 15]
 [ 4 15  4  0]
 [ 2  8 10 15]
 [15 11  6  5]
 [15 13 15 13]], 

=10 

=16 

[debug] move action_id=20, action=((0, 1), (0, 2)), 
[debug] current_player=1 (R), 
[debug] board[(0, 1)]=14, board[(0, 2)]=9, 
[debug] board state:
[[13 14  9 13]
 [14 14 12 10]
 [14 14  3  8]
 [ 6 15  9 15]
 [ 4 15  4  0]
 [ 2  8 10 15]
 [15 11  6  5]
 [15 13 15 13]], 

=10 

=16 

=12 c6 b6

[debug] move action_id=119, action=((2, 2), (2, 1)), 
[debug] current_player=0 (B), 
[debug] board[(2, 2)]=14, board[(2, 1)]=3, 
[debug] board state:
[[13 14  9 13]
 [14 14 12 10]
 [14  3 14  8]
 [ 6 15  9 15]
 [ 4 15  4  0]
 [ 2  8 10 15]
 [15 11  6  5]
 [15 13 15 13]], 

=10 

=16 

[debug] move action_id=8, action=((0, 0), (0, 1)), 
[debug] current_player=1 (R), 
[debug] board[(0, 0)]=14, board[(0, 1)]=13, 
[debug] board state:
[[14 13  9 13]
 [14 14 12 10]
 [14  3 14  8]
 [ 6 15  9 15]
 [ 4 15  4  0]
 [ 2  8 10 15]
 [15 11  6  5]
 [15 13 15 13]], 

=10 

=16 

=12 a2 a2

[debug] move action_id=264, action=((6, 0), (6, 0)), 
[debug] current_player=0 (B), 
[debug] board[(6, 0)]=6, board[(6, 0)]=6, 
[debug] board state:
[[14 13  9 13]
 [14 14 12 10]
 [14  3 14  8]
 [ 6 15  9 15]
 [ 4 15  4  0]
 [ 2  8 10 15]
 [ 6 11  6  5]
 [15 13 15 13]], 

=11 

=16 

[debug] move action_id=19, action=((0, 1), (0, 0)), 
[debug] current_player=1 (R), 
[debug] board[(0, 1)]=14, board[(0, 0)]=13, 
[debug] board state:
[[13 14  9 13]
 [14 14 12 10]
 [14  3 14  8]
 [ 6 15  9 15]
 [ 4 15  4  0]
 [ 2  8 10 15]
 [ 6 11  6  5]
 [15 13 15 13]], 

=10 

=16 

=12 b4 b4

[debug] move action_id=187, action=((4, 1), (4, 1)), 
[debug] current_player=0 (B), 
[debug] board[(4, 1)]=12, board[(4, 1)]=12, 
[debug] board state:
[[13 14  9 13]
 [14 14 12 10]
 [14  3 14  8]
 [ 6 15  9 15]
 [ 4 12  4  0]
 [ 2  8 10 15]
 [ 6 11  6  5]
 [15 13 15 13]], 

=11 

=16 

[debug] move action_id=8, action=((0, 0), (0, 1)), 
[debug] current_player=1 (R), 
[debug] board[(0, 0)]=14, board[(0, 1)]=13, 
[debug] board state:
[[14 13  9 13]
 [14 14 12 10]
 [14  3 14  8]
 [ 6 15  9 15]
 [ 4 12  4  0]
 [ 2  8 10 15]
 [ 6 11  6  5]
 [15 13 15 13]], 

=10 

=16 

=12 a4 b4

[debug] move action_id=184, action=((4, 0), (4, 1)), 
[debug] current_player=0 (B), 
[debug] board[(4, 0)]=14, board[(4, 1)]=4, 
[debug] board state:
[[14 13  9 13]
 [14 14 12 10]
 [14  3 14  8]
 [ 6 15  9 15]
 [14  4  4  0]
 [ 2  8 10 15]
 [ 6 11  6  5]
 [15 13 15 13]], 

=10 

=16 

[debug] move action_id=19, action=((0, 1), (0, 0)), 
[debug] current_player=1 (R), 
[debug] board[(0, 1)]=14, board[(0, 0)]=13, 
[debug] board state:
[[13 14  9 13]
 [14 14 12 10]
 [14  3 14  8]
 [ 6 15  9 15]
 [14  4  4  0]
 [ 2  8 10 15]
 [ 6 11  6  5]
 [15 13 15 13]], 

=10 

=16 

=12 a3 a4

[debug] move action_id=181, action=((5, 0), (4, 0)), 
[debug] current_player=0 (B), 
[debug] board[(5, 0)]=14, board[(4, 0)]=2, 
[debug] board state:
[[13 14  9 13]
 [14 14 12 10]
 [14  3 14  8]
 [ 6 15  9 15]
 [ 2  4  4  0]
 [14  8 10 15]
 [ 6 11  6  5]
 [15 13 15 13]], 

=10 

=16 

[debug] move action_id=8, action=((0, 0), (0, 1)), 
[debug] current_player=1 (R), 
[debug] board[(0, 0)]=14, board[(0, 1)]=13, 
[debug] board state:
[[14 13  9 13]
 [14 14 12 10]
 [14  3 14  8]
 [ 6 15  9 15]
 [ 2  4  4  0]
 [14  8 10 15]
 [ 6 11  6  5]
 [15 13 15 13]], 

=10 

=16 

=12 a2 a3

[debug] move action_id=226, action=((6, 0), (5, 0)), 
[debug] current_player=0 (B), 
[debug] board[(6, 0)]=14, board[(5, 0)]=6, 
[debug] board state:
[[14 13  9 13]
 [14 14 12 10]
 [14  3 14  8]
 [ 6 15  9 15]
 [ 2  4  4  0]
 [ 6  8 10 15]
 [14 11  6  5]
 [15 13 15 13]], 

=10 

=16 

[debug] move action_id=19, action=((0, 1), (0, 0)), 
[debug] current_player=1 (R), 
[debug] board[(0, 1)]=14, board[(0, 0)]=13, 
[debug] board state:
[[13 14  9 13]
 [14 14 12 10]
 [14  3 14  8]
 [ 6 15  9 15]
 [ 2  4  4  0]
 [ 6  8 10 15]
 [14 11  6  5]
 [15 13 15 13]], 

=10 

=16 

=12 b6 c6

[debug] move action_id=108, action=((2, 1), (2, 2)), 
[debug] current_player=0 (B), 
[debug] board[(2, 1)]=14, board[(2, 2)]=3, 
[debug] board state:
[[13 14  9 13]
 [14 14 12 10]
 [14 14  3  8]
 [ 6 15  9 15]
 [ 2  4  4  0]
 [ 6  8 10 15]
 [14 11  6  5]
 [15 13 15 13]], 

=10 

=16 

[debug] move action_id=113, action=((3, 2), (2, 2)), 
[debug] current_player=1 (R), 
[debug] board[(3, 2)]=14, board[(2, 2)]=9, 
[debug] board state:
[[13 14  9 13]
 [14 14 12 10]
 [14 14  9  8]
 [ 6 15 14 15]
 [ 2  4  4  0]
 [ 6  8 10 15]
 [14 11  6  5]
 [15 13 15 13]], 

=10 

=16 

=12 a3 a2

[debug] move action_id=270, action=((5, 0), (6, 0)), 
[debug] current_player=0 (B), 
[debug] board[(5, 0)]=14, board[(6, 0)]=6, 
[debug] board state:
[[13 14  9 13]
 [14 14 12 10]
 [14 14  9  8]
 [ 6 15 14 15]
 [ 2  4  4  0]
 [14  8 10 15]
 [ 6 11  6  5]
 [15 13 15 13]], 

=10 

=16 

[debug] move action_id=8, action=((0, 0), (0, 1)), 
[debug] current_player=1 (R), 
[debug] board[(0, 0)]=14, board[(0, 1)]=13, 
[debug] board state:
[[14 13  9 13]
 [14 14 12 10]
 [14 14  9  8]
 [ 6 15 14 15]
 [ 2  4  4  0]
 [14  8 10 15]
 [ 6 11  6  5]
 [15 13 15 13]], 

=10 

=16 

=12 a2 a3

[debug] move action_id=226, action=((6, 0), (5, 0)), 
[debug] current_player=0 (B), 
[debug] board[(6, 0)]=14, board[(5, 0)]=6, 
[debug] board state:
[[14 13  9 13]
 [14 14 12 10]
 [14 14  9  8]
 [ 6 15 14 15]
 [ 2  4  4  0]
 [ 6  8 10 15]
 [14 11  6  5]
 [15 13 15 13]], 

=10 

=16 

[debug] move action_id=19, action=((0, 1), (0, 0)), 
[debug] current_player=1 (R), 
[debug] board[(0, 1)]=14, board[(0, 0)]=13, 
[debug] board state:
[[13 14  9 13]
 [14 14 12 10]
 [14 14  9  8]
 [ 6 15 14 15]
 [ 2  4  4  0]
 [ 6  8 10 15]
 [14 11  6  5]
 [15 13 15 13]], 

=10 

=16 

=12 a3 a2

[debug] move action_id=270, action=((5, 0), (6, 0)), 
[debug] current_player=0 (B), 
[debug] board[(5, 0)]=14, board[(6, 0)]=6, 
[debug] board state:
[[13 14  9 13]
 [14 14 12 10]
 [14 14  9  8]
 [ 6 15 14 15]
 [ 2  4  4  0]
 [14  8 10 15]
 [ 6 11  6  5]
 [15 13 15 13]], 

=10 

=16 

[debug] move action_id=8, action=((0, 0), (0, 1)), 
[debug] current_player=1 (R), 
[debug] board[(0, 0)]=14, board[(0, 1)]=13, 
[debug] board state:
[[14 13  9 13]
 [14 14 12 10]
 [14 14  9  8]
 [ 6 15 14 15]
 [ 2  4  4  0]
 [14  8 10 15]
 [ 6 11  6  5]
 [15 13 15 13]], 

=10 

=16 

=12 a2 a3

[debug] move action_id=226, action=((6, 0), (5, 0)), 
[debug] current_player=0 (B), 
[debug] board[(6, 0)]=14, board[(5, 0)]=6, 
[debug] board state:
[[14 13  9 13]
 [14 14 12 10]
 [14 14  9  8]
 [ 6 15 14 15]
 [ 2  4  4  0]
 [ 6  8 10 15]
 [14 11  6  5]
 [15 13 15 13]], 

=10 

=16 

[debug] move action_id=19, action=((0, 1), (0, 0)), 
[debug] current_player=1 (R), 
[debug] board[(0, 1)]=14, board[(0, 0)]=13, 
[debug] board state:
[[13 14  9 13]
 [14 14 12 10]
 [14 14  9  8]
 [ 6 15 14 15]
 [ 2  4  4  0]
 [ 6  8 10 15]
 [14 11  6  5]
 [15 13 15 13]], 

=10 

=16 

=12 a3 a2

[debug] move action_id=270, action=((5, 0), (6, 0)), 
[debug] current_player=0 (B), 
[debug] board[(5, 0)]=14, board[(6, 0)]=6, 
[debug] board state:
[[13 14  9 13]
 [14 14 12 10]
 [14 14  9  8]
 [ 6 15 14 15]
 [ 2  4  4  0]
 [14  8 10 15]
 [ 6 11  6  5]
 [15 13 15 13]], 

=10 

=16 

[debug] move action_id=8, action=((0, 0), (0, 1)), 
[debug] current_player=1 (R), 
[debug] board[(0, 0)]=14, board[(0, 1)]=13, 
[debug] board state:
[[14 13  9 13]
 [14 14 12 10]
 [14 14  9  8]
 [ 6 15 14 15]
 [ 2  4  4  0]
 [14  8 10 15]
 [ 6 11  6  5]
 [15 13 15 13]], 

=10 

=16 

=12 a2 a3

[debug] move action_id=226, action=((6, 0), (5, 0)), 
[debug] current_player=0 (B), 
[debug] board[(6, 0)]=14, board[(5, 0)]=6, 
[debug] board state:
[[14 13  9 13]
 [14 14 12 10]
 [14 14  9  8]
 [ 6 15 14 15]
 [ 2  4  4  0]
 [ 6  8 10 15]
 [14 11  6  5]
 [15 13 15 13]], 

=10 

=16 

[debug] move action_id=19, action=((0, 1), (0, 0)), 
[debug] current_player=1 (R), 
[debug] board[(0, 1)]=14, board[(0, 0)]=13, 
[debug] board state:
[[13 14  9 13]
 [14 14 12 10]
 [14 14  9  8]
 [ 6 15 14 15]
 [ 2  4  4  0]
 [ 6  8 10 15]
 [14 11  6  5]
 [15 13 15 13]], 

=10 

=16 


# 10 27 29 63 65 99 101 135 137 171 173 207 209 243 245 279 281 315 317 351 353 387 389 423 425 459 461 495 497 531 533 567 569 603 605 639 641 675 677 711 713 747 749 783 785 819 821 855 857 891 893 927 929 963 965 999 1001 1035 1037 1071 1073 1107 1109 1143 1145 1179 1181 1215 1217 1251 1253 1287 1289 1323 1325 #
/home/ntcucsk201/anaconda3/envs/darkchess/lib/python3.10/site-packages/treevalue/tree/integration/torch.py:23: FutureWarning: `torch.utils._pytree._register_pytree_node` is deprecated. Please use `torch.utils._pytree.register_pytree_node` instead.
  register_for_torch(TreeValue)
/home/ntcucsk201/anaconda3/envs/darkchess/lib/python3.10/site-packages/treevalue/tree/integration/torch.py:24: FutureWarning: `torch.utils._pytree._register_pytree_node` is deprecated. Please use `torch.utils._pytree.register_pytree_node` instead.
  register_for_torch(FastTreeValue)
Gym has been unmaintained since 2022 and does not support NumPy 2.0 amongst other critical functionality.
Please upgrade to Gymnasium, the maintained drop-in replacement of Gym, or contact the authors of your software and request that they upgrade.
See the migration guide at https://gymnasium.farama.org/introduction/migration_guide/ for additional information.
[DEBUG] Config loaded successfully
/home/ntcucsk201/DarkChess/LightZero/zoo/board_games/darkchess/muzero_mgtp.py:38: FutureWarning: You are using `torch.load` with `weights_only=False` (the current default value), which uses the default pickle module implicitly. It is possible to construct malicious pickle data which will execute arbitrary code during unpickling (See https://github.com/pytorch/pytorch/blob/main/SECURITY.md#untrusted-models for more details). In a future release, the default value for `weights_only` will be flipped to `True`. This limits the functions that could be executed during unpickling. Arbitrary objects will no longer be allowed to be loaded via this mode unless they are explicitly allowlisted by the user via `torch.serialization.add_safe_globals`. We recommend you start setting `weights_only=True` for any use case where you don't have full control of the loaded file. Please open an issue on GitHub for any issues related to this experimental feature.
  checkpoint = torch.load(model_path, map_location='cpu')
[DEBUG] Model moved to device: cuda:0

###
Account: a0_mu
Mode: MGTP
Path: /home/ntcucsk201/anaconda3/envs/darkchess/bin/python
Arg: /home/ntcucsk201/DarkChess/LightZero/zoo/board_games/darkchess/muzero_mgtp.py -model_path /home/ntcucsk201/DarkChess/LightZero/zoo/board_games/darkchess/data_muzero/darkchess_muzero_ns1000_upc50_rer0.0_bs512/ckpt/ckpt_best.pth.tar -config_path /home/ntcucsk201/DarkChess/LightZero/zoo/board_games/darkchess/data_muzero/darkchess_muzero_ns1000_upc50_rer0.0_bs512/formatted_total_config.py
Name: LightZero_DarkChess
Version: 1.0.0
###
