INITIAL
* 6:5pm Feb 22, 2026
* a1_stmu vs a0_mu
* 1 2 2 2 2 2 5 1 2 2 2 2 2 5
* X X X X
* X X X X
* X X X X
* X X X X
* X X X X
* X X X X
* X X X X
* X X X X
* first 1
* time 900
* 1. b7(m) b1(C)
* 2. b8(N) a6(p)
* 3. b7-b8 c7(n)
* 4. c8(P) a4(r)
* 5. a8(P) d4(G)
* 6. b8-a8 d6(n)
* 7. a8-b8 d8(N)
* 8. b8-a8 c6(g)
* 9. a8-b8 c2(k)
* 10. b8-c8 d2(p)
* 11. c8-b8 b6(c)
* 12. b8-c8 a3(P)
* 13. c8-b8 b2(R)
* 14. b8-a8 c1(m)
* 15. c7-c8 a2(p)
* 16. c8-d8 d5(M)
* 17. a8-b8 c3(P)
* 18. b8-a8 d7(p)
* 19. a8-b8 d5-d6
* 20. b8-a8 d4-d5
* 21. a8-b8 d6-d7
* 22. b8-c8 d7-c7
* 23. c8-b8 c7-d7
* 24. b8-a8 d7-c7
* 25. a8-b8 d5-d6
* 26. b8-c8 d6-d7
* 27. c8-b8 d7-d6
* 28. b8-a8 d6-d7
* 29. a8-b8 d7-d6
* 30. b8-b7 d6-d7
* 31. b7-b8 d7-d6
* 32. b8-a8 d6-d7
* 33. a8-b8 d7-d6
* 34. d8-c8 c7-d7
* 35. b6-b7 d7-c7
* 36. b8-a8 d6-d7
* 37. a8-b8 d7-d8
* 38. b8-a8 c7-d7
* 39. b7-b8 d7-c7
* 40. b8-d8 c7-d7
* 41. a8-b8 d7-c7
* 42. a7(g) c7-d7
* 43. a7-b7 d7-c7
* 44. b8-a8 c7-d7
* 45. a8-b8 d7-c7
* 46. b7-c7 d1(M)
* 47. b8-b7 d1-d2
* 48. b7-b8 d2-d1
* 49. b8-a8 d1-d2
* 50. a8-b8 d2-d1
* 51. b8-a8 d1-d2
* 52. a8-b8 d2-d1
* 53. a6-a7 d1-d2
* 54. a7-a8 b4(c)
* 55. a8-a7 c4(P)
* 56. a7-a8 a1(C)
* 57. a8-a7 d2-d1
* 58. a7-a8 d1-d2
* 59. a8-a7 d2-d1
* 60. b8-a8 d1-d2
* 61. c8-b8 d2-d1
* 62. b8-c8 d1-d2
* 63. a8-b8 d2-d1
* 64. a7-a8 d1-d2
* 65. a8-a7 d2-d1
* 66. a7-a8 d1-d2
* 67. a8-a7 d2-d1
* 68. a7-a8 d1-d2
* 69. a8-a7
* PositionRepetitionDraw,3,4 a1_stmu Draw 0.500000,0.500000
* Comment 0 0
0. 1771754740064
1. 1771754740064
2. 1771754742101
3. 1771754744015
4. 1771754745911
5. 1771754747824
6. 1771754749671
7. 1771754751584
8. 1771754753431
9. 1771754755343
10. 1771754757191
11. 1771754759098
12. 1771754760950
13. 1771754762855
14. 1771754764705
15. 1771754766611
16. 1771754768462
17. 1771754770369
18. 1771754772217
19. 1771754774126
20. 1771754775971
21. 1771754777885
22. 1771754779776
23. 1771754781694
24. 1771754783580
25. 1771754785501
26. 1771754787386
27. 1771754789310
28. 1771754791193
29. 1771754793121
30. 1771754794999
31. 1771754796927
32. 1771754798803
33. 1771754800733
34. 1771754802609
35. 1771754804538
36. 1771754806415
37. 1771754808345
38. 1771754810223
39. 1771754812152
40. 1771754814031
41. 1771754815959
42. 1771754817838
43. 1771754819767
44. 1771754821646
45. 1771754823525
46. 1771754825353
47. 1771754827282
48. 1771754829160
49. 1771754831088
50. 1771754832970
51. 1771754834844
52. 1771754836729
53. 1771754838651
54. 1771754840536
55. 1771754842407
56. 1771754844245
57. 1771754846113
58. 1771754848006
59. 1771754849869
60. 1771754851710
61. 1771754853575
62. 1771754855414
63. 1771754857282
64. 1771754859169
65. 1771754861039
66. 1771754862873
67. 1771754864746
68. 1771754866579
69. 1771754868453
70. 1771754870333
71. 1771754872211
72. 1771754874088
73. 1771754876017
74. 1771754877894
75. 1771754879823
76. 1771754881700
77. 1771754883629
78. 1771754885505
79. 1771754887386
80. 1771754889259
81. 1771754891143
82. 1771754892964
83. 1771754894849
84. 1771754896671
85. 1771754898557
86. 1771754900378
87. 1771754902264
88. 1771754904135
89. 1771754906023
90. 1771754907842
91. 1771754909729
92. 1771754911599
93. 1771754913487
94. 1771754915305
95. 1771754917195
96. 1771754919011
97. 1771754920902
98. 1771754922717
99. 1771754924609
100. 1771754926424
101. 1771754928315
102. 1771754930180
103. 1771754932073
104. 1771754933887
105. 1771754935780
106. 1771754937596
107. 1771754939487
108. 1771754941302
109. 1771754943194
110. 1771754945060
111. 1771754946952
112. 1771754948819
113. 1771754950759
114. 1771754952626
115. 1771754954516
116. 1771754956385
117. 1771754958274
118. 1771754960144
119. 1771754962034
120. 1771754963852
121. 1771754965742
122. 1771754967559
123. 1771754969448
124. 1771754971266
125. 1771754973155
126. 1771754974973
127. 1771754976861
128. 1771754978730
129. 1771754980618
130. 1771754982436
131. 1771754984325
132. 1771754986145
133. 1771754988033
134. 1771754989851
135. 1771754991740
136. 1771754993557
137. 1771754995447

# 10 27 29 63 65 99 101 135 137 171 173 207 209 243 245 279 281 315 317 351 353 387 389 423 425 459 461 495 497 531 533 567 569 603 605 639 641 675 677 711 713 747 749 783 785 819 821 855 857 891 893 927 929 963 965 999 1001 1035 1037 1071 1073 1107 1109 1143 1145 1179 1181 1215 1217 1251 1253 1287 1289 1323 1325 1359 1361 1395 1397 1431 1433 1467 1469 1503 1505 1539 1541 1575 1577 1611 1613 1647 1649 1683 1685 1719 1721 1755 1757 1791 1793 1827 1829 1863 1865 1899 1901 1935 1937 1971 1973 2007 2009 2043 2045 2079 2081 2115 2117 2151 2153 2187 2189 2223 2225 2259 2261 2295 2297 2331 2333 2367 2369 2403 2405 2439 2441 #
LightZero MGTP Interface Ready
=1 LightZero_DarkChess

=2 1.0.0

=7 

=15 

=14 

[debug] move action_id=55, action=((1, 1), (1, 1)), 
[debug] current_player=1 (R), 
[debug] board[(1, 1)]=9, board[(1, 1)]=9, 
[debug] board state:
[[15 15 15 15]
 [15  9 15 15]
 [15 15 15 15]
 [15 15 15 15]
 [15 15 15 15]
 [15 15 15 15]
 [15 15 15 15]
 [15 15 15 15]], 

=11 

=16 

=12 b1 b1

[debug] move action_id=319, action=((7, 1), (7, 1)), 
[debug] current_player=0 (B), 
[debug] board[(7, 1)]=5, board[(7, 1)]=5, 
[debug] board state:
[[15 15 15 15]
 [15  9 15 15]
 [15 15 15 15]
 [15 15 15 15]
 [15 15 15 15]
 [15 15 15 15]
 [15 15 15 15]
 [15  5 15 15]], 

=11 

=16 

[debug] move action_id=11, action=((0, 1), (0, 1)), 
[debug] current_player=1 (R), 
[debug] board[(0, 1)]=4, board[(0, 1)]=4, 
[debug] board state:
[[15  4 15 15]
 [15  9 15 15]
 [15 15 15 15]
 [15 15 15 15]
 [15 15 15 15]
 [15 15 15 15]
 [15 15 15 15]
 [15  5 15 15]], 

=11 

=16 

=12 a6 a6

[debug] move action_id=88, action=((2, 0), (2, 0)), 
[debug] current_player=0 (B), 
[debug] board[(2, 0)]=13, board[(2, 0)]=13, 
[debug] board state:
[[15  4 15 15]
 [15  9 15 15]
 [13 15 15 15]
 [15 15 15 15]
 [15 15 15 15]
 [15 15 15 15]
 [15 15 15 15]
 [15  5 15 15]], 

=11 

=16 

[debug] move action_id=12, action=((1, 1), (0, 1)), 
[debug] current_player=1 (R), 
[debug] board[(1, 1)]=14, board[(0, 1)]=9, 
[debug] board state:
[[15  9 15 15]
 [15 14 15 15]
 [13 15 15 15]
 [15 15 15 15]
 [15 15 15 15]
 [15 15 15 15]
 [15 15 15 15]
 [15  5 15 15]], 

=10 

=16 

=12 c7 c7

[debug] move action_id=66, action=((1, 2), (1, 2)), 
[debug] current_player=0 (B), 
[debug] board[(1, 2)]=11, board[(1, 2)]=11, 
[debug] board state:
[[15  9 15 15]
 [15 14 11 15]
 [13 15 15 15]
 [15 15 15 15]
 [15 15 15 15]
 [15 15 15 15]
 [15 15 15 15]
 [15  5 15 15]], 

=11 

=16 

[debug] move action_id=22, action=((0, 2), (0, 2)), 
[debug] current_player=1 (R), 
[debug] board[(0, 2)]=6, board[(0, 2)]=6, 
[debug] board state:
[[15  9  6 15]
 [15 14 11 15]
 [13 15 15 15]
 [15 15 15 15]
 [15 15 15 15]
 [15 15 15 15]
 [15 15 15 15]
 [15  5 15 15]], 

=11 

=16 

=12 a4 a4

[debug] move action_id=176, action=((4, 0), (4, 0)), 
[debug] current_player=0 (B), 
[debug] board[(4, 0)]=10, board[(4, 0)]=10, 
[debug] board state:
[[15  9  6 15]
 [15 14 11 15]
 [13 15 15 15]
 [15 15 15 15]
 [10 15 15 15]
 [15 15 15 15]
 [15 15 15 15]
 [15  5 15 15]], 

=11 

=16 

[debug] move action_id=0, action=((0, 0), (0, 0)), 
[debug] current_player=1 (R), 
[debug] board[(0, 0)]=6, board[(0, 0)]=6, 
[debug] board state:
[[ 6  9  6 15]
 [15 14 11 15]
 [13 15 15 15]
 [15 15 15 15]
 [10 15 15 15]
 [15 15 15 15]
 [15 15 15 15]
 [15  5 15 15]], 

=11 

=16 

=12 d4 d4

[debug] move action_id=209, action=((4, 3), (4, 3)), 
[debug] current_player=0 (B), 
[debug] board[(4, 3)]=1, board[(4, 3)]=1, 
[debug] board state:
[[ 6  9  6 15]
 [15 14 11 15]
 [13 15 15 15]
 [15 15 15 15]
 [10 15 15  1]
 [15 15 15 15]
 [15 15 15 15]
 [15  5 15 15]], 

=11 

=16 

[debug] move action_id=19, action=((0, 1), (0, 0)), 
[debug] current_player=1 (R), 
[debug] board[(0, 1)]=14, board[(0, 0)]=9, 
[debug] board state:
[[ 9 14  6 15]
 [15 14 11 15]
 [13 15 15 15]
 [15 15 15 15]
 [10 15 15  1]
 [15 15 15 15]
 [15 15 15 15]
 [15  5 15 15]], 

=10 

=16 

=12 d6 d6

[debug] move action_id=121, action=((2, 3), (2, 3)), 
[debug] current_player=0 (B), 
[debug] board[(2, 3)]=11, board[(2, 3)]=11, 
[debug] board state:
[[ 9 14  6 15]
 [15 14 11 15]
 [13 15 15 11]
 [15 15 15 15]
 [10 15 15  1]
 [15 15 15 15]
 [15 15 15 15]
 [15  5 15 15]], 

=11 

=16 

[debug] move action_id=8, action=((0, 0), (0, 1)), 
[debug] current_player=1 (R), 
[debug] board[(0, 0)]=14, board[(0, 1)]=9, 
[debug] board state:
[[14  9  6 15]
 [15 14 11 15]
 [13 15 15 11]
 [15 15 15 15]
 [10 15 15  1]
 [15 15 15 15]
 [15 15 15 15]
 [15  5 15 15]], 

=10 

=16 

=12 d8 d8

[debug] move action_id=33, action=((0, 3), (0, 3)), 
[debug] current_player=0 (B), 
[debug] board[(0, 3)]=4, board[(0, 3)]=4, 
[debug] board state:
[[14  9  6  4]
 [15 14 11 15]
 [13 15 15 11]
 [15 15 15 15]
 [10 15 15  1]
 [15 15 15 15]
 [15 15 15 15]
 [15  5 15 15]], 

=11 

=16 

[debug] move action_id=19, action=((0, 1), (0, 0)), 
[debug] current_player=1 (R), 
[debug] board[(0, 1)]=14, board[(0, 0)]=9, 
[debug] board state:
[[ 9 14  6  4]
 [15 14 11 15]
 [13 15 15 11]
 [15 15 15 15]
 [10 15 15  1]
 [15 15 15 15]
 [15 15 15 15]
 [15  5 15 15]], 

=10 

=16 

=12 c6 c6

[debug] move action_id=110, action=((2, 2), (2, 2)), 
[debug] current_player=0 (B), 
[debug] board[(2, 2)]=8, board[(2, 2)]=8, 
[debug] board state:
[[ 9 14  6  4]
 [15 14 11 15]
 [13 15  8 11]
 [15 15 15 15]
 [10 15 15  1]
 [15 15 15 15]
 [15 15 15 15]
 [15  5 15 15]], 

=11 

=16 

[debug] move action_id=8, action=((0, 0), (0, 1)), 
[debug] current_player=1 (R), 
[debug] board[(0, 0)]=14, board[(0, 1)]=9, 
[debug] board state:
[[14  9  6  4]
 [15 14 11 15]
 [13 15  8 11]
 [15 15 15 15]
 [10 15 15  1]
 [15 15 15 15]
 [15 15 15 15]
 [15  5 15 15]], 

=10 

=16 

=12 c2 c2

[debug] move action_id=286, action=((6, 2), (6, 2)), 
[debug] current_player=0 (B), 
[debug] board[(6, 2)]=7, board[(6, 2)]=7, 
[debug] board state:
[[14  9  6  4]
 [15 14 11 15]
 [13 15  8 11]
 [15 15 15 15]
 [10 15 15  1]
 [15 15 15 15]
 [15 15  7 15]
 [15  5 15 15]], 

=11 

=16 

[debug] move action_id=20, action=((0, 1), (0, 2)), 
[debug] current_player=1 (R), 
[debug] board[(0, 1)]=14, board[(0, 2)]=9, 
[debug] board state:
[[14 14  9  4]
 [15 14 11 15]
 [13 15  8 11]
 [15 15 15 15]
 [10 15 15  1]
 [15 15 15 15]
 [15 15  7 15]
 [15  5 15 15]], 

=10 

=16 

=12 d2 d2

[debug] move action_id=297, action=((6, 3), (6, 3)), 
[debug] current_player=0 (B), 
[debug] board[(6, 3)]=13, board[(6, 3)]=13, 
[debug] board state:
[[14 14  9  4]
 [15 14 11 15]
 [13 15  8 11]
 [15 15 15 15]
 [10 15 15  1]
 [15 15 15 15]
 [15 15  7 13]
 [15  5 15 15]], 

=11 

=16 

[debug] move action_id=31, action=((0, 2), (0, 1)), 
[debug] current_player=1 (R), 
[debug] board[(0, 2)]=14, board[(0, 1)]=9, 
[debug] board state:
[[14  9 14  4]
 [15 14 11 15]
 [13 15  8 11]
 [15 15 15 15]
 [10 15 15  1]
 [15 15 15 15]
 [15 15  7 13]
 [15  5 15 15]], 

=10 

=16 

=12 b6 b6

[debug] move action_id=99, action=((2, 1), (2, 1)), 
[debug] current_player=0 (B), 
[debug] board[(2, 1)]=12, board[(2, 1)]=12, 
[debug] board state:
[[14  9 14  4]
 [15 14 11 15]
 [13 12  8 11]
 [15 15 15 15]
 [10 15 15  1]
 [15 15 15 15]
 [15 15  7 13]
 [15  5 15 15]], 

=11 

=16 

[debug] move action_id=20, action=((0, 1), (0, 2)), 
[debug] current_player=1 (R), 
[debug] board[(0, 1)]=14, board[(0, 2)]=9, 
[debug] board state:
[[14 14  9  4]
 [15 14 11 15]
 [13 12  8 11]
 [15 15 15 15]
 [10 15 15  1]
 [15 15 15 15]
 [15 15  7 13]
 [15  5 15 15]], 

=10 

=16 

=12 a3 a3

[debug] move action_id=220, action=((5, 0), (5, 0)), 
[debug] current_player=0 (B), 
[debug] board[(5, 0)]=6, board[(5, 0)]=6, 
[debug] board state:
[[14 14  9  4]
 [15 14 11 15]
 [13 12  8 11]
 [15 15 15 15]
 [10 15 15  1]
 [ 6 15 15 15]
 [15 15  7 13]
 [15  5 15 15]], 

=11 

=16 

[debug] move action_id=31, action=((0, 2), (0, 1)), 
[debug] current_player=1 (R), 
[debug] board[(0, 2)]=14, board[(0, 1)]=9, 
[debug] board state:
[[14  9 14  4]
 [15 14 11 15]
 [13 12  8 11]
 [15 15 15 15]
 [10 15 15  1]
 [ 6 15 15 15]
 [15 15  7 13]
 [15  5 15 15]], 

=10 

=16 

=12 b2 b2

[debug] move action_id=275, action=((6, 1), (6, 1)), 
[debug] current_player=0 (B), 
[debug] board[(6, 1)]=3, board[(6, 1)]=3, 
[debug] board state:
[[14  9 14  4]
 [15 14 11 15]
 [13 12  8 11]
 [15 15 15 15]
 [10 15 15  1]
 [ 6 15 15 15]
 [15  3  7 13]
 [15  5 15 15]], 

=11 

=16 

[debug] move action_id=19, action=((0, 1), (0, 0)), 
[debug] current_player=1 (R), 
[debug] board[(0, 1)]=14, board[(0, 0)]=9, 
[debug] board state:
[[ 9 14 14  4]
 [15 14 11 15]
 [13 12  8 11]
 [15 15 15 15]
 [10 15 15  1]
 [ 6 15 15 15]
 [15  3  7 13]
 [15  5 15 15]], 

=10 

=16 

=12 c1 c1

[debug] move action_id=330, action=((7, 2), (7, 2)), 
[debug] current_player=0 (B), 
[debug] board[(7, 2)]=9, board[(7, 2)]=9, 
[debug] board state:
[[ 9 14 14  4]
 [15 14 11 15]
 [13 12  8 11]
 [15 15 15 15]
 [10 15 15  1]
 [ 6 15 15 15]
 [15  3  7 13]
 [15  5  9 15]], 

=11 

=16 

[debug] move action_id=23, action=((1, 2), (0, 2)), 
[debug] current_player=1 (R), 
[debug] board[(1, 2)]=14, board[(0, 2)]=11, 
[debug] board state:
[[ 9 14 11  4]
 [15 14 14 15]
 [13 12  8 11]
 [15 15 15 15]
 [10 15 15  1]
 [ 6 15 15 15]
 [15  3  7 13]
 [15  5  9 15]], 

=10 

=16 

=12 a2 a2

[debug] move action_id=264, action=((6, 0), (6, 0)), 
[debug] current_player=0 (B), 
[debug] board[(6, 0)]=13, board[(6, 0)]=13, 
[debug] board state:
[[ 9 14 11  4]
 [15 14 14 15]
 [13 12  8 11]
 [15 15 15 15]
 [10 15 15  1]
 [ 6 15 15 15]
 [13  3  7 13]
 [15  5  9 15]], 

=11 

=16 

[debug] move action_id=32, action=((0, 2), (0, 3)), 
[debug] current_player=1 (R), 
[debug] board[(0, 2)]=14, board[(0, 3)]=11, 
[debug] board state:
[[ 9 14 14 11]
 [15 14 14 15]
 [13 12  8 11]
 [15 15 15 15]
 [10 15 15  1]
 [ 6 15 15 15]
 [13  3  7 13]
 [15  5  9 15]], 

=10 

=16 

=12 d5 d5

[debug] move action_id=165, action=((3, 3), (3, 3)), 
[debug] current_player=0 (B), 
[debug] board[(3, 3)]=2, board[(3, 3)]=2, 
[debug] board state:
[[ 9 14 14 11]
 [15 14 14 15]
 [13 12  8 11]
 [15 15 15  2]
 [10 15 15  1]
 [ 6 15 15 15]
 [13  3  7 13]
 [15  5  9 15]], 

=11 

=16 

[debug] move action_id=8, action=((0, 0), (0, 1)), 
[debug] current_player=1 (R), 
[debug] board[(0, 0)]=14, board[(0, 1)]=9, 
[debug] board state:
[[14  9 14 11]
 [15 14 14 15]
 [13 12  8 11]
 [15 15 15  2]
 [10 15 15  1]
 [ 6 15 15 15]
 [13  3  7 13]
 [15  5  9 15]], 

=10 

=16 

=12 c3 c3

[debug] move action_id=242, action=((5, 2), (5, 2)), 
[debug] current_player=0 (B), 
[debug] board[(5, 2)]=6, board[(5, 2)]=6, 
[debug] board state:
[[14  9 14 11]
 [15 14 14 15]
 [13 12  8 11]
 [15 15 15  2]
 [10 15 15  1]
 [ 6 15  6 15]
 [13  3  7 13]
 [15  5  9 15]], 

=11 

=16 

[debug] move action_id=19, action=((0, 1), (0, 0)), 
[debug] current_player=1 (R), 
[debug] board[(0, 1)]=14, board[(0, 0)]=9, 
[debug] board state:
[[ 9 14 14 11]
 [15 14 14 15]
 [13 12  8 11]
 [15 15 15  2]
 [10 15 15  1]
 [ 6 15  6 15]
 [13  3  7 13]
 [15  5  9 15]], 

=10 

=16 

=12 d7 d7

[debug] move action_id=77, action=((1, 3), (1, 3)), 
[debug] current_player=0 (B), 
[debug] board[(1, 3)]=13, board[(1, 3)]=13, 
[debug] board state:
[[ 9 14 14 11]
 [15 14 14 13]
 [13 12  8 11]
 [15 15 15  2]
 [10 15 15  1]
 [ 6 15  6 15]
 [13  3  7 13]
 [15  5  9 15]], 

=11 

=16 

[debug] move action_id=8, action=((0, 0), (0, 1)), 
[debug] current_player=1 (R), 
[debug] board[(0, 0)]=14, board[(0, 1)]=9, 
[debug] board state:
[[14  9 14 11]
 [15 14 14 13]
 [13 12  8 11]
 [15 15 15  2]
 [10 15 15  1]
 [ 6 15  6 15]
 [13  3  7 13]
 [15  5  9 15]], 

=10 

=16 

=12 d5 d6

[debug] move action_id=124, action=((3, 3), (2, 3)), 
[debug] current_player=0 (B), 
[debug] board[(3, 3)]=14, board[(2, 3)]=2, 
[debug] board state:
[[14  9 14 11]
 [15 14 14 13]
 [13 12  8  2]
 [15 15 15 14]
 [10 15 15  1]
 [ 6 15  6 15]
 [13  3  7 13]
 [15  5  9 15]], 

=10 

=16 

[debug] move action_id=19, action=((0, 1), (0, 0)), 
[debug] current_player=1 (R), 
[debug] board[(0, 1)]=14, board[(0, 0)]=9, 
[debug] board state:
[[ 9 14 14 11]
 [15 14 14 13]
 [13 12  8  2]
 [15 15 15 14]
 [10 15 15  1]
 [ 6 15  6 15]
 [13  3  7 13]
 [15  5  9 15]], 

=10 

=16 

=12 d4 d5

[debug] move action_id=169, action=((4, 3), (3, 3)), 
[debug] current_player=0 (B), 
[debug] board[(4, 3)]=14, board[(3, 3)]=1, 
[debug] board state:
[[ 9 14 14 11]
 [15 14 14 13]
 [13 12  8  2]
 [15 15 15  1]
 [10 15 15 14]
 [ 6 15  6 15]
 [13  3  7 13]
 [15  5  9 15]], 

=10 

=16 

[debug] move action_id=8, action=((0, 0), (0, 1)), 
[debug] current_player=1 (R), 
[debug] board[(0, 0)]=14, board[(0, 1)]=9, 
[debug] board state:
[[14  9 14 11]
 [15 14 14 13]
 [13 12  8  2]
 [15 15 15  1]
 [10 15 15 14]
 [ 6 15  6 15]
 [13  3  7 13]
 [15  5  9 15]], 

=10 

=16 

=12 d6 d7

[debug] move action_id=79, action=((2, 3), (1, 3)), 
[debug] current_player=0 (B), 
[debug] board[(2, 3)]=14, board[(1, 3)]=2, 
[debug] board state:
[[14  9 14 11]
 [15 14 14  2]
 [13 12  8 14]
 [15 15 15  1]
 [10 15 15 14]
 [ 6 15  6 15]
 [13  3  7 13]
 [15  5  9 15]], 

=10 

=16 

[debug] move action_id=20, action=((0, 1), (0, 2)), 
[debug] current_player=1 (R), 
[debug] board[(0, 1)]=14, board[(0, 2)]=9, 
[debug] board state:
[[14 14  9 11]
 [15 14 14  2]
 [13 12  8 14]
 [15 15 15  1]
 [10 15 15 14]
 [ 6 15  6 15]
 [13  3  7 13]
 [15  5  9 15]], 

=10 

=16 

=12 d7 c7

[debug] move action_id=87, action=((1, 3), (1, 2)), 
[debug] current_player=0 (B), 
[debug] board[(1, 3)]=14, board[(1, 2)]=2, 
[debug] board state:
[[14 14  9 11]
 [15 14  2 14]
 [13 12  8 14]
 [15 15 15  1]
 [10 15 15 14]
 [ 6 15  6 15]
 [13  3  7 13]
 [15  5  9 15]], 

=10 

=16 

[debug] move action_id=31, action=((0, 2), (0, 1)), 
[debug] current_player=1 (R), 
[debug] board[(0, 2)]=14, board[(0, 1)]=9, 
[debug] board state:
[[14  9 14 11]
 [15 14  2 14]
 [13 12  8 14]
 [15 15 15  1]
 [10 15 15 14]
 [ 6 15  6 15]
 [13  3  7 13]
 [15  5  9 15]], 

=10 

=16 

=12 c7 d7

[debug] move action_id=76, action=((1, 2), (1, 3)), 
[debug] current_player=0 (B), 
[debug] board[(1, 2)]=14, board[(1, 3)]=2, 
[debug] board state:
[[14  9 14 11]
 [15 14 14  2]
 [13 12  8 14]
 [15 15 15  1]
 [10 15 15 14]
 [ 6 15  6 15]
 [13  3  7 13]
 [15  5  9 15]], 

=10 

=16 

[debug] move action_id=19, action=((0, 1), (0, 0)), 
[debug] current_player=1 (R), 
[debug] board[(0, 1)]=14, board[(0, 0)]=9, 
[debug] board state:
[[ 9 14 14 11]
 [15 14 14  2]
 [13 12  8 14]
 [15 15 15  1]
 [10 15 15 14]
 [ 6 15  6 15]
 [13  3  7 13]
 [15  5  9 15]], 

=10 

=16 

=12 d7 c7

[debug] move action_id=87, action=((1, 3), (1, 2)), 
[debug] current_player=0 (B), 
[debug] board[(1, 3)]=14, board[(1, 2)]=2, 
[debug] board state:
[[ 9 14 14 11]
 [15 14  2 14]
 [13 12  8 14]
 [15 15 15  1]
 [10 15 15 14]
 [ 6 15  6 15]
 [13  3  7 13]
 [15  5  9 15]], 

=10 

=16 

[debug] move action_id=8, action=((0, 0), (0, 1)), 
[debug] current_player=1 (R), 
[debug] board[(0, 0)]=14, board[(0, 1)]=9, 
[debug] board state:
[[14  9 14 11]
 [15 14  2 14]
 [13 12  8 14]
 [15 15 15  1]
 [10 15 15 14]
 [ 6 15  6 15]
 [13  3  7 13]
 [15  5  9 15]], 

=10 

=16 

=12 d5 d6

[debug] move action_id=124, action=((3, 3), (2, 3)), 
[debug] current_player=0 (B), 
[debug] board[(3, 3)]=14, board[(2, 3)]=1, 
[debug] board state:
[[14  9 14 11]
 [15 14  2 14]
 [13 12  8  1]
 [15 15 15 14]
 [10 15 15 14]
 [ 6 15  6 15]
 [13  3  7 13]
 [15  5  9 15]], 

=10 

=16 

[debug] move action_id=20, action=((0, 1), (0, 2)), 
[debug] current_player=1 (R), 
[debug] board[(0, 1)]=14, board[(0, 2)]=9, 
[debug] board state:
[[14 14  9 11]
 [15 14  2 14]
 [13 12  8  1]
 [15 15 15 14]
 [10 15 15 14]
 [ 6 15  6 15]
 [13  3  7 13]
 [15  5  9 15]], 

=10 

=16 

=12 d6 d7

[debug] move action_id=79, action=((2, 3), (1, 3)), 
[debug] current_player=0 (B), 
[debug] board[(2, 3)]=14, board[(1, 3)]=1, 
[debug] board state:
[[14 14  9 11]
 [15 14  2  1]
 [13 12  8 14]
 [15 15 15 14]
 [10 15 15 14]
 [ 6 15  6 15]
 [13  3  7 13]
 [15  5  9 15]], 

=10 

=16 

[debug] move action_id=31, action=((0, 2), (0, 1)), 
[debug] current_player=1 (R), 
[debug] board[(0, 2)]=14, board[(0, 1)]=9, 
[debug] board state:
[[14  9 14 11]
 [15 14  2  1]
 [13 12  8 14]
 [15 15 15 14]
 [10 15 15 14]
 [ 6 15  6 15]
 [13  3  7 13]
 [15  5  9 15]], 

=10 

=16 

=12 d7 d6

[debug] move action_id=123, action=((1, 3), (2, 3)), 
[debug] current_player=0 (B), 
[debug] board[(1, 3)]=14, board[(2, 3)]=1, 
[debug] board state:
[[14  9 14 11]
 [15 14  2 14]
 [13 12  8  1]
 [15 15 15 14]
 [10 15 15 14]
 [ 6 15  6 15]
 [13  3  7 13]
 [15  5  9 15]], 

=10 

=16 

[debug] move action_id=19, action=((0, 1), (0, 0)), 
[debug] current_player=1 (R), 
[debug] board[(0, 1)]=14, board[(0, 0)]=9, 
[debug] board state:
[[ 9 14 14 11]
 [15 14  2 14]
 [13 12  8  1]
 [15 15 15 14]
 [10 15 15 14]
 [ 6 15  6 15]
 [13  3  7 13]
 [15  5  9 15]], 

=10 

=16 

=12 d6 d7

[debug] move action_id=79, action=((2, 3), (1, 3)), 
[debug] current_player=0 (B), 
[debug] board[(2, 3)]=14, board[(1, 3)]=1, 
[debug] board state:
[[ 9 14 14 11]
 [15 14  2  1]
 [13 12  8 14]
 [15 15 15 14]
 [10 15 15 14]
 [ 6 15  6 15]
 [13  3  7 13]
 [15  5  9 15]], 

=10 

=16 

[debug] move action_id=8, action=((0, 0), (0, 1)), 
[debug] current_player=1 (R), 
[debug] board[(0, 0)]=14, board[(0, 1)]=9, 
[debug] board state:
[[14  9 14 11]
 [15 14  2  1]
 [13 12  8 14]
 [15 15 15 14]
 [10 15 15 14]
 [ 6 15  6 15]
 [13  3  7 13]
 [15  5  9 15]], 

=10 

=16 

=12 d7 d6

[debug] move action_id=123, action=((1, 3), (2, 3)), 
[debug] current_player=0 (B), 
[debug] board[(1, 3)]=14, board[(2, 3)]=1, 
[debug] board state:
[[14  9 14 11]
 [15 14  2 14]
 [13 12  8  1]
 [15 15 15 14]
 [10 15 15 14]
 [ 6 15  6 15]
 [13  3  7 13]
 [15  5  9 15]], 

=10 

=16 

[debug] move action_id=56, action=((0, 1), (1, 1)), 
[debug] current_player=1 (R), 
[debug] board[(0, 1)]=14, board[(1, 1)]=9, 
[debug] board state:
[[14 14 14 11]
 [15  9  2 14]
 [13 12  8  1]
 [15 15 15 14]
 [10 15 15 14]
 [ 6 15  6 15]
 [13  3  7 13]
 [15  5  9 15]], 

=10 

=16 

=12 d6 d7

[debug] move action_id=79, action=((2, 3), (1, 3)), 
[debug] current_player=0 (B), 
[debug] board[(2, 3)]=14, board[(1, 3)]=1, 
[debug] board state:
[[14 14 14 11]
 [15  9  2  1]
 [13 12  8 14]
 [15 15 15 14]
 [10 15 15 14]
 [ 6 15  6 15]
 [13  3  7 13]
 [15  5  9 15]], 

=10 

=16 

[debug] move action_id=12, action=((1, 1), (0, 1)), 
[debug] current_player=1 (R), 
[debug] board[(1, 1)]=14, board[(0, 1)]=9, 
[debug] board state:
[[14  9 14 11]
 [15 14  2  1]
 [13 12  8 14]
 [15 15 15 14]
 [10 15 15 14]
 [ 6 15  6 15]
 [13  3  7 13]
 [15  5  9 15]], 

=10 

=16 

=12 d7 d6

[debug] move action_id=123, action=((1, 3), (2, 3)), 
[debug] current_player=0 (B), 
[debug] board[(1, 3)]=14, board[(2, 3)]=1, 
[debug] board state:
[[14  9 14 11]
 [15 14  2 14]
 [13 12  8  1]
 [15 15 15 14]
 [10 15 15 14]
 [ 6 15  6 15]
 [13  3  7 13]
 [15  5  9 15]], 

=10 

=16 

[debug] move action_id=19, action=((0, 1), (0, 0)), 
[debug] current_player=1 (R), 
[debug] board[(0, 1)]=14, board[(0, 0)]=9, 
[debug] board state:
[[ 9 14 14 11]
 [15 14  2 14]
 [13 12  8  1]
 [15 15 15 14]
 [10 15 15 14]
 [ 6 15  6 15]
 [13  3  7 13]
 [15  5  9 15]], 

=10 

=16 

=12 d6 d7

[debug] move action_id=79, action=((2, 3), (1, 3)), 
[debug] current_player=0 (B), 
[debug] board[(2, 3)]=14, board[(1, 3)]=1, 
[debug] board state:
[[ 9 14 14 11]
 [15 14  2  1]
 [13 12  8 14]
 [15 15 15 14]
 [10 15 15 14]
 [ 6 15  6 15]
 [13  3  7 13]
 [15  5  9 15]], 

=10 

=16 

[debug] move action_id=8, action=((0, 0), (0, 1)), 
[debug] current_player=1 (R), 
[debug] board[(0, 0)]=14, board[(0, 1)]=9, 
[debug] board state:
[[14  9 14 11]
 [15 14  2  1]
 [13 12  8 14]
 [15 15 15 14]
 [10 15 15 14]
 [ 6 15  6 15]
 [13  3  7 13]
 [15  5  9 15]], 

=10 

=16 

=12 d7 d6

[debug] move action_id=123, action=((1, 3), (2, 3)), 
[debug] current_player=0 (B), 
[debug] board[(1, 3)]=14, board[(2, 3)]=1, 
[debug] board state:
[[14  9 14 11]
 [15 14  2 14]
 [13 12  8  1]
 [15 15 15 14]
 [10 15 15 14]
 [ 6 15  6 15]
 [13  3  7 13]
 [15  5  9 15]], 

=10 

=16 

[debug] move action_id=43, action=((0, 3), (0, 2)), 
[debug] current_player=1 (R), 
[debug] board[(0, 3)]=14, board[(0, 2)]=11, 
[debug] board state:
[[14  9 11 14]
 [15 14  2 14]
 [13 12  8  1]
 [15 15 15 14]
 [10 15 15 14]
 [ 6 15  6 15]
 [13  3  7 13]
 [15  5  9 15]], 

=10 

=16 

=12 c7 d7

[debug] move action_id=76, action=((1, 2), (1, 3)), 
[debug] current_player=0 (B), 
[debug] board[(1, 2)]=14, board[(1, 3)]=2, 
[debug] board state:
[[14  9 11 14]
 [15 14 14  2]
 [13 12  8  1]
 [15 15 15 14]
 [10 15 15 14]
 [ 6 15  6 15]
 [13  3  7 13]
 [15  5  9 15]], 

=10 

=16 

[debug] move action_id=57, action=((2, 1), (1, 1)), 
[debug] current_player=1 (R), 
[debug] board[(2, 1)]=14, board[(1, 1)]=12, 
[debug] board state:
[[14  9 11 14]
 [15 12 14  2]
 [13 14  8  1]
 [15 15 15 14]
 [10 15 15 14]
 [ 6 15  6 15]
 [13  3  7 13]
 [15  5  9 15]], 

=10 

=16 

=12 d7 c7

[debug] move action_id=87, action=((1, 3), (1, 2)), 
[debug] current_player=0 (B), 
[debug] board[(1, 3)]=14, board[(1, 2)]=2, 
[debug] board state:
[[14  9 11 14]
 [15 12  2 14]
 [13 14  8  1]
 [15 15 15 14]
 [10 15 15 14]
 [ 6 15  6 15]
 [13  3  7 13]
 [15  5  9 15]], 

=10 

=16 

[debug] move action_id=19, action=((0, 1), (0, 0)), 
[debug] current_player=1 (R), 
[debug] board[(0, 1)]=14, board[(0, 0)]=9, 
[debug] board state:
[[ 9 14 11 14]
 [15 12  2 14]
 [13 14  8  1]
 [15 15 15 14]
 [10 15 15 14]
 [ 6 15  6 15]
 [13  3  7 13]
 [15  5  9 15]], 

=10 

=16 

=12 d6 d7

[debug] move action_id=79, action=((2, 3), (1, 3)), 
[debug] current_player=0 (B), 
[debug] board[(2, 3)]=14, board[(1, 3)]=1, 
[debug] board state:
[[ 9 14 11 14]
 [15 12  2  1]
 [13 14  8 14]
 [15 15 15 14]
 [10 15 15 14]
 [ 6 15  6 15]
 [13  3  7 13]
 [15  5  9 15]], 

=10 

=16 

[debug] move action_id=8, action=((0, 0), (0, 1)), 
[debug] current_player=1 (R), 
[debug] board[(0, 0)]=14, board[(0, 1)]=9, 
[debug] board state:
[[14  9 11 14]
 [15 12  2  1]
 [13 14  8 14]
 [15 15 15 14]
 [10 15 15 14]
 [ 6 15  6 15]
 [13  3  7 13]
 [15  5  9 15]], 

=10 

=16 

=12 d7 d8

[debug] move action_id=34, action=((1, 3), (0, 3)), 
[debug] current_player=0 (B), 
[debug] board[(1, 3)]=14, board[(0, 3)]=1, 
[debug] board state:
[[14  9 11  1]
 [15 12  2 14]
 [13 14  8 14]
 [15 15 15 14]
 [10 15 15 14]
 [ 6 15  6 15]
 [13  3  7 13]
 [15  5  9 15]], 

=10 

=16 

[debug] move action_id=19, action=((0, 1), (0, 0)), 
[debug] current_player=1 (R), 
[debug] board[(0, 1)]=14, board[(0, 0)]=9, 
[debug] board state:
[[ 9 14 11  1]
 [15 12  2 14]
 [13 14  8 14]
 [15 15 15 14]
 [10 15 15 14]
 [ 6 15  6 15]
 [13  3  7 13]
 [15  5  9 15]], 

=10 

=16 

=12 c7 d7

[debug] move action_id=76, action=((1, 2), (1, 3)), 
[debug] current_player=0 (B), 
[debug] board[(1, 2)]=14, board[(1, 3)]=2, 
[debug] board state:
[[ 9 14 11  1]
 [15 12 14  2]
 [13 14  8 14]
 [15 15 15 14]
 [10 15 15 14]
 [ 6 15  6 15]
 [13  3  7 13]
 [15  5  9 15]], 

=10 

=16 

[debug] move action_id=12, action=((1, 1), (0, 1)), 
[debug] current_player=1 (R), 
[debug] board[(1, 1)]=14, board[(0, 1)]=12, 
[debug] board state:
[[ 9 12 11  1]
 [15 14 14  2]
 [13 14  8 14]
 [15 15 15 14]
 [10 15 15 14]
 [ 6 15  6 15]
 [13  3  7 13]
 [15  5  9 15]], 

=10 

=16 

=12 d7 c7

[debug] move action_id=87, action=((1, 3), (1, 2)), 
[debug] current_player=0 (B), 
[debug] board[(1, 3)]=14, board[(1, 2)]=2, 
[debug] board state:
[[ 9 12 11  1]
 [15 14  2 14]
 [13 14  8 14]
 [15 15 15 14]
 [10 15 15 14]
 [ 6 15  6 15]
 [13  3  7 13]
 [15  5  9 15]], 

=10 

=16 

[debug] move action_id=21, action=((0, 1), (0, 3)), 
[debug] current_player=1 (R), 
[debug] board[(0, 1)]=14, board[(0, 3)]=12, 
[debug] board state:
[[ 9 14 11 12]
 [15 14  2 14]
 [13 14  8 14]
 [15 15 15 14]
 [10 15 15 14]
 [ 6 15  6 15]
 [13  3  7 13]
 [15  5  9 15]], 

=10 

=16 

=12 c7 d7

[debug] move action_id=76, action=((1, 2), (1, 3)), 
[debug] current_player=0 (B), 
[debug] board[(1, 2)]=14, board[(1, 3)]=2, 
[debug] board state:
[[ 9 14 11 12]
 [15 14 14  2]
 [13 14  8 14]
 [15 15 15 14]
 [10 15 15 14]
 [ 6 15  6 15]
 [13  3  7 13]
 [15  5  9 15]], 

=10 

=16 

[debug] move action_id=8, action=((0, 0), (0, 1)), 
[debug] current_player=1 (R), 
[debug] board[(0, 0)]=14, board[(0, 1)]=9, 
[debug] board state:
[[14  9 11 12]
 [15 14 14  2]
 [13 14  8 14]
 [15 15 15 14]
 [10 15 15 14]
 [ 6 15  6 15]
 [13  3  7 13]
 [15  5  9 15]], 

=10 

=16 

=12 d7 c7

[debug] move action_id=87, action=((1, 3), (1, 2)), 
[debug] current_player=0 (B), 
[debug] board[(1, 3)]=14, board[(1, 2)]=2, 
[debug] board state:
[[14  9 11 12]
 [15 14  2 14]
 [13 14  8 14]
 [15 15 15 14]
 [10 15 15 14]
 [ 6 15  6 15]
 [13  3  7 13]
 [15  5  9 15]], 

=10 

=16 

[debug] move action_id=44, action=((1, 0), (1, 0)), 
[debug] current_player=1 (R), 
[debug] board[(1, 0)]=8, board[(1, 0)]=8, 
[debug] board state:
[[14  9 11 12]
 [ 8 14  2 14]
 [13 14  8 14]
 [15 15 15 14]
 [10 15 15 14]
 [ 6 15  6 15]
 [13  3  7 13]
 [15  5  9 15]], 

=11 

=16 

=12 c7 d7

[debug] move action_id=76, action=((1, 2), (1, 3)), 
[debug] current_player=0 (B), 
[debug] board[(1, 2)]=14, board[(1, 3)]=2, 
[debug] board state:
[[14  9 11 12]
 [ 8 14 14  2]
 [13 14  8 14]
 [15 15 15 14]
 [10 15 15 14]
 [ 6 15  6 15]
 [13  3  7 13]
 [15  5  9 15]], 

=10 

=16 

[debug] move action_id=52, action=((1, 0), (1, 1)), 
[debug] current_player=1 (R), 
[debug] board[(1, 0)]=14, board[(1, 1)]=8, 
[debug] board state:
[[14  9 11 12]
 [14  8 14  2]
 [13 14  8 14]
 [15 15 15 14]
 [10 15 15 14]
 [ 6 15  6 15]
 [13  3  7 13]
 [15  5  9 15]], 

=10 

=16 

=12 d7 c7

[debug] move action_id=87, action=((1, 3), (1, 2)), 
[debug] current_player=0 (B), 
[debug] board[(1, 3)]=14, board[(1, 2)]=2, 
[debug] board state:
[[14  9 11 12]
 [14  8  2 14]
 [13 14  8 14]
 [15 15 15 14]
 [10 15 15 14]
 [ 6 15  6 15]
 [13  3  7 13]
 [15  5  9 15]], 

=10 

=16 

[debug] move action_id=19, action=((0, 1), (0, 0)), 
[debug] current_player=1 (R), 
[debug] board[(0, 1)]=14, board[(0, 0)]=9, 
[debug] board state:
[[ 9 14 11 12]
 [14  8  2 14]
 [13 14  8 14]
 [15 15 15 14]
 [10 15 15 14]
 [ 6 15  6 15]
 [13  3  7 13]
 [15  5  9 15]], 

=10 

=16 

=12 c7 d7

[debug] move action_id=76, action=((1, 2), (1, 3)), 
[debug] current_player=0 (B), 
[debug] board[(1, 2)]=14, board[(1, 3)]=2, 
[debug] board state:
[[ 9 14 11 12]
 [14  8 14  2]
 [13 14  8 14]
 [15 15 15 14]
 [10 15 15 14]
 [ 6 15  6 15]
 [13  3  7 13]
 [15  5  9 15]], 

=10 

=16 

[debug] move action_id=8, action=((0, 0), (0, 1)), 
[debug] current_player=1 (R), 
[debug] board[(0, 0)]=14, board[(0, 1)]=9, 
[debug] board state:
[[14  9 11 12]
 [14  8 14  2]
 [13 14  8 14]
 [15 15 15 14]
 [10 15 15 14]
 [ 6 15  6 15]
 [13  3  7 13]
 [15  5  9 15]], 

=10 

=16 

=12 d7 c7

[debug] move action_id=87, action=((1, 3), (1, 2)), 
[debug] current_player=0 (B), 
[debug] board[(1, 3)]=14, board[(1, 2)]=2, 
[debug] board state:
[[14  9 11 12]
 [14  8  2 14]
 [13 14  8 14]
 [15 15 15 14]
 [10 15 15 14]
 [ 6 15  6 15]
 [13  3  7 13]
 [15  5  9 15]], 

=10 

=16 

[debug] move action_id=64, action=((1, 1), (1, 2)), 
[debug] current_player=1 (R), 
[debug] board[(1, 1)]=14, board[(1, 2)]=8, 
[debug] board state:
[[14  9 11 12]
 [14 14  8 14]
 [13 14  8 14]
 [15 15 15 14]
 [10 15 15 14]
 [ 6 15  6 15]
 [13  3  7 13]
 [15  5  9 15]], 

=10 

=16 

=12 d1 d1

[debug] move action_id=341, action=((7, 3), (7, 3)), 
[debug] current_player=0 (B), 
[debug] board[(7, 3)]=2, board[(7, 3)]=2, 
[debug] board state:
[[14  9 11 12]
 [14 14  8 14]
 [13 14  8 14]
 [15 15 15 14]
 [10 15 15 14]
 [ 6 15  6 15]
 [13  3  7 13]
 [15  5  9  2]], 

=11 

=16 

[debug] move action_id=56, action=((0, 1), (1, 1)), 
[debug] current_player=1 (R), 
[debug] board[(0, 1)]=14, board[(1, 1)]=9, 
[debug] board state:
[[14 14 11 12]
 [14  9  8 14]
 [13 14  8 14]
 [15 15 15 14]
 [10 15 15 14]
 [ 6 15  6 15]
 [13  3  7 13]
 [15  5  9  2]], 

=10 

=16 

=12 d1 d2

[debug] move action_id=304, action=((7, 3), (6, 3)), 
[debug] current_player=0 (B), 
[debug] board[(7, 3)]=14, board[(6, 3)]=2, 
[debug] board state:
[[14 14 11 12]
 [14  9  8 14]
 [13 14  8 14]
 [15 15 15 14]
 [10 15 15 14]
 [ 6 15  6 15]
 [13  3  7  2]
 [15  5  9 14]], 

=10 

=16 

[debug] move action_id=12, action=((1, 1), (0, 1)), 
[debug] current_player=1 (R), 
[debug] board[(1, 1)]=14, board[(0, 1)]=9, 
[debug] board state:
[[14  9 11 12]
 [14 14  8 14]
 [13 14  8 14]
 [15 15 15 14]
 [10 15 15 14]
 [ 6 15  6 15]
 [13  3  7  2]
 [15  5  9 14]], 

=10 

=16 

=12 d2 d1

[debug] move action_id=348, action=((6, 3), (7, 3)), 
[debug] current_player=0 (B), 
[debug] board[(6, 3)]=14, board[(7, 3)]=2, 
[debug] board state:
[[14  9 11 12]
 [14 14  8 14]
 [13 14  8 14]
 [15 15 15 14]
 [10 15 15 14]
 [ 6 15  6 15]
 [13  3  7 14]
 [15  5  9  2]], 

=10 

=16 

[debug] move action_id=19, action=((0, 1), (0, 0)), 
[debug] current_player=1 (R), 
[debug] board[(0, 1)]=14, board[(0, 0)]=9, 
[debug] board state:
[[ 9 14 11 12]
 [14 14  8 14]
 [13 14  8 14]
 [15 15 15 14]
 [10 15 15 14]
 [ 6 15  6 15]
 [13  3  7 14]
 [15  5  9  2]], 

=10 

=16 

=12 d1 d2

[debug] move action_id=304, action=((7, 3), (6, 3)), 
[debug] current_player=0 (B), 
[debug] board[(7, 3)]=14, board[(6, 3)]=2, 
[debug] board state:
[[ 9 14 11 12]
 [14 14  8 14]
 [13 14  8 14]
 [15 15 15 14]
 [10 15 15 14]
 [ 6 15  6 15]
 [13  3  7  2]
 [15  5  9 14]], 

=10 

=16 

[debug] move action_id=8, action=((0, 0), (0, 1)), 
[debug] current_player=1 (R), 
[debug] board[(0, 0)]=14, board[(0, 1)]=9, 
[debug] board state:
[[14  9 11 12]
 [14 14  8 14]
 [13 14  8 14]
 [15 15 15 14]
 [10 15 15 14]
 [ 6 15  6 15]
 [13  3  7  2]
 [15  5  9 14]], 

=10 

=16 

=12 d2 d1

[debug] move action_id=348, action=((6, 3), (7, 3)), 
[debug] current_player=0 (B), 
[debug] board[(6, 3)]=14, board[(7, 3)]=2, 
[debug] board state:
[[14  9 11 12]
 [14 14  8 14]
 [13 14  8 14]
 [15 15 15 14]
 [10 15 15 14]
 [ 6 15  6 15]
 [13  3  7 14]
 [15  5  9  2]], 

=10 

=16 

[debug] move action_id=19, action=((0, 1), (0, 0)), 
[debug] current_player=1 (R), 
[debug] board[(0, 1)]=14, board[(0, 0)]=9, 
[debug] board state:
[[ 9 14 11 12]
 [14 14  8 14]
 [13 14  8 14]
 [15 15 15 14]
 [10 15 15 14]
 [ 6 15  6 15]
 [13  3  7 14]
 [15  5  9  2]], 

=10 

=16 

=12 d1 d2

[debug] move action_id=304, action=((7, 3), (6, 3)), 
[debug] current_player=0 (B), 
[debug] board[(7, 3)]=14, board[(6, 3)]=2, 
[debug] board state:
[[ 9 14 11 12]
 [14 14  8 14]
 [13 14  8 14]
 [15 15 15 14]
 [10 15 15 14]
 [ 6 15  6 15]
 [13  3  7  2]
 [15  5  9 14]], 

=10 

=16 

[debug] move action_id=8, action=((0, 0), (0, 1)), 
[debug] current_player=1 (R), 
[debug] board[(0, 0)]=14, board[(0, 1)]=9, 
[debug] board state:
[[14  9 11 12]
 [14 14  8 14]
 [13 14  8 14]
 [15 15 15 14]
 [10 15 15 14]
 [ 6 15  6 15]
 [13  3  7  2]
 [15  5  9 14]], 

=10 

=16 

=12 d2 d1

[debug] move action_id=348, action=((6, 3), (7, 3)), 
[debug] current_player=0 (B), 
[debug] board[(6, 3)]=14, board[(7, 3)]=2, 
[debug] board state:
[[14  9 11 12]
 [14 14  8 14]
 [13 14  8 14]
 [15 15 15 14]
 [10 15 15 14]
 [ 6 15  6 15]
 [13  3  7 14]
 [15  5  9  2]], 

=10 

=16 

[debug] move action_id=46, action=((2, 0), (1, 0)), 
[debug] current_player=1 (R), 
[debug] board[(2, 0)]=14, board[(1, 0)]=13, 
[debug] board state:
[[14  9 11 12]
 [13 14  8 14]
 [14 14  8 14]
 [15 15 15 14]
 [10 15 15 14]
 [ 6 15  6 15]
 [13  3  7 14]
 [15  5  9  2]], 

=10 

=16 

=12 d1 d2

[debug] move action_id=304, action=((7, 3), (6, 3)), 
[debug] current_player=0 (B), 
[debug] board[(7, 3)]=14, board[(6, 3)]=2, 
[debug] board state:
[[14  9 11 12]
 [13 14  8 14]
 [14 14  8 14]
 [15 15 15 14]
 [10 15 15 14]
 [ 6 15  6 15]
 [13  3  7  2]
 [15  5  9 14]], 

=10 

=16 

[debug] move action_id=1, action=((1, 0), (0, 0)), 
[debug] current_player=1 (R), 
[debug] board[(1, 0)]=14, board[(0, 0)]=13, 
[debug] board state:
[[13  9 11 12]
 [14 14  8 14]
 [14 14  8 14]
 [15 15 15 14]
 [10 15 15 14]
 [ 6 15  6 15]
 [13  3  7  2]
 [15  5  9 14]], 

=10 

=16 

=12 b4 b4

[debug] move action_id=187, action=((4, 1), (4, 1)), 
[debug] current_player=0 (B), 
[debug] board[(4, 1)]=12, board[(4, 1)]=12, 
[debug] board state:
[[13  9 11 12]
 [14 14  8 14]
 [14 14  8 14]
 [15 15 15 14]
 [10 12 15 14]
 [ 6 15  6 15]
 [13  3  7  2]
 [15  5  9 14]], 

=11 

=16 

[debug] move action_id=45, action=((0, 0), (1, 0)), 
[debug] current_player=1 (R), 
[debug] board[(0, 0)]=14, board[(1, 0)]=13, 
[debug] board state:
[[14  9 11 12]
 [13 14  8 14]
 [14 14  8 14]
 [15 15 15 14]
 [10 12 15 14]
 [ 6 15  6 15]
 [13  3  7  2]
 [15  5  9 14]], 

=10 

=16 

=12 c4 c4

[debug] move action_id=198, action=((4, 2), (4, 2)), 
[debug] current_player=0 (B), 
[debug] board[(4, 2)]=6, board[(4, 2)]=6, 
[debug] board state:
[[14  9 11 12]
 [13 14  8 14]
 [14 14  8 14]
 [15 15 15 14]
 [10 12  6 14]
 [ 6 15  6 15]
 [13  3  7  2]
 [15  5  9 14]], 

=11 

=16 

[debug] move action_id=1, action=((1, 0), (0, 0)), 
[debug] current_player=1 (R), 
[debug] board[(1, 0)]=14, board[(0, 0)]=13, 
[debug] board state:
[[13  9 11 12]
 [14 14  8 14]
 [14 14  8 14]
 [15 15 15 14]
 [10 12  6 14]
 [ 6 15  6 15]
 [13  3  7  2]
 [15  5  9 14]], 

=10 

=16 

=12 a1 a1

[debug] move action_id=308, action=((7, 0), (7, 0)), 
[debug] current_player=0 (B), 
[debug] board[(7, 0)]=5, board[(7, 0)]=5, 
[debug] board state:
[[13  9 11 12]
 [14 14  8 14]
 [14 14  8 14]
 [15 15 15 14]
 [10 12  6 14]
 [ 6 15  6 15]
 [13  3  7  2]
 [ 5  5  9 14]], 

=11 

=16 

[debug] move action_id=45, action=((0, 0), (1, 0)), 
[debug] current_player=1 (R), 
[debug] board[(0, 0)]=14, board[(1, 0)]=13, 
[debug] board state:
[[14  9 11 12]
 [13 14  8 14]
 [14 14  8 14]
 [15 15 15 14]
 [10 12  6 14]
 [ 6 15  6 15]
 [13  3  7  2]
 [ 5  5  9 14]], 

=10 

=16 

=12 d2 d1

[debug] move action_id=348, action=((6, 3), (7, 3)), 
[debug] current_player=0 (B), 
[debug] board[(6, 3)]=14, board[(7, 3)]=2, 
[debug] board state:
[[14  9 11 12]
 [13 14  8 14]
 [14 14  8 14]
 [15 15 15 14]
 [10 12  6 14]
 [ 6 15  6 15]
 [13  3  7 14]
 [ 5  5  9  2]], 

=10 

=16 

[debug] move action_id=1, action=((1, 0), (0, 0)), 
[debug] current_player=1 (R), 
[debug] board[(1, 0)]=14, board[(0, 0)]=13, 
[debug] board state:
[[13  9 11 12]
 [14 14  8 14]
 [14 14  8 14]
 [15 15 15 14]
 [10 12  6 14]
 [ 6 15  6 15]
 [13  3  7 14]
 [ 5  5  9  2]], 

=10 

=16 

=12 d1 d2

[debug] move action_id=304, action=((7, 3), (6, 3)), 
[debug] current_player=0 (B), 
[debug] board[(7, 3)]=14, board[(6, 3)]=2, 
[debug] board state:
[[13  9 11 12]
 [14 14  8 14]
 [14 14  8 14]
 [15 15 15 14]
 [10 12  6 14]
 [ 6 15  6 15]
 [13  3  7  2]
 [ 5  5  9 14]], 

=10 

=16 

[debug] move action_id=45, action=((0, 0), (1, 0)), 
[debug] current_player=1 (R), 
[debug] board[(0, 0)]=14, board[(1, 0)]=13, 
[debug] board state:
[[14  9 11 12]
 [13 14  8 14]
 [14 14  8 14]
 [15 15 15 14]
 [10 12  6 14]
 [ 6 15  6 15]
 [13  3  7  2]
 [ 5  5  9 14]], 

=10 

=16 

=12 d2 d1

[debug] move action_id=348, action=((6, 3), (7, 3)), 
[debug] current_player=0 (B), 
[debug] board[(6, 3)]=14, board[(7, 3)]=2, 
[debug] board state:
[[14  9 11 12]
 [13 14  8 14]
 [14 14  8 14]
 [15 15 15 14]
 [10 12  6 14]
 [ 6 15  6 15]
 [13  3  7 14]
 [ 5  5  9  2]], 

=10 

=16 

[debug] move action_id=19, action=((0, 1), (0, 0)), 
[debug] current_player=1 (R), 
[debug] board[(0, 1)]=14, board[(0, 0)]=9, 
[debug] board state:
[[ 9 14 11 12]
 [13 14  8 14]
 [14 14  8 14]
 [15 15 15 14]
 [10 12  6 14]
 [ 6 15  6 15]
 [13  3  7 14]
 [ 5  5  9  2]], 

=10 

=16 

=12 d1 d2

[debug] move action_id=304, action=((7, 3), (6, 3)), 
[debug] current_player=0 (B), 
[debug] board[(7, 3)]=14, board[(6, 3)]=2, 
[debug] board state:
[[ 9 14 11 12]
 [13 14  8 14]
 [14 14  8 14]
 [15 15 15 14]
 [10 12  6 14]
 [ 6 15  6 15]
 [13  3  7  2]
 [ 5  5  9 14]], 

=10 

=16 

[debug] move action_id=31, action=((0, 2), (0, 1)), 
[debug] current_player=1 (R), 
[debug] board[(0, 2)]=14, board[(0, 1)]=11, 
[debug] board state:
[[ 9 11 14 12]
 [13 14  8 14]
 [14 14  8 14]
 [15 15 15 14]
 [10 12  6 14]
 [ 6 15  6 15]
 [13  3  7  2]
 [ 5  5  9 14]], 

=10 

=16 

=12 d2 d1

[debug] move action_id=348, action=((6, 3), (7, 3)), 
[debug] current_player=0 (B), 
