INITIAL
* 10:51am Feb 25, 2026
* a0_random vs a1_alphazero
* 1 2 2 2 2 2 5 1 2 2 2 2 2 5
* X X X X
* X X X X
* X X X X
* X X X X
* X X X X
* X X X X
* X X X X
* X X X X
* first 1
* time 900
* 1. a8(n) b8(k)
* 2. c3(p) c8(G)
* 3. a4(c) d8(P)
* 4. d6(G) a7(N)
* 5. a2(C) a7-a8
* 6. a3(M) a8-a7
* 7. b8-a8 c8-b8
* 8. c6(M) b8-c8
* 9. b4(C) c8-b8
* 10. a4-a2 b8-c8
* 11. b5(g) c8-b8
* 12. b3(R) b8-c8
* 13. d7(n) c8-b8
* 14. a8-a7 b8-a8
* 15. a7-a8 d8-c8
* 16. b5-b4 c8-b8
* 17. d5(p) b8-a8
* 18. b4-b5 a8-b8
* 19. d4(c) b8-a8
* 20. c4(N) a8-b8
* 21. a5(P) b8-a8
* 22. b7(R) a8-b8
* 23. a6(p) b8-a8
* 24. d3(P) a8-b8
* 25. b6(m) b8-a8
* 26. c3-d3 a8-b8
* 27. b5-a5 b8-a8
* 28. d1(p) a8-b8
* 29. d3-c3 b8-a8
* 30. a5-b5 a8-b8
* 31. b5-a5 b8-a8
* 32. a1(P) a8-b8
* 33. c3-d3 b8-a8
* 34. a6-a7 a8-b8
* 35. a7-a6 b8-a8
* 36. b6-b5 a8-b8
* 37. d4-d6 b8-a8
* 38. c2(K) a8-b8
* 39. a6-b6 b8-a8
* 40. c1(P) a8-b8
* 41. d1-c1 b8-a8
* 42. d3-d4 a8-b8
* 43. b5-b4 b8-a8
* 44. a5-a6 a8-b8
* 45. a6-a5 b8-a8
* 46. a5-b5 a8-b8
* 47. c1-c2 b8-a8
* 48. d7-d8 a8-b8
* 49. d2(m) b8-a8
* 50. d2-d3 a8-b8
* 51. b4-a4 b8-a8
* 52. c2-c1 a8-b8
* 53. c1-d1 b8-a8
* 54. b2(p) a8-b8
* 55. a4-a5 b8-a8
* 56. b2-c2 a8-b8
* 57. d3-c3 b8-a8
* 58. c3-c4 a8-b8
* 59. d4-d3 b8-a8
* 60. a5-a6 a8-b8
* 61. c2-c1 b8-a8
* 62. b5-b4 a8-b8
* 63. c5(g) b8-a8
* 64. b1(r) a8-b8
* 65. c4-c3 b8-a8
* 66. b4-a4 a8-b8
* 67. d8-c8 b8-a8
* 68. c1-c2 a8-b8
* 69. d1-d2 b8-a8
* 70. c7(r) a8-b8
* 71. d6-d7 b8-a8
* 72. b6-b5 a8-b8
* 73. d3-d4 b8-a8
* 74. c3-b3 a8-b8
* 75. b3-b4 b8-a8
* 76. c2-c3 a8-b8
* 77. b1-c1 b8-a8
* 78. c3-d3 a8-b8
* 79. b4-b3 b8-a8
* 80. c8-b8 b7-b8
* 81. b3-a3 b8-c8
* 82. a2-b2 a8-b8
* 83. d5-d6 b8-a8
* 84. b2-b1 a8-b8
* 85. c5-c6 b8-a8
* 86. b5-b6 a8-b8
* 87. c7-b7 b8-a8
* 88. d3-c3 a8-b8
* 89. d4-c4 b8-a8
* 90. a3-a2 a8-b8
* 91. d2-d1 b8-a8
* 92. c6-c7 a8-b8
* 93. a4-b4 b8-a8
* 94. c4-d4 a8-b8
* 95. b4-b5 b8-a8
* 96. c7-c6 a8-b8
* 97. c3-c2 b8-a8
* 98. d4-c4 a8-b8
* 99. c6-c7 b8-a8
* 100. c2-d2 a8-b8
* 101. a6-a7 b8-a8
* 102. b6-c6 a8-b8
* 103. a2-a1 b8-a8
* 104. d2-c2 a8-b8
* 105. b7-b6 b8-a8
* 106. b5-c5 a8-b8
* 107. c5-b5 b8-a8
* 108. c6-c5 a8-b8
* 109. c5-d5 b8-a8
* 110. c7-b7 a8-b8
* 111. b5-a5 b8-a8
* 112. b1-b2 a8-b8
* 113. d6-c6 b8-a8
* 114. d5-d6 a8-b8
* 115. b2-b3 b8-a8
* 116. d7-d8 a8-b8
* 117. c1-b1 b8-a8
* 118. c6-c5 a8-b8
* 119. b3-c3 b8-a8
* 120. d8-d7 a8-b8
* 121. b1-b2 b8-a8
* 122. b2-b1 a8-b8
* 123. d7-d8 b8-a8
* 124. b1-c1 a8-b8
* 125. c4-b4 b8-a8
* 126. b7-b8 c8-d8
* 127. c5-d5 d8-c8
* 128. a7-a8 c8-d8
* 129. b4-b3 d8-c8
* 130. a5-a6 c8-d8
* 131. d6-d7 d8-c8
* 132. b3-b4 c8-d8
* 133. b8-b7 d8-c8
* 134. a8-a7 c8-b8
* 135. b7-c7 b8-a8
* 136. b4-a4 a8-b8
* 137. c3-d3 b8-a8
* 138. a4-a5 a8-b8
* 139. d3-d2 b8-a8
* 140. a7-b7 a8-b8
* 141. b7-b8
* NoMove a0_random Wins 1.000000,0.000000
* Comment 0 0
0. 1771987869021
1. 1771987869021
2. 1771987869517
3. 1771987869662
4. 1771987870068
5. 1771987870214
6. 1771987870620
7. 1771987870765
8. 1771987871171
9. 1771987871316
10. 1771987871723
11. 1771987871867
12. 1771987872224
13. 1771987872368
14. 1771987872726
15. 1771987872869
16. 1771987873227
17. 1771987873370
18. 1771987873729
19. 1771987873871
20. 1771987874230
21. 1771987874372
22. 1771987874732
23. 1771987874874
24. 1771987875233
25. 1771987875374
26. 1771987875735
27. 1771987875925
28. 1771987876286
29. 1771987876476
30. 1771987876838
31. 1771987877027
32. 1771987877389
33. 1771987877578
34. 1771987877941
35. 1771987878129
36. 1771987878491
37. 1771987878680
38. 1771987879042
39. 1771987879232
40. 1771987879593
41. 1771987879783
42. 1771987880145
43. 1771987880334
44. 1771987880696
45. 1771987880885
46. 1771987881247
47. 1771987881437
48. 1771987881848
49. 1771987882037
50. 1771987882449
51. 1771987882638
52. 1771987883000
53. 1771987883190
54. 1771987883552
55. 1771987883740
56. 1771987884103
57. 1771987884291
58. 1771987884654
59. 1771987884843
60. 1771987885206
61. 1771987885393
62. 1771987885757
63. 1771987885944
64. 1771987886309
65. 1771987886495
66. 1771987886860
67. 1771987887046
68. 1771987887411
69. 1771987887597
70. 1771987887962
71. 1771987888148
72. 1771987888514
73. 1771987888700
74. 1771987889065
75. 1771987889251
76. 1771987889616
77. 1771987889801
78. 1771987890168
79. 1771987890353
80. 1771987890719
81. 1771987890904
82. 1771987891270
83. 1771987891455
84. 1771987891821
85. 1771987892006
86. 1771987892374
87. 1771987892557
88. 1771987892924
89. 1771987893108
90. 1771987893475
91. 1771987893659
92. 1771987894026
93. 1771987894210
94. 1771987894577
95. 1771987894761
96. 1771987895128
97. 1771987895313
98. 1771987895680
99. 1771987895863
100. 1771987896230
101. 1771987896414
102. 1771987896781
103. 1771987896965
104. 1771987897333
105. 1771987897517
106. 1771987897884
107. 1771987898068
108. 1771987898436
109. 1771987898620
110. 1771987898987
111. 1771987899170
112. 1771987899540
113. 1771987899722
114. 1771987900090
115. 1771987900273
116. 1771987900641
117. 1771987900824
118. 1771987901192
119. 1771987901375
120. 1771987901743
121. 1771987901926
122. 1771987902295
123. 1771987902477
124. 1771987902846
125. 1771987903028
126. 1771987903397
127. 1771987903579
128. 1771987903948
129. 1771987904130
130. 1771987904499
131. 1771987904681
132. 1771987905050
133. 1771987905232
134. 1771987905602
135. 1771987905783
136. 1771987906153
137. 1771987906334
138. 1771987906705
139. 1771987906886
140. 1771987907255
141. 1771987907436
142. 1771987907806
143. 1771987907987
144. 1771987908357
145. 1771987908538
146. 1771987908908
147. 1771987909090
148. 1771987909459
149. 1771987909641
150. 1771987910010
151. 1771987910192
152. 1771987910562
153. 1771987910743
154. 1771987911113
155. 1771987911294
156. 1771987911663
157. 1771987911846
158. 1771987912214
159. 1771987912396
160. 1771987912765
161. 1771987912947
162. 1771987913316
163. 1771987913498
164. 1771987913868
165. 1771987914050
166. 1771987914419
167. 1771987914600
168. 1771987914970
169. 1771987915151
170. 1771987915521
171. 1771987915702
172. 1771987916072
173. 1771987916254
174. 1771987916624
175. 1771987916805
176. 1771987917176
177. 1771987917357
178. 1771987917726
179. 1771987917908
180. 1771987918277
181. 1771987918458
182. 1771987918828
183. 1771987919009
184. 1771987919379
185. 1771987919560
186. 1771987919930
187. 1771987920111
188. 1771987920481
189. 1771987920663
190. 1771987921032
191. 1771987921214
192. 1771987921585
193. 1771987921765
194. 1771987922136
195. 1771987922316
196. 1771987922687
197. 1771987922867
198. 1771987923238
199. 1771987923418
200. 1771987923789
201. 1771987923969
202. 1771987924340
203. 1771987924520
204. 1771987924892
205. 1771987925071
206. 1771987925443
207. 1771987925622
208. 1771987925994
209. 1771987926174
210. 1771987926545
211. 1771987926725
212. 1771987927097
213. 1771987927275
214. 1771987927649
215. 1771987927827
216. 1771987928199
217. 1771987928378
218. 1771987928750
219. 1771987928929
220. 1771987929301
221. 1771987929481
222. 1771987929853
223. 1771987930032
224. 1771987930404
225. 1771987930582
226. 1771987930957
227. 1771987931133
228. 1771987931507
229. 1771987931685
230. 1771987932058
231. 1771987932235
232. 1771987932609
233. 1771987932786
234. 1771987933160
235. 1771987933338
236. 1771987933712
237. 1771987933888
238. 1771987934263
239. 1771987934439
240. 1771987934814
241. 1771987934990
242. 1771987935365
243. 1771987935541
244. 1771987935916
245. 1771987936093
246. 1771987936467
247. 1771987936643
248. 1771987937018
249. 1771987937194
250. 1771987937569
251. 1771987937745
252. 1771987938121
253. 1771987938296
254. 1771987938671
255. 1771987938847
256. 1771987939222
257. 1771987939398
258. 1771987939773
259. 1771987939949
260. 1771987940324
261. 1771987940501
262. 1771987940875
263. 1771987941052
264. 1771987941426
265. 1771987941603
266. 1771987941977
267. 1771987942154
268. 1771987942528
269. 1771987942705
270. 1771987943080
271. 1771987943256
272. 1771987943631
273. 1771987943807
274. 1771987944182
275. 1771987944358
276. 1771987944735
277. 1771987944909
278. 1771987945285
279. 1771987945460
280. 1771987945836
281. 1771987946011

# 10 27 29 63 65 99 101 135 137 171 173 207 209 243 245 279 281 315 317 351 353 387 389 423 425 459 461 495 497 531 533 567 569 603 605 639 641 675 677 711 713 747 749 783 785 819 821 855 857 891 893 927 929 963 965 999 1001 1035 1037 1071 1073 1107 1109 1143 1145 1179 1181 1215 1217 1251 1253 1287 1289 1323 1325 1359 1361 1395 1397 1431 1433 1467 1469 1503 1505 1539 1541 1575 1577 1611 1613 1647 1649 1683 1685 1719 1721 1755 1757 1791 1793 1827 1829 1863 1865 1899 1901 1935 1937 1971 1973 2007 2009 2043 2045 2079 2081 2115 2117 2151 2153 2187 2189 2223 2225 2259 2261 2295 2297 2331 2333 2367 2369 2403 2405 2439 2441 2475 2477 2511 2513 2547 2549 2583 2585 2619 2621 2655 2657 2691 2693 2727 2729 2763 2765 2799 2801 2835 2837 2871 2873 2907 2909 2943 2945 2979 2981 3015 3017 3051 3053 3087 3089 3123 3125 3159 3161 3195 3197 3231 3233 3267 3269 3303 3305 3339 3341 3375 3377 3411 3413 3447 3449 3483 3485 3519 3521 3555 3557 3591 3593 3627 3629 3663 3665 3699 3701 3735 3737 3771 3773 3807 3809 3843 3845 3879 3881 3915 3917 3951 3953 3987 3989 4023 4025 4059 4061 4095 4097 4131 4133 4167 4169 4203 4205 4239 4241 4275 4277 4311 4313 4347 4349 4383 4385 4419 4421 4455 4457 4491 4493 4527 4529 4563 4565 4599 4601 4635 4637 4671 4673 4707 4709 4743 4745 4779 4781 4815 4817 4851 4853 4887 4889 4923 4925 4959 4961 4995 4997 5031 5033 #
LightZero MGTP Interface Ready
=1 LightZero_DarkChess

=2 1.0.0

=7 

=15 

=14 

[debug] move action_id=0, action=((0, 0), (0, 0)), 
[debug] current_player=1 (R), 
[debug] board[(0, 0)]=11, board[(0, 0)]=11, 
[debug] board state:
[[11 15 15 15]
 [15 15 15 15]
 [15 15 15 15]
 [15 15 15 15]
 [15 15 15 15]
 [15 15 15 15]
 [15 15 15 15]
 [15 15 15 15]], 

=11 

=16 

=12 b8 b8

[debug] move action_id=11, action=((0, 1), (0, 1)), 
[debug] current_player=0 (B), 
[debug] board[(0, 1)]=7, board[(0, 1)]=7, 
[debug] board state:
[[11  7 15 15]
 [15 15 15 15]
 [15 15 15 15]
 [15 15 15 15]
 [15 15 15 15]
 [15 15 15 15]
 [15 15 15 15]
 [15 15 15 15]], 

=11 

=16 

[debug] move action_id=242, action=((5, 2), (5, 2)), 
[debug] current_player=1 (R), 
[debug] board[(5, 2)]=13, board[(5, 2)]=13, 
[debug] board state:
[[11  7 15 15]
 [15 15 15 15]
 [15 15 15 15]
 [15 15 15 15]
 [15 15 15 15]
 [15 15 13 15]
 [15 15 15 15]
 [15 15 15 15]], 

=11 

=16 

=12 c8 c8

[debug] move action_id=22, action=((0, 2), (0, 2)), 
[debug] current_player=0 (B), 
[debug] board[(0, 2)]=1, board[(0, 2)]=1, 
[debug] board state:
[[11  7  1 15]
 [15 15 15 15]
 [15 15 15 15]
 [15 15 15 15]
 [15 15 15 15]
 [15 15 13 15]
 [15 15 15 15]
 [15 15 15 15]], 

=11 

=16 

[debug] move action_id=176, action=((4, 0), (4, 0)), 
[debug] current_player=1 (R), 
[debug] board[(4, 0)]=12, board[(4, 0)]=12, 
[debug] board state:
[[11  7  1 15]
 [15 15 15 15]
 [15 15 15 15]
 [15 15 15 15]
 [12 15 15 15]
 [15 15 13 15]
 [15 15 15 15]
 [15 15 15 15]], 

=11 

=16 

=12 d8 d8

[debug] move action_id=33, action=((0, 3), (0, 3)), 
[debug] current_player=0 (B), 
[debug] board[(0, 3)]=6, board[(0, 3)]=6, 
[debug] board state:
[[11  7  1  6]
 [15 15 15 15]
 [15 15 15 15]
 [15 15 15 15]
 [12 15 15 15]
 [15 15 13 15]
 [15 15 15 15]
 [15 15 15 15]], 

=11 

=16 

[debug] move action_id=121, action=((2, 3), (2, 3)), 
[debug] current_player=1 (R), 
[debug] board[(2, 3)]=1, board[(2, 3)]=1, 
[debug] board state:
[[11  7  1  6]
 [15 15 15 15]
 [15 15 15  1]
 [15 15 15 15]
 [12 15 15 15]
 [15 15 13 15]
 [15 15 15 15]
 [15 15 15 15]], 

=11 

=16 

=12 a7 a7

[debug] move action_id=44, action=((1, 0), (1, 0)), 
[debug] current_player=0 (B), 
[debug] board[(1, 0)]=4, board[(1, 0)]=4, 
[debug] board state:
[[11  7  1  6]
 [ 4 15 15 15]
 [15 15 15  1]
 [15 15 15 15]
 [12 15 15 15]
 [15 15 13 15]
 [15 15 15 15]
 [15 15 15 15]], 

=11 

=16 

[debug] move action_id=264, action=((6, 0), (6, 0)), 
[debug] current_player=1 (R), 
[debug] board[(6, 0)]=5, board[(6, 0)]=5, 
[debug] board state:
[[11  7  1  6]
 [ 4 15 15 15]
 [15 15 15  1]
 [15 15 15 15]
 [12 15 15 15]
 [15 15 13 15]
 [ 5 15 15 15]
 [15 15 15 15]], 

=11 

=16 

=12 a7 a8

[debug] move action_id=1, action=((1, 0), (0, 0)), 
[debug] current_player=0 (B), 
[debug] board[(1, 0)]=14, board[(0, 0)]=4, 
[debug] board state:
[[ 4  7  1  6]
 [14 15 15 15]
 [15 15 15  1]
 [15 15 15 15]
 [12 15 15 15]
 [15 15 13 15]
 [ 5 15 15 15]
 [15 15 15 15]], 

=10 

=16 

[debug] move action_id=220, action=((5, 0), (5, 0)), 
[debug] current_player=1 (R), 
[debug] board[(5, 0)]=2, board[(5, 0)]=2, 
[debug] board state:
[[ 4  7  1  6]
 [14 15 15 15]
 [15 15 15  1]
 [15 15 15 15]
 [12 15 15 15]
 [ 2 15 13 15]
 [ 5 15 15 15]
 [15 15 15 15]], 

=11 

=16 

=12 a8 a7

[debug] move action_id=45, action=((0, 0), (1, 0)), 
[debug] current_player=0 (B), 
[debug] board[(0, 0)]=14, board[(1, 0)]=4, 
[debug] board state:
[[14  7  1  6]
 [ 4 15 15 15]
 [15 15 15  1]
 [15 15 15 15]
 [12 15 15 15]
 [ 2 15 13 15]
 [ 5 15 15 15]
 [15 15 15 15]], 

=10 

=16 

[debug] move action_id=19, action=((0, 1), (0, 0)), 
[debug] current_player=1 (R), 
[debug] board[(0, 1)]=14, board[(0, 0)]=7, 
[debug] board state:
[[ 7 14  1  6]
 [ 4 15 15 15]
 [15 15 15  1]
 [15 15 15 15]
 [12 15 15 15]
 [ 2 15 13 15]
 [ 5 15 15 15]
 [15 15 15 15]], 

=10 

=16 

=12 c8 b8

[debug] move action_id=31, action=((0, 2), (0, 1)), 
[debug] current_player=0 (B), 
[debug] board[(0, 2)]=14, board[(0, 1)]=1, 
[debug] board state:
[[ 7  1 14  6]
 [ 4 15 15 15]
 [15 15 15  1]
 [15 15 15 15]
 [12 15 15 15]
 [ 2 15 13 15]
 [ 5 15 15 15]
 [15 15 15 15]], 

=10 

=16 

[debug] move action_id=110, action=((2, 2), (2, 2)), 
[debug] current_player=1 (R), 
[debug] board[(2, 2)]=2, board[(2, 2)]=2, 
[debug] board state:
[[ 7  1 14  6]
 [ 4 15 15 15]
 [15 15  2  1]
 [15 15 15 15]
 [12 15 15 15]
 [ 2 15 13 15]
 [ 5 15 15 15]
 [15 15 15 15]], 

=11 

=16 

=12 b8 c8

[debug] move action_id=20, action=((0, 1), (0, 2)), 
[debug] current_player=0 (B), 
[debug] board[(0, 1)]=14, board[(0, 2)]=1, 
[debug] board state:
[[ 7 14  1  6]
 [ 4 15 15 15]
 [15 15  2  1]
 [15 15 15 15]
 [12 15 15 15]
 [ 2 15 13 15]
 [ 5 15 15 15]
 [15 15 15 15]], 

=10 

=16 

[debug] move action_id=187, action=((4, 1), (4, 1)), 
[debug] current_player=1 (R), 
[debug] board[(4, 1)]=5, board[(4, 1)]=5, 
[debug] board state:
[[ 7 14  1  6]
 [ 4 15 15 15]
 [15 15  2  1]
 [15 15 15 15]
 [12  5 15 15]
 [ 2 15 13 15]
 [ 5 15 15 15]
 [15 15 15 15]], 

=11 

=16 

=12 c8 b8

[debug] move action_id=31, action=((0, 2), (0, 1)), 
[debug] current_player=0 (B), 
[debug] board[(0, 2)]=14, board[(0, 1)]=1, 
[debug] board state:
[[ 7  1 14  6]
 [ 4 15 15 15]
 [15 15  2  1]
 [15 15 15 15]
 [12  5 15 15]
 [ 2 15 13 15]
 [ 5 15 15 15]
 [15 15 15 15]], 

=10 

=16 

[debug] move action_id=269, action=((4, 0), (6, 0)), 
[debug] current_player=1 (R), 
[debug] board[(4, 0)]=14, board[(6, 0)]=12, 
[debug] board state:
[[ 7  1 14  6]
 [ 4 15 15 15]
 [15 15  2  1]
 [15 15 15 15]
 [14  5 15 15]
 [ 2 15 13 15]
 [12 15 15 15]
 [15 15 15 15]], 

=10 

=16 

=12 b8 c8

[debug] move action_id=20, action=((0, 1), (0, 2)), 
[debug] current_player=0 (B), 
[debug] board[(0, 1)]=14, board[(0, 2)]=1, 
[debug] board state:
[[ 7 14  1  6]
 [ 4 15 15 15]
 [15 15  2  1]
 [15 15 15 15]
 [14  5 15 15]
 [ 2 15 13 15]
 [12 15 15 15]
 [15 15 15 15]], 

=10 

=16 

[debug] move action_id=143, action=((3, 1), (3, 1)), 
[debug] current_player=1 (R), 
[debug] board[(3, 1)]=8, board[(3, 1)]=8, 
[debug] board state:
[[ 7 14  1  6]
 [ 4 15 15 15]
 [15 15  2  1]
 [15  8 15 15]
 [14  5 15 15]
 [ 2 15 13 15]
 [12 15 15 15]
 [15 15 15 15]], 

=11 

=16 

=12 c8 b8

[debug] move action_id=31, action=((0, 2), (0, 1)), 
[debug] current_player=0 (B), 
[debug] board[(0, 2)]=14, board[(0, 1)]=1, 
[debug] board state:
[[ 7  1 14  6]
 [ 4 15 15 15]
 [15 15  2  1]
 [15  8 15 15]
 [14  5 15 15]
 [ 2 15 13 15]
 [12 15 15 15]
 [15 15 15 15]], 

=10 

=16 

[debug] move action_id=231, action=((5, 1), (5, 1)), 
[debug] current_player=1 (R), 
[debug] board[(5, 1)]=3, board[(5, 1)]=3, 
[debug] board state:
[[ 7  1 14  6]
 [ 4 15 15 15]
 [15 15  2  1]
 [15  8 15 15]
 [14  5 15 15]
 [ 2  3 13 15]
 [12 15 15 15]
 [15 15 15 15]], 

=11 

=16 

=12 b8 c8

[debug] move action_id=20, action=((0, 1), (0, 2)), 
[debug] current_player=0 (B), 
[debug] board[(0, 1)]=14, board[(0, 2)]=1, 
[debug] board state:
[[ 7 14  1  6]
 [ 4 15 15 15]
 [15 15  2  1]
 [15  8 15 15]
 [14  5 15 15]
 [ 2  3 13 15]
 [12 15 15 15]
 [15 15 15 15]], 

=10 

=16 

[debug] move action_id=77, action=((1, 3), (1, 3)), 
[debug] current_player=1 (R), 
[debug] board[(1, 3)]=11, board[(1, 3)]=11, 
[debug] board state:
[[ 7 14  1  6]
 [ 4 15 15 11]
 [15 15  2  1]
 [15  8 15 15]
 [14  5 15 15]
 [ 2  3 13 15]
 [12 15 15 15]
 [15 15 15 15]], 

=11 

=16 

=12 c8 b8

[debug] move action_id=31, action=((0, 2), (0, 1)), 
[debug] current_player=0 (B), 
[debug] board[(0, 2)]=14, board[(0, 1)]=1, 
[debug] board state:
[[ 7  1 14  6]
 [ 4 15 15 11]
 [15 15  2  1]
 [15  8 15 15]
 [14  5 15 15]
 [ 2  3 13 15]
 [12 15 15 15]
 [15 15 15 15]], 

=10 

=16 

[debug] move action_id=45, action=((0, 0), (1, 0)), 
[debug] current_player=1 (R), 
[debug] board[(0, 0)]=14, board[(1, 0)]=7, 
[debug] board state:
[[14  1 14  6]
 [ 7 15 15 11]
 [15 15  2  1]
 [15  8 15 15]
 [14  5 15 15]
 [ 2  3 13 15]
 [12 15 15 15]
 [15 15 15 15]], 

=10 

=16 

=12 b8 a8

[debug] move action_id=19, action=((0, 1), (0, 0)), 
[debug] current_player=0 (B), 
[debug] board[(0, 1)]=14, board[(0, 0)]=1, 
[debug] board state:
[[ 1 14 14  6]
 [ 7 15 15 11]
 [15 15  2  1]
 [15  8 15 15]
 [14  5 15 15]
 [ 2  3 13 15]
 [12 15 15 15]
 [15 15 15 15]], 

=10 

=16 

[debug] move action_id=1, action=((1, 0), (0, 0)), 
[debug] current_player=1 (R), 
[debug] board[(1, 0)]=14, board[(0, 0)]=7, 
[debug] board state:
[[ 7 14 14  6]
 [14 15 15 11]
 [15 15  2  1]
 [15  8 15 15]
 [14  5 15 15]
 [ 2  3 13 15]
 [12 15 15 15]
 [15 15 15 15]], 

=10 

=16 

=12 d8 c8

[debug] move action_id=43, action=((0, 3), (0, 2)), 
[debug] current_player=0 (B), 
[debug] board[(0, 3)]=14, board[(0, 2)]=6, 
[debug] board state:
[[ 7 14  6 14]
 [14 15 15 11]
 [15 15  2  1]
 [15  8 15 15]
 [14  5 15 15]
 [ 2  3 13 15]
 [12 15 15 15]
 [15 15 15 15]], 

=10 

=16 

[debug] move action_id=191, action=((3, 1), (4, 1)), 
[debug] current_player=1 (R), 
[debug] board[(3, 1)]=14, board[(4, 1)]=8, 
[debug] board state:
[[ 7 14  6 14]
 [14 15 15 11]
 [15 15  2  1]
 [15 14 15 15]
 [14  8 15 15]
 [ 2  3 13 15]
 [12 15 15 15]
 [15 15 15 15]], 

=10 

=16 

=12 c8 b8

[debug] move action_id=31, action=((0, 2), (0, 1)), 
[debug] current_player=0 (B), 
[debug] board[(0, 2)]=14, board[(0, 1)]=6, 
[debug] board state:
[[ 7  6 14 14]
 [14 15 15 11]
 [15 15  2  1]
 [15 14 15 15]
 [14  8 15 15]
 [ 2  3 13 15]
 [12 15 15 15]
 [15 15 15 15]], 

=10 

=16 

[debug] move action_id=165, action=((3, 3), (3, 3)), 
[debug] current_player=1 (R), 
[debug] board[(3, 3)]=13, board[(3, 3)]=13, 
[debug] board state:
[[ 7  6 14 14]
 [14 15 15 11]
 [15 15  2  1]
 [15 14 15 13]
 [14  8 15 15]
 [ 2  3 13 15]
 [12 15 15 15]
 [15 15 15 15]], 

=11 

=16 

=12 b8 a8

[debug] move action_id=19, action=((0, 1), (0, 0)), 
[debug] current_player=0 (B), 
[debug] board[(0, 1)]=14, board[(0, 0)]=6, 
[debug] board state:
[[ 6 14 14 14]
 [14 15 15 11]
 [15 15  2  1]
 [15 14 15 13]
 [14  8 15 15]
 [ 2  3 13 15]
 [12 15 15 15]
 [15 15 15 15]], 

=10 

=16 

[debug] move action_id=147, action=((4, 1), (3, 1)), 
[debug] current_player=1 (R), 
[debug] board[(4, 1)]=14, board[(3, 1)]=8, 
[debug] board state:
[[ 6 14 14 14]
 [14 15 15 11]
 [15 15  2  1]
 [15  8 15 13]
 [14 14 15 15]
 [ 2  3 13 15]
 [12 15 15 15]
 [15 15 15 15]], 

=10 

=16 

=12 a8 b8

[debug] move action_id=8, action=((0, 0), (0, 1)), 
[debug] current_player=0 (B), 
[debug] board[(0, 0)]=14, board[(0, 1)]=6, 
[debug] board state:
[[14  6 14 14]
 [14 15 15 11]
 [15 15  2  1]
 [15  8 15 13]
 [14 14 15 15]
 [ 2  3 13 15]
 [12 15 15 15]
 [15 15 15 15]], 

=10 

=16 

[debug] move action_id=209, action=((4, 3), (4, 3)), 
[debug] current_player=1 (R), 
[debug] board[(4, 3)]=12, board[(4, 3)]=12, 
[debug] board state:
[[14  6 14 14]
 [14 15 15 11]
 [15 15  2  1]
 [15  8 15 13]
 [14 14 15 12]
 [ 2  3 13 15]
 [12 15 15 15]
 [15 15 15 15]], 

=11 

=16 

=12 b8 a8

[debug] move action_id=19, action=((0, 1), (0, 0)), 
[debug] current_player=0 (B), 
[debug] board[(0, 1)]=14, board[(0, 0)]=6, 
[debug] board state:
[[ 6 14 14 14]
 [14 15 15 11]
 [15 15  2  1]
 [15  8 15 13]
 [14 14 15 12]
 [ 2  3 13 15]
 [12 15 15 15]
 [15 15 15 15]], 

=10 

=16 

[debug] move action_id=198, action=((4, 2), (4, 2)), 
[debug] current_player=1 (R), 
[debug] board[(4, 2)]=4, board[(4, 2)]=4, 
[debug] board state:
[[ 6 14 14 14]
 [14 15 15 11]
 [15 15  2  1]
 [15  8 15 13]
 [14 14  4 12]
 [ 2  3 13 15]
 [12 15 15 15]
 [15 15 15 15]], 

=11 

=16 

=12 a8 b8

[debug] move action_id=8, action=((0, 0), (0, 1)), 
[debug] current_player=0 (B), 
[debug] board[(0, 0)]=14, board[(0, 1)]=6, 
[debug] board state:
[[14  6 14 14]
 [14 15 15 11]
 [15 15  2  1]
 [15  8 15 13]
 [14 14  4 12]
 [ 2  3 13 15]
 [12 15 15 15]
 [15 15 15 15]], 

=10 

=16 

[debug] move action_id=132, action=((3, 0), (3, 0)), 
[debug] current_player=1 (R), 
[debug] board[(3, 0)]=6, board[(3, 0)]=6, 
[debug] board state:
[[14  6 14 14]
 [14 15 15 11]
 [15 15  2  1]
 [ 6  8 15 13]
 [14 14  4 12]
 [ 2  3 13 15]
 [12 15 15 15]
 [15 15 15 15]], 

=11 

=16 

=12 b8 a8

[debug] move action_id=19, action=((0, 1), (0, 0)), 
[debug] current_player=0 (B), 
[debug] board[(0, 1)]=14, board[(0, 0)]=6, 
[debug] board state:
[[ 6 14 14 14]
 [14 15 15 11]
 [15 15  2  1]
 [ 6  8 15 13]
 [14 14  4 12]
 [ 2  3 13 15]
 [12 15 15 15]
 [15 15 15 15]], 

=10 

=16 

[debug] move action_id=55, action=((1, 1), (1, 1)), 
[debug] current_player=1 (R), 
[debug] board[(1, 1)]=3, board[(1, 1)]=3, 
[debug] board state:
[[ 6 14 14 14]
 [14  3 15 11]
 [15 15  2  1]
 [ 6  8 15 13]
 [14 14  4 12]
 [ 2  3 13 15]
 [12 15 15 15]
 [15 15 15 15]], 

=11 

=16 

=12 a8 b8

[debug] move action_id=8, action=((0, 0), (0, 1)), 
[debug] current_player=0 (B), 
[debug] board[(0, 0)]=14, board[(0, 1)]=6, 
[debug] board state:
[[14  6 14 14]
 [14  3 15 11]
 [15 15  2  1]
 [ 6  8 15 13]
 [14 14  4 12]
 [ 2  3 13 15]
 [12 15 15 15]
 [15 15 15 15]], 

=10 

=16 

[debug] move action_id=88, action=((2, 0), (2, 0)), 
[debug] current_player=1 (R), 
[debug] board[(2, 0)]=13, board[(2, 0)]=13, 
[debug] board state:
[[14  6 14 14]
 [14  3 15 11]
 [13 15  2  1]
 [ 6  8 15 13]
 [14 14  4 12]
 [ 2  3 13 15]
 [12 15 15 15]
 [15 15 15 15]], 

=11 

=16 

=12 b8 a8

[debug] move action_id=19, action=((0, 1), (0, 0)), 
[debug] current_player=0 (B), 
[debug] board[(0, 1)]=14, board[(0, 0)]=6, 
[debug] board state:
[[ 6 14 14 14]
 [14  3 15 11]
 [13 15  2  1]
 [ 6  8 15 13]
 [14 14  4 12]
 [ 2  3 13 15]
 [12 15 15 15]
 [15 15 15 15]], 

=10 

=16 

[debug] move action_id=253, action=((5, 3), (5, 3)), 
[debug] current_player=1 (R), 
[debug] board[(5, 3)]=6, board[(5, 3)]=6, 
[debug] board state:
[[ 6 14 14 14]
 [14  3 15 11]
 [13 15  2  1]
 [ 6  8 15 13]
 [14 14  4 12]
 [ 2  3 13  6]
 [12 15 15 15]
 [15 15 15 15]], 

=11 

=16 

=12 a8 b8

[debug] move action_id=8, action=((0, 0), (0, 1)), 
[debug] current_player=0 (B), 
[debug] board[(0, 0)]=14, board[(0, 1)]=6, 
[debug] board state:
[[14  6 14 14]
 [14  3 15 11]
 [13 15  2  1]
 [ 6  8 15 13]
 [14 14  4 12]
 [ 2  3 13  6]
 [12 15 15 15]
 [15 15 15 15]], 

=10 

=16 

[debug] move action_id=99, action=((2, 1), (2, 1)), 
[debug] current_player=1 (R), 
[debug] board[(2, 1)]=9, board[(2, 1)]=9, 
[debug] board state:
[[14  6 14 14]
 [14  3 15 11]
 [13  9  2  1]
 [ 6  8 15 13]
 [14 14  4 12]
 [ 2  3 13  6]
 [12 15 15 15]
 [15 15 15 15]], 

=11 

=16 

=12 b8 a8

[debug] move action_id=19, action=((0, 1), (0, 0)), 
[debug] current_player=0 (B), 
[debug] board[(0, 1)]=14, board[(0, 0)]=6, 
[debug] board state:
[[ 6 14 14 14]
 [14  3 15 11]
 [13  9  2  1]
 [ 6  8 15 13]
 [14 14  4 12]
 [ 2  3 13  6]
 [12 15 15 15]
 [15 15 15 15]], 

=10 

=16 

[debug] move action_id=252, action=((5, 2), (5, 3)), 
[debug] current_player=1 (R), 
[debug] board[(5, 2)]=14, board[(5, 3)]=13, 
[debug] board state:
[[ 6 14 14 14]
 [14  3 15 11]
 [13  9  2  1]
 [ 6  8 15 13]
 [14 14  4 12]
 [ 2  3 14 13]
 [12 15 15 15]
 [15 15 15 15]], 

=10 

=16 

=12 a8 b8

[debug] move action_id=8, action=((0, 0), (0, 1)), 
[debug] current_player=0 (B), 
[debug] board[(0, 0)]=14, board[(0, 1)]=6, 
[debug] board state:
[[14  6 14 14]
 [14  3 15 11]
 [13  9  2  1]
 [ 6  8 15 13]
 [14 14  4 12]
 [ 2  3 14 13]
 [12 15 15 15]
 [15 15 15 15]], 

=10 

=16 

[debug] move action_id=151, action=((3, 1), (3, 0)), 
[debug] current_player=1 (R), 
[debug] board[(3, 1)]=14, board[(3, 0)]=8, 
[debug] board state:
[[14  6 14 14]
 [14  3 15 11]
 [13  9  2  1]
 [ 8 14 15 13]
 [14 14  4 12]
 [ 2  3 14 13]
 [12 15 15 15]
 [15 15 15 15]], 

=10 

=16 

=12 b8 a8

[debug] move action_id=19, action=((0, 1), (0, 0)), 
[debug] current_player=0 (B), 
[debug] board[(0, 1)]=14, board[(0, 0)]=6, 
[debug] board state:
[[ 6 14 14 14]
 [14  3 15 11]
 [13  9  2  1]
 [ 8 14 15 13]
 [14 14  4 12]
 [ 2  3 14 13]
 [12 15 15 15]
 [15 15 15 15]], 

=10 

=16 

[debug] move action_id=341, action=((7, 3), (7, 3)), 
[debug] current_player=1 (R), 
[debug] board[(7, 3)]=13, board[(7, 3)]=13, 
[debug] board state:
[[ 6 14 14 14]
 [14  3 15 11]
 [13  9  2  1]
 [ 8 14 15 13]
 [14 14  4 12]
 [ 2  3 14 13]
 [12 15 15 15]
 [15 15 15 13]], 

=11 

=16 

=12 a8 b8

[debug] move action_id=8, action=((0, 0), (0, 1)), 
[debug] current_player=0 (B), 
[debug] board[(0, 0)]=14, board[(0, 1)]=6, 
[debug] board state:
[[14  6 14 14]
 [14  3 15 11]
 [13  9  2  1]
 [ 8 14 15 13]
 [14 14  4 12]
 [ 2  3 14 13]
 [12 15 15 15]
 [15 15 15 13]], 

=10 

=16 

[debug] move action_id=263, action=((5, 3), (5, 2)), 
[debug] current_player=1 (R), 
[debug] board[(5, 3)]=14, board[(5, 2)]=13, 
[debug] board state:
[[14  6 14 14]
 [14  3 15 11]
 [13  9  2  1]
 [ 8 14 15 13]
 [14 14  4 12]
 [ 2  3 13 14]
 [12 15 15 15]
 [15 15 15 13]], 

=10 

=16 

=12 b8 a8

[debug] move action_id=19, action=((0, 1), (0, 0)), 
[debug] current_player=0 (B), 
[debug] board[(0, 1)]=14, board[(0, 0)]=6, 
[debug] board state:
[[ 6 14 14 14]
 [14  3 15 11]
 [13  9  2  1]
 [ 8 14 15 13]
 [14 14  4 12]
 [ 2  3 13 14]
 [12 15 15 15]
 [15 15 15 13]], 

=10 

=16 

[debug] move action_id=140, action=((3, 0), (3, 1)), 
[debug] current_player=1 (R), 
[debug] board[(3, 0)]=14, board[(3, 1)]=8, 
[debug] board state:
[[ 6 14 14 14]
 [14  3 15 11]
 [13  9  2  1]
 [14  8 15 13]
 [14 14  4 12]
 [ 2  3 13 14]
 [12 15 15 15]
 [15 15 15 13]], 

=10 

=16 

=12 a8 b8

[debug] move action_id=8, action=((0, 0), (0, 1)), 
[debug] current_player=0 (B), 
[debug] board[(0, 0)]=14, board[(0, 1)]=6, 
[debug] board state:
[[14  6 14 14]
 [14  3 15 11]
 [13  9  2  1]
 [14  8 15 13]
 [14 14  4 12]
 [ 2  3 13 14]
 [12 15 15 15]
 [15 15 15 13]], 

=10 

=16 

[debug] move action_id=151, action=((3, 1), (3, 0)), 
[debug] current_player=1 (R), 
[debug] board[(3, 1)]=14, board[(3, 0)]=8, 
[debug] board state:
[[14  6 14 14]
 [14  3 15 11]
 [13  9  2  1]
 [ 8 14 15 13]
 [14 14  4 12]
 [ 2  3 13 14]
 [12 15 15 15]
 [15 15 15 13]], 

=10 

=16 

=12 b8 a8

[debug] move action_id=19, action=((0, 1), (0, 0)), 
[debug] current_player=0 (B), 
[debug] board[(0, 1)]=14, board[(0, 0)]=6, 
[debug] board state:
[[ 6 14 14 14]
 [14  3 15 11]
 [13  9  2  1]
 [ 8 14 15 13]
 [14 14  4 12]
 [ 2  3 13 14]
 [12 15 15 15]
 [15 15 15 13]], 

=10 

=16 

[debug] move action_id=308, action=((7, 0), (7, 0)), 
[debug] current_player=1 (R), 
[debug] board[(7, 0)]=6, board[(7, 0)]=6, 
[debug] board state:
[[ 6 14 14 14]
 [14  3 15 11]
 [13  9  2  1]
 [ 8 14 15 13]
 [14 14  4 12]
 [ 2  3 13 14]
 [12 15 15 15]
 [ 6 15 15 13]], 

=11 

=16 

=12 a8 b8

[debug] move action_id=8, action=((0, 0), (0, 1)), 
[debug] current_player=0 (B), 
[debug] board[(0, 0)]=14, board[(0, 1)]=6, 
[debug] board state:
[[14  6 14 14]
 [14  3 15 11]
 [13  9  2  1]
 [ 8 14 15 13]
 [14 14  4 12]
 [ 2  3 13 14]
 [12 15 15 15]
 [ 6 15 15 13]], 

=10 

=16 

[debug] move action_id=252, action=((5, 2), (5, 3)), 
[debug] current_player=1 (R), 
[debug] board[(5, 2)]=14, board[(5, 3)]=13, 
[debug] board state:
[[14  6 14 14]
 [14  3 15 11]
 [13  9  2  1]
 [ 8 14 15 13]
 [14 14  4 12]
 [ 2  3 14 13]
 [12 15 15 15]
 [ 6 15 15 13]], 

=10 

=16 

=12 b8 a8

[debug] move action_id=19, action=((0, 1), (0, 0)), 
[debug] current_player=0 (B), 
[debug] board[(0, 1)]=14, board[(0, 0)]=6, 
[debug] board state:
[[ 6 14 14 14]
 [14  3 15 11]
 [13  9  2  1]
 [ 8 14 15 13]
 [14 14  4 12]
 [ 2  3 14 13]
 [12 15 15 15]
 [ 6 15 15 13]], 

=10 

=16 

[debug] move action_id=46, action=((2, 0), (1, 0)), 
[debug] current_player=1 (R), 
[debug] board[(2, 0)]=14, board[(1, 0)]=13, 
[debug] board state:
[[ 6 14 14 14]
 [13  3 15 11]
 [14  9  2  1]
 [ 8 14 15 13]
 [14 14  4 12]
 [ 2  3 14 13]
 [12 15 15 15]
 [ 6 15 15 13]], 

=10 

=16 

=12 a8 b8

[debug] move action_id=8, action=((0, 0), (0, 1)), 
[debug] current_player=0 (B), 
[debug] board[(0, 0)]=14, board[(0, 1)]=6, 
[debug] board state:
[[14  6 14 14]
 [13  3 15 11]
 [14  9  2  1]
 [ 8 14 15 13]
 [14 14  4 12]
 [ 2  3 14 13]
 [12 15 15 15]
 [ 6 15 15 13]], 

=10 

=16 

[debug] move action_id=90, action=((1, 0), (2, 0)), 
[debug] current_player=1 (R), 
[debug] board[(1, 0)]=14, board[(2, 0)]=13, 
[debug] board state:
[[14  6 14 14]
 [14  3 15 11]
 [13  9  2  1]
 [ 8 14 15 13]
 [14 14  4 12]
 [ 2  3 14 13]
 [12 15 15 15]
 [ 6 15 15 13]], 

=10 

=16 

=12 b8 a8

[debug] move action_id=19, action=((0, 1), (0, 0)), 
[debug] current_player=0 (B), 
[debug] board[(0, 1)]=14, board[(0, 0)]=6, 
[debug] board state:
[[ 6 14 14 14]
 [14  3 15 11]
 [13  9  2  1]
 [ 8 14 15 13]
 [14 14  4 12]
 [ 2  3 14 13]
 [12 15 15 15]
 [ 6 15 15 13]], 

=10 

=16 

[debug] move action_id=146, action=((2, 1), (3, 1)), 
[debug] current_player=1 (R), 
[debug] board[(2, 1)]=14, board[(3, 1)]=9, 
[debug] board state:
[[ 6 14 14 14]
 [14  3 15 11]
 [13 14  2  1]
 [ 8  9 15 13]
 [14 14  4 12]
 [ 2  3 14 13]
 [12 15 15 15]
 [ 6 15 15 13]], 

=10 

=16 

=12 a8 b8

[debug] move action_id=8, action=((0, 0), (0, 1)), 
[debug] current_player=0 (B), 
[debug] board[(0, 0)]=14, board[(0, 1)]=6, 
[debug] board state:
[[14  6 14 14]
 [14  3 15 11]
 [13 14  2  1]
 [ 8  9 15 13]
 [14 14  4 12]
 [ 2  3 14 13]
 [12 15 15 15]
 [ 6 15 15 13]], 

=10 

=16 

[debug] move action_id=125, action=((4, 3), (2, 3)), 
[debug] current_player=1 (R), 
[debug] board[(4, 3)]=14, board[(2, 3)]=12, 
[debug] board state:
[[14  6 14 14]
 [14  3 15 11]
 [13 14  2 12]
 [ 8  9 15 13]
 [14 14  4 14]
 [ 2  3 14 13]
 [12 15 15 15]
 [ 6 15 15 13]], 

=10 

=16 

=12 b8 a8

[debug] move action_id=19, action=((0, 1), (0, 0)), 
[debug] current_player=0 (B), 
[debug] board[(0, 1)]=14, board[(0, 0)]=6, 
[debug] board state:
[[ 6 14 14 14]
 [14  3 15 11]
 [13 14  2 12]
 [ 8  9 15 13]
 [14 14  4 14]
 [ 2  3 14 13]
 [12 15 15 15]
 [ 6 15 15 13]], 

=10 

=16 

[debug] move action_id=286, action=((6, 2), (6, 2)), 
[debug] current_player=1 (R), 
[debug] board[(6, 2)]=0, board[(6, 2)]=0, 
[debug] board state:
[[ 6 14 14 14]
 [14  3 15 11]
 [13 14  2 12]
 [ 8  9 15 13]
 [14 14  4 14]
 [ 2  3 14 13]
 [12 15  0 15]
 [ 6 15 15 13]], 

=11 

=16 

=12 a8 b8

[debug] move action_id=8, action=((0, 0), (0, 1)), 
[debug] current_player=0 (B), 
[debug] board[(0, 0)]=14, board[(0, 1)]=6, 
[debug] board state:
[[14  6 14 14]
 [14  3 15 11]
 [13 14  2 12]
 [ 8  9 15 13]
 [14 14  4 14]
 [ 2  3 14 13]
 [12 15  0 15]
 [ 6 15 15 13]], 

=10 

=16 

[debug] move action_id=96, action=((2, 0), (2, 1)), 
[debug] current_player=1 (R), 
[debug] board[(2, 0)]=14, board[(2, 1)]=13, 
[debug] board state:
[[14  6 14 14]
 [14  3 15 11]
 [14 13  2 12]
 [ 8  9 15 13]
 [14 14  4 14]
 [ 2  3 14 13]
 [12 15  0 15]
 [ 6 15 15 13]], 

=10 

=16 

=12 b8 a8

[debug] move action_id=19, action=((0, 1), (0, 0)), 
[debug] current_player=0 (B), 
[debug] board[(0, 1)]=14, board[(0, 0)]=6, 
[debug] board state:
[[ 6 14 14 14]
 [14  3 15 11]
 [14 13  2 12]
 [ 8  9 15 13]
 [14 14  4 14]
 [ 2  3 14 13]
 [12 15  0 15]
 [ 6 15 15 13]], 

=10 

=16 

[debug] move action_id=330, action=((7, 2), (7, 2)), 
[debug] current_player=1 (R), 
[debug] board[(7, 2)]=6, board[(7, 2)]=6, 
[debug] board state:
[[ 6 14 14 14]
 [14  3 15 11]
 [14 13  2 12]
 [ 8  9 15 13]
 [14 14  4 14]
 [ 2  3 14 13]
 [12 15  0 15]
 [ 6 15  6 13]], 

=11 

=16 

=12 a8 b8

[debug] move action_id=8, action=((0, 0), (0, 1)), 
[debug] current_player=0 (B), 
[debug] board[(0, 0)]=14, board[(0, 1)]=6, 
[debug] board state:
[[14  6 14 14]
 [14  3 15 11]
 [14 13  2 12]
 [ 8  9 15 13]
 [14 14  4 14]
 [ 2  3 14 13]
 [12 15  0 15]
 [ 6 15  6 13]], 

=10 

=16 

[debug] move action_id=351, action=((7, 3), (7, 2)), 
[debug] current_player=1 (R), 
[debug] board[(7, 3)]=14, board[(7, 2)]=13, 
[debug] board state:
[[14  6 14 14]
 [14  3 15 11]
 [14 13  2 12]
 [ 8  9 15 13]
 [14 14  4 14]
 [ 2  3 14 13]
 [12 15  0 15]
 [ 6 15 13 14]], 

=10 

=16 

=12 b8 a8

[debug] move action_id=19, action=((0, 1), (0, 0)), 
[debug] current_player=0 (B), 
[debug] board[(0, 1)]=14, board[(0, 0)]=6, 
[debug] board state:
[[ 6 14 14 14]
 [14  3 15 11]
 [14 13  2 12]
 [ 8  9 15 13]
 [14 14  4 14]
 [ 2  3 14 13]
 [12 15  0 15]
 [ 6 15 13 14]], 

=10 

=16 

[debug] move action_id=214, action=((5, 3), (4, 3)), 
[debug] current_player=1 (R), 
[debug] board[(5, 3)]=14, board[(4, 3)]=13, 
[debug] board state:
[[ 6 14 14 14]
 [14  3 15 11]
 [14 13  2 12]
 [ 8  9 15 13]
 [14 14  4 13]
 [ 2  3 14 14]
 [12 15  0 15]
 [ 6 15 13 14]], 

=10 

=16 

=12 a8 b8

[debug] move action_id=8, action=((0, 0), (0, 1)), 
[debug] current_player=0 (B), 
[debug] board[(0, 0)]=14, board[(0, 1)]=6, 
[debug] board state:
[[14  6 14 14]
 [14  3 15 11]
 [14 13  2 12]
 [ 8  9 15 13]
 [14 14  4 13]
 [ 2  3 14 14]
 [12 15  0 15]
 [ 6 15 13 14]], 

=10 

=16 

[debug] move action_id=191, action=((3, 1), (4, 1)), 
[debug] current_player=1 (R), 
[debug] board[(3, 1)]=14, board[(4, 1)]=9, 
[debug] board state:
[[14  6 14 14]
 [14  3 15 11]
 [14 13  2 12]
 [ 8 14 15 13]
 [14  9  4 13]
 [ 2  3 14 14]
 [12 15  0 15]
 [ 6 15 13 14]], 

=10 

=16 

=12 b8 a8

[debug] move action_id=19, action=((0, 1), (0, 0)), 
[debug] current_player=0 (B), 
[debug] board[(0, 1)]=14, board[(0, 0)]=6, 
[debug] board state:
[[ 6 14 14 14]
 [14  3 15 11]
 [14 13  2 12]
 [ 8 14 15 13]
 [14  9  4 13]
 [ 2  3 14 14]
 [12 15  0 15]
 [ 6 15 13 14]], 

=10 

=16 

[debug] move action_id=91, action=((3, 0), (2, 0)), 
[debug] current_player=1 (R), 
[debug] board[(3, 0)]=14, board[(2, 0)]=8, 
[debug] board state:
[[ 6 14 14 14]
 [14  3 15 11]
 [ 8 13  2 12]
 [14 14 15 13]
 [14  9  4 13]
 [ 2  3 14 14]
 [12 15  0 15]
 [ 6 15 13 14]], 

=10 

=16 

=12 a8 b8

[debug] move action_id=8, action=((0, 0), (0, 1)), 
[debug] current_player=0 (B), 
[debug] board[(0, 0)]=14, board[(0, 1)]=6, 
[debug] board state:
[[14  6 14 14]
 [14  3 15 11]
 [ 8 13  2 12]
 [14 14 15 13]
 [14  9  4 13]
 [ 2  3 14 14]
 [12 15  0 15]
 [ 6 15 13 14]], 

=10 

=16 

[debug] move action_id=135, action=((2, 0), (3, 0)), 
[debug] current_player=1 (R), 
[debug] board[(2, 0)]=14, board[(3, 0)]=8, 
[debug] board state:
[[14  6 14 14]
 [14  3 15 11]
 [14 13  2 12]
 [ 8 14 15 13]
 [14  9  4 13]
 [ 2  3 14 14]
 [12 15  0 15]
 [ 6 15 13 14]], 

=10 

=16 

=12 b8 a8

[debug] move action_id=19, action=((0, 1), (0, 0)), 
[debug] current_player=0 (B), 
[debug] board[(0, 1)]=14, board[(0, 0)]=6, 
[debug] board state:
[[ 6 14 14 14]
 [14  3 15 11]
 [14 13  2 12]
 [ 8 14 15 13]
 [14  9  4 13]
 [ 2  3 14 14]
 [12 15  0 15]
 [ 6 15 13 14]], 

=10 

=16 

[debug] move action_id=140, action=((3, 0), (3, 1)), 
[debug] current_player=1 (R), 
[debug] board[(3, 0)]=14, board[(3, 1)]=8, 
[debug] board state:
[[ 6 14 14 14]
 [14  3 15 11]
 [14 13  2 12]
 [14  8 15 13]
 [14  9  4 13]
 [ 2  3 14 14]
 [12 15  0 15]
 [ 6 15 13 14]], 

=10 

=16 

=12 a8 b8

[debug] move action_id=8, action=((0, 0), (0, 1)), 
[debug] current_player=0 (B), 
[debug] board[(0, 0)]=14, board[(0, 1)]=6, 
[debug] board state:
[[14  6 14 14]
 [14  3 15 11]
 [14 13  2 12]
 [14  8 15 13]
 [14  9  4 13]
 [ 2  3 14 14]
 [12 15  0 15]
 [ 6 15 13 14]], 

=10 

=16 

[debug] move action_id=293, action=((7, 2), (6, 2)), 
[debug] current_player=1 (R), 
[debug] board[(7, 2)]=14, board[(6, 2)]=13, 
[debug] board state:
[[14  6 14 14]
 [14  3 15 11]
 [14 13  2 12]
 [14  8 15 13]
 [14  9  4 13]
 [ 2  3 14 14]
 [12 15 13 15]
 [ 6 15 14 14]], 

=10 

=16 

=12 b8 a8

[debug] move action_id=19, action=((0, 1), (0, 0)), 
[debug] current_player=0 (B), 
[debug] board[(0, 1)]=14, board[(0, 0)]=6, 
[debug] board state:
[[ 6 14 14 14]
 [14  3 15 11]
 [14 13  2 12]
 [14  8 15 13]
 [14  9  4 13]
 [ 2  3 14 14]
 [12 15 13 15]
 [ 6 15 14 14]], 

=10 

=16 

[debug] move action_id=34, action=((1, 3), (0, 3)), 
[debug] current_player=1 (R), 
[debug] board[(1, 3)]=14, board[(0, 3)]=11, 
[debug] board state:
[[ 6 14 14 11]
 [14  3 15 14]
 [14 13  2 12]
 [14  8 15 13]
 [14  9  4 13]
 [ 2  3 14 14]
 [12 15 13 15]
 [ 6 15 14 14]], 

=10 

=16 

=12 a8 b8

[debug] move action_id=8, action=((0, 0), (0, 1)), 
[debug] current_player=0 (B), 
[debug] board[(0, 0)]=14, board[(0, 1)]=6, 
[debug] board state:
[[14  6 14 11]
 [14  3 15 14]
 [14 13  2 12]
 [14  8 15 13]
 [14  9  4 13]
 [ 2  3 14 14]
 [12 15 13 15]
 [ 6 15 14 14]], 

=10 

=16 

[debug] move action_id=297, action=((6, 3), (6, 3)), 
[debug] current_player=1 (R), 
[debug] board[(6, 3)]=9, board[(6, 3)]=9, 
[debug] board state:
[[14  6 14 11]
 [14  3 15 14]
 [14 13  2 12]
 [14  8 15 13]
 [14  9  4 13]
 [ 2  3 14 14]
 [12 15 13  9]
 [ 6 15 14 14]], 

=11 

=16 

=12 b8 a8

[debug] move action_id=19, action=((0, 1), (0, 0)), 
[debug] current_player=0 (B), 
[debug] board[(0, 1)]=14, board[(0, 0)]=6, 
[debug] board state:
[[ 6 14 14 11]
 [14  3 15 14]
 [14 13  2 12]
 [14  8 15 13]
 [14  9  4 13]
 [ 2  3 14 14]
 [12 15 13  9]
 [ 6 15 14 14]], 

=10 

=16 

[debug] move action_id=259, action=((6, 3), (5, 3)), 
[debug] current_player=1 (R), 
[debug] board[(6, 3)]=14, board[(5, 3)]=9, 
[debug] board state:
[[ 6 14 14 11]
 [14  3 15 14]
 [14 13  2 12]
 [14  8 15 13]
 [14  9  4 13]
 [ 2  3 14  9]
 [12 15 13 14]
 [ 6 15 14 14]], 

=10 

=16 

=12 a8 b8

[debug] move action_id=8, action=((0, 0), (0, 1)), 
[debug] current_player=0 (B), 
[debug] board[(0, 0)]=14, board[(0, 1)]=6, 
[debug] board state:
[[14  6 14 11]
 [14  3 15 14]
 [14 13  2 12]
 [14  8 15 13]
 [14  9  4 13]
 [ 2  3 14  9]
 [12 15 13 14]
 [ 6 15 14 14]], 

=10 

=16 

[debug] move action_id=195, action=((4, 1), (4, 0)), 
[debug] current_player=1 (R), 
[debug] board[(4, 1)]=14, board[(4, 0)]=9, 
[debug] board state:
[[14  6 14 11]
 [14  3 15 14]
 [14 13  2 12]
 [14  8 15 13]
 [ 9 14  4 13]
 [ 2  3 14  9]
 [12 15 13 14]
 [ 6 15 14 14]], 

=10 

=16 

=12 b8 a8

[debug] move action_id=19, action=((0, 1), (0, 0)), 
[debug] current_player=0 (B), 
[debug] board[(0, 1)]=14, board[(0, 0)]=6, 
[debug] board state:
[[ 6 14 14 11]
 [14  3 15 14]
 [14 13  2 12]
 [14  8 15 13]
 [ 9 14  4 13]
 [ 2  3 14  9]
 [12 15 13 14]
 [ 6 15 14 14]], 

=10 

=16 

[debug] move action_id=337, action=((6, 2), (7, 2)), 
[debug] current_player=1 (R), 
[debug] board[(6, 2)]=14, board[(7, 2)]=13, 
[debug] board state:
[[ 6 14 14 11]
 [14  3 15 14]
 [14 13  2 12]
 [14  8 15 13]
 [ 9 14  4 13]
 [ 2  3 14  9]
 [12 15 14 14]
 [ 6 15 13 14]], 

=10 

=16 

=12 a8 b8

[debug] move action_id=8, action=((0, 0), (0, 1)), 
[debug] current_player=0 (B), 
[debug] board[(0, 0)]=14, board[(0, 1)]=6, 
[debug] board state:
[[14  6 14 11]
 [14  3 15 14]
 [14 13  2 12]
 [14  8 15 13]
 [ 9 14  4 13]
 [ 2  3 14  9]
 [12 15 14 14]
 [ 6 15 13 14]], 

=10 

=16 

[debug] move action_id=340, action=((7, 2), (7, 3)), 
[debug] current_player=1 (R), 
[debug] board[(7, 2)]=14, board[(7, 3)]=13, 
[debug] board state:
[[14  6 14 11]
 [14  3 15 14]
 [14 13  2 12]
 [14  8 15 13]
 [ 9 14  4 13]
 [ 2  3 14  9]
 [12 15 14 14]
 [ 6 15 14 13]], 

=10 
