INITIAL
* 10:8pm Feb 22, 2026
* a1_alphazero vs a0_mu
* 1 2 2 2 2 2 5 1 2 2 2 2 2 5
* X X X X
* X X X X
* X X X X
* X X X X
* X X X X
* X X X X
* X X X X
* X X X X
* first 1
* time 900
* 1. a8(m) b1(G)
* 2. b8(g) c7(n)
* 3. c8(P) a6(P)
* 4. b8-c8 a4(c)
* 5. a8-b8 d8(K)
* 6. b8-a8 c6(P)
* 7. a8-b8 c3(p)
* 8. b8-a8 a3(R)
* 9. a8-b8 d2(n)
* 10. b8-a8 d6(p)
* 11. a8-b8 c1(p)
* 12. b8-a8 c2(k)
* 13. a8-b8 b2(p)
* 14. b8-a8 a2(r)
* 15. a8-b8 b5(p)
* 16. b8-a8 d7(C)
* 17. a8-b8 d1(m)
* 18. b8-a8 d3(r)
* 19. a8-b8 d4(R)
* 20. b8-a8 c5(M)
* 21. a8-b8 b4(N)
* 22. b8-a8 b7(G)
* 23. a8-b8 b7-c7
* 24. b8-a8 a5(g)
* 25. a8-b8 b3(M)
* 26. b8-a8 b3-b2
* 27. a8-b8 b4-b5
* 28. b8-a8 c6-d6
* 29. a8-b8 c7-b7
* 30. b8-a8 a3-b3
* 31. a8-b8 b3-a3
* 32. b8-a8 a3-b3
* 33. a8-b8 b3-a3
* 34. b8-a8 a3-b3
* 35. a8-b8 b3-a3
* PositionRepetitionDraw,3,4 a1_alphazero Draw 0.500000,0.500000
* Comment 0 0
0. 1771769301024
1. 1771769301024
2. 1771769303217
3. 1771769303617
4. 1771769305621
5. 1771769306022
6. 1771769308025
7. 1771769308428
8. 1771769310430
9. 1771769310833
10. 1771769312835
11. 1771769313237
12. 1771769315239
13. 1771769315642
14. 1771769317642
15. 1771769318045
16. 1771769320046
17. 1771769320450
18. 1771769322450
19. 1771769322855
20. 1771769324853
21. 1771769325259
22. 1771769327258
23. 1771769327664
24. 1771769329663
25. 1771769330069
26. 1771769332068
27. 1771769332473
28. 1771769334473
29. 1771769334879
30. 1771769336928
31. 1771769337334
32. 1771769339382
33. 1771769339789
34. 1771769341786
35. 1771769342194
36. 1771769344189
37. 1771769344599
38. 1771769346642
39. 1771769347054
40. 1771769349095
41. 1771769349509
42. 1771769351600
43. 1771769352015
44. 1771769354055
45. 1771769354472
46. 1771769356509
47. 1771769356930
48. 1771769358965
49. 1771769359385
50. 1771769361420
51. 1771769361841
52. 1771769363873
53. 1771769364294
54. 1771769366327
55. 1771769366749
56. 1771769368782
57. 1771769369205
58. 1771769371237
59. 1771769371661
60. 1771769373692
61. 1771769374117
62. 1771769376147
63. 1771769376572
64. 1771769378602
65. 1771769379028
66. 1771769381007
67. 1771769381384
68. 1771769383312
69. 1771769383739
70. 1771769385668

# 10 12 46 48 82 84 118 120 154 156 190 192 226 228 262 264 298 300 334 336 370 372 406 408 442 444 478 480 514 516 550 552 586 588 622 624 658 660 694 696 730 732 766 768 802 804 838 840 874 876 910 912 946 948 982 984 1018 1020 1054 1056 1090 1092 1126 1128 1162 1164 1198 1200 1234 1236 #
LightZero MGTP Interface Ready
=1 LightZero_DarkChess

=2 1.0.0

=7 

=15 

=14 

=12 a8 a8

[debug] move action_id=0, action=((0, 0), (0, 0)), 
[debug] current_player=1 (R), 
[debug] board[(0, 0)]=9, board[(0, 0)]=9, 
[debug] board state:
[[ 9 15 15 15]
 [15 15 15 15]
 [15 15 15 15]
 [15 15 15 15]
 [15 15 15 15]
 [15 15 15 15]
 [15 15 15 15]
 [15 15 15 15]], 

=11 

=16 

[debug] move action_id=319, action=((7, 1), (7, 1)), 
[debug] current_player=0 (B), 
[debug] board[(7, 1)]=1, board[(7, 1)]=1, 
[debug] board state:
[[ 9 15 15 15]
 [15 15 15 15]
 [15 15 15 15]
 [15 15 15 15]
 [15 15 15 15]
 [15 15 15 15]
 [15 15 15 15]
 [15  1 15 15]], 

=11 

=16 

=12 b8 b8

[debug] move action_id=11, action=((0, 1), (0, 1)), 
[debug] current_player=1 (R), 
[debug] board[(0, 1)]=8, board[(0, 1)]=8, 
[debug] board state:
[[ 9  8 15 15]
 [15 15 15 15]
 [15 15 15 15]
 [15 15 15 15]
 [15 15 15 15]
 [15 15 15 15]
 [15 15 15 15]
 [15  1 15 15]], 

=11 

=16 

[debug] move action_id=66, action=((1, 2), (1, 2)), 
[debug] current_player=0 (B), 
[debug] board[(1, 2)]=11, board[(1, 2)]=11, 
[debug] board state:
[[ 9  8 15 15]
 [15 15 11 15]
 [15 15 15 15]
 [15 15 15 15]
 [15 15 15 15]
 [15 15 15 15]
 [15 15 15 15]
 [15  1 15 15]], 

=11 

=16 

=12 c8 c8

[debug] move action_id=22, action=((0, 2), (0, 2)), 
[debug] current_player=1 (R), 
[debug] board[(0, 2)]=6, board[(0, 2)]=6, 
[debug] board state:
[[ 9  8  6 15]
 [15 15 11 15]
 [15 15 15 15]
 [15 15 15 15]
 [15 15 15 15]
 [15 15 15 15]
 [15 15 15 15]
 [15  1 15 15]], 

=11 

=16 

[debug] move action_id=88, action=((2, 0), (2, 0)), 
[debug] current_player=0 (B), 
[debug] board[(2, 0)]=6, board[(2, 0)]=6, 
[debug] board state:
[[ 9  8  6 15]
 [15 15 11 15]
 [ 6 15 15 15]
 [15 15 15 15]
 [15 15 15 15]
 [15 15 15 15]
 [15 15 15 15]
 [15  1 15 15]], 

=11 

=16 

=12 b8 c8

[debug] move action_id=20, action=((0, 1), (0, 2)), 
[debug] current_player=1 (R), 
[debug] board[(0, 1)]=14, board[(0, 2)]=8, 
[debug] board state:
[[ 9 14  8 15]
 [15 15 11 15]
 [ 6 15 15 15]
 [15 15 15 15]
 [15 15 15 15]
 [15 15 15 15]
 [15 15 15 15]
 [15  1 15 15]], 

=10 

=16 

[debug] move action_id=176, action=((4, 0), (4, 0)), 
[debug] current_player=0 (B), 
[debug] board[(4, 0)]=12, board[(4, 0)]=12, 
[debug] board state:
[[ 9 14  8 15]
 [15 15 11 15]
 [ 6 15 15 15]
 [15 15 15 15]
 [12 15 15 15]
 [15 15 15 15]
 [15 15 15 15]
 [15  1 15 15]], 

=11 

=16 

=12 a8 b8

[debug] move action_id=8, action=((0, 0), (0, 1)), 
[debug] current_player=1 (R), 
[debug] board[(0, 0)]=14, board[(0, 1)]=9, 
[debug] board state:
[[14  9  8 15]
 [15 15 11 15]
 [ 6 15 15 15]
 [15 15 15 15]
 [12 15 15 15]
 [15 15 15 15]
 [15 15 15 15]
 [15  1 15 15]], 

=10 

=16 

[debug] move action_id=33, action=((0, 3), (0, 3)), 
[debug] current_player=0 (B), 
[debug] board[(0, 3)]=0, board[(0, 3)]=0, 
[debug] board state:
[[14  9  8  0]
 [15 15 11 15]
 [ 6 15 15 15]
 [15 15 15 15]
 [12 15 15 15]
 [15 15 15 15]
 [15 15 15 15]
 [15  1 15 15]], 

=11 

=16 

=12 b8 a8

[debug] move action_id=19, action=((0, 1), (0, 0)), 
[debug] current_player=1 (R), 
[debug] board[(0, 1)]=14, board[(0, 0)]=9, 
[debug] board state:
[[ 9 14  8  0]
 [15 15 11 15]
 [ 6 15 15 15]
 [15 15 15 15]
 [12 15 15 15]
 [15 15 15 15]
 [15 15 15 15]
 [15  1 15 15]], 

=10 

=16 

[debug] move action_id=110, action=((2, 2), (2, 2)), 
[debug] current_player=0 (B), 
[debug] board[(2, 2)]=6, board[(2, 2)]=6, 
[debug] board state:
[[ 9 14  8  0]
 [15 15 11 15]
 [ 6 15  6 15]
 [15 15 15 15]
 [12 15 15 15]
 [15 15 15 15]
 [15 15 15 15]
 [15  1 15 15]], 

=11 

=16 

=12 a8 b8

[debug] move action_id=8, action=((0, 0), (0, 1)), 
[debug] current_player=1 (R), 
[debug] board[(0, 0)]=14, board[(0, 1)]=9, 
[debug] board state:
[[14  9  8  0]
 [15 15 11 15]
 [ 6 15  6 15]
 [15 15 15 15]
 [12 15 15 15]
 [15 15 15 15]
 [15 15 15 15]
 [15  1 15 15]], 

=10 

=16 

[debug] move action_id=242, action=((5, 2), (5, 2)), 
[debug] current_player=0 (B), 
[debug] board[(5, 2)]=13, board[(5, 2)]=13, 
[debug] board state:
[[14  9  8  0]
 [15 15 11 15]
 [ 6 15  6 15]
 [15 15 15 15]
 [12 15 15 15]
 [15 15 13 15]
 [15 15 15 15]
 [15  1 15 15]], 

=11 

=16 

=12 b8 a8

[debug] move action_id=19, action=((0, 1), (0, 0)), 
[debug] current_player=1 (R), 
[debug] board[(0, 1)]=14, board[(0, 0)]=9, 
[debug] board state:
[[ 9 14  8  0]
 [15 15 11 15]
 [ 6 15  6 15]
 [15 15 15 15]
 [12 15 15 15]
 [15 15 13 15]
 [15 15 15 15]
 [15  1 15 15]], 

=10 

=16 

[debug] move action_id=220, action=((5, 0), (5, 0)), 
[debug] current_player=0 (B), 
[debug] board[(5, 0)]=3, board[(5, 0)]=3, 
[debug] board state:
[[ 9 14  8  0]
 [15 15 11 15]
 [ 6 15  6 15]
 [15 15 15 15]
 [12 15 15 15]
 [ 3 15 13 15]
 [15 15 15 15]
 [15  1 15 15]], 

=11 

=16 

=12 a8 b8

[debug] move action_id=8, action=((0, 0), (0, 1)), 
[debug] current_player=1 (R), 
[debug] board[(0, 0)]=14, board[(0, 1)]=9, 
[debug] board state:
[[14  9  8  0]
 [15 15 11 15]
 [ 6 15  6 15]
 [15 15 15 15]
 [12 15 15 15]
 [ 3 15 13 15]
 [15 15 15 15]
 [15  1 15 15]], 

=10 

=16 

[debug] move action_id=297, action=((6, 3), (6, 3)), 
[debug] current_player=0 (B), 
[debug] board[(6, 3)]=11, board[(6, 3)]=11, 
[debug] board state:
[[14  9  8  0]
 [15 15 11 15]
 [ 6 15  6 15]
 [15 15 15 15]
 [12 15 15 15]
 [ 3 15 13 15]
 [15 15 15 11]
 [15  1 15 15]], 

=11 

=16 

=12 b8 a8

[debug] move action_id=19, action=((0, 1), (0, 0)), 
[debug] current_player=1 (R), 
[debug] board[(0, 1)]=14, board[(0, 0)]=9, 
[debug] board state:
[[ 9 14  8  0]
 [15 15 11 15]
 [ 6 15  6 15]
 [15 15 15 15]
 [12 15 15 15]
 [ 3 15 13 15]
 [15 15 15 11]
 [15  1 15 15]], 

=10 

=16 

[debug] move action_id=121, action=((2, 3), (2, 3)), 
[debug] current_player=0 (B), 
[debug] board[(2, 3)]=13, board[(2, 3)]=13, 
[debug] board state:
[[ 9 14  8  0]
 [15 15 11 15]
 [ 6 15  6 13]
 [15 15 15 15]
 [12 15 15 15]
 [ 3 15 13 15]
 [15 15 15 11]
 [15  1 15 15]], 

=11 

=16 

=12 a8 b8

[debug] move action_id=8, action=((0, 0), (0, 1)), 
[debug] current_player=1 (R), 
[debug] board[(0, 0)]=14, board[(0, 1)]=9, 
[debug] board state:
[[14  9  8  0]
 [15 15 11 15]
 [ 6 15  6 13]
 [15 15 15 15]
 [12 15 15 15]
 [ 3 15 13 15]
 [15 15 15 11]
 [15  1 15 15]], 

=10 

=16 

[debug] move action_id=330, action=((7, 2), (7, 2)), 
[debug] current_player=0 (B), 
[debug] board[(7, 2)]=13, board[(7, 2)]=13, 
[debug] board state:
[[14  9  8  0]
 [15 15 11 15]
 [ 6 15  6 13]
 [15 15 15 15]
 [12 15 15 15]
 [ 3 15 13 15]
 [15 15 15 11]
 [15  1 13 15]], 

=11 

=16 

=12 b8 a8

[debug] move action_id=19, action=((0, 1), (0, 0)), 
[debug] current_player=1 (R), 
[debug] board[(0, 1)]=14, board[(0, 0)]=9, 
[debug] board state:
[[ 9 14  8  0]
 [15 15 11 15]
 [ 6 15  6 13]
 [15 15 15 15]
 [12 15 15 15]
 [ 3 15 13 15]
 [15 15 15 11]
 [15  1 13 15]], 

=10 

=16 

[debug] move action_id=286, action=((6, 2), (6, 2)), 
[debug] current_player=0 (B), 
[debug] board[(6, 2)]=7, board[(6, 2)]=7, 
[debug] board state:
[[ 9 14  8  0]
 [15 15 11 15]
 [ 6 15  6 13]
 [15 15 15 15]
 [12 15 15 15]
 [ 3 15 13 15]
 [15 15  7 11]
 [15  1 13 15]], 

=11 

=16 

=12 a8 b8

[debug] move action_id=8, action=((0, 0), (0, 1)), 
[debug] current_player=1 (R), 
[debug] board[(0, 0)]=14, board[(0, 1)]=9, 
[debug] board state:
[[14  9  8  0]
 [15 15 11 15]
 [ 6 15  6 13]
 [15 15 15 15]
 [12 15 15 15]
 [ 3 15 13 15]
 [15 15  7 11]
 [15  1 13 15]], 

=10 

=16 

[debug] move action_id=275, action=((6, 1), (6, 1)), 
[debug] current_player=0 (B), 
[debug] board[(6, 1)]=13, board[(6, 1)]=13, 
[debug] board state:
[[14  9  8  0]
 [15 15 11 15]
 [ 6 15  6 13]
 [15 15 15 15]
 [12 15 15 15]
 [ 3 15 13 15]
 [15 13  7 11]
 [15  1 13 15]], 

=11 

=16 

=12 b8 a8

[debug] move action_id=19, action=((0, 1), (0, 0)), 
[debug] current_player=1 (R), 
[debug] board[(0, 1)]=14, board[(0, 0)]=9, 
[debug] board state:
[[ 9 14  8  0]
 [15 15 11 15]
 [ 6 15  6 13]
 [15 15 15 15]
 [12 15 15 15]
 [ 3 15 13 15]
 [15 13  7 11]
 [15  1 13 15]], 

=10 

=16 

[debug] move action_id=264, action=((6, 0), (6, 0)), 
[debug] current_player=0 (B), 
[debug] board[(6, 0)]=10, board[(6, 0)]=10, 
[debug] board state:
[[ 9 14  8  0]
 [15 15 11 15]
 [ 6 15  6 13]
 [15 15 15 15]
 [12 15 15 15]
 [ 3 15 13 15]
 [10 13  7 11]
 [15  1 13 15]], 

=11 

=16 

=12 a8 b8

[debug] move action_id=8, action=((0, 0), (0, 1)), 
[debug] current_player=1 (R), 
[debug] board[(0, 0)]=14, board[(0, 1)]=9, 
[debug] board state:
[[14  9  8  0]
 [15 15 11 15]
 [ 6 15  6 13]
 [15 15 15 15]
 [12 15 15 15]
 [ 3 15 13 15]
 [10 13  7 11]
 [15  1 13 15]], 

=10 

=16 

[debug] move action_id=143, action=((3, 1), (3, 1)), 
[debug] current_player=0 (B), 
[debug] board[(3, 1)]=13, board[(3, 1)]=13, 
[debug] board state:
[[14  9  8  0]
 [15 15 11 15]
 [ 6 15  6 13]
 [15 13 15 15]
 [12 15 15 15]
 [ 3 15 13 15]
 [10 13  7 11]
 [15  1 13 15]], 

=11 

=16 

=12 b8 a8

[debug] move action_id=19, action=((0, 1), (0, 0)), 
[debug] current_player=1 (R), 
[debug] board[(0, 1)]=14, board[(0, 0)]=9, 
[debug] board state:
[[ 9 14  8  0]
 [15 15 11 15]
 [ 6 15  6 13]
 [15 13 15 15]
 [12 15 15 15]
 [ 3 15 13 15]
 [10 13  7 11]
 [15  1 13 15]], 

=10 

=16 

[debug] move action_id=77, action=((1, 3), (1, 3)), 
[debug] current_player=0 (B), 
[debug] board[(1, 3)]=5, board[(1, 3)]=5, 
[debug] board state:
[[ 9 14  8  0]
 [15 15 11  5]
 [ 6 15  6 13]
 [15 13 15 15]
 [12 15 15 15]
 [ 3 15 13 15]
 [10 13  7 11]
 [15  1 13 15]], 

=11 

=16 

=12 a8 b8

[debug] move action_id=8, action=((0, 0), (0, 1)), 
[debug] current_player=1 (R), 
[debug] board[(0, 0)]=14, board[(0, 1)]=9, 
[debug] board state:
[[14  9  8  0]
 [15 15 11  5]
 [ 6 15  6 13]
 [15 13 15 15]
 [12 15 15 15]
 [ 3 15 13 15]
 [10 13  7 11]
 [15  1 13 15]], 

=10 

=16 

[debug] move action_id=341, action=((7, 3), (7, 3)), 
[debug] current_player=0 (B), 
[debug] board[(7, 3)]=9, board[(7, 3)]=9, 
[debug] board state:
[[14  9  8  0]
 [15 15 11  5]
 [ 6 15  6 13]
 [15 13 15 15]
 [12 15 15 15]
 [ 3 15 13 15]
 [10 13  7 11]
 [15  1 13  9]], 

=11 

=16 

=12 b8 a8

[debug] move action_id=19, action=((0, 1), (0, 0)), 
[debug] current_player=1 (R), 
[debug] board[(0, 1)]=14, board[(0, 0)]=9, 
[debug] board state:
[[ 9 14  8  0]
 [15 15 11  5]
 [ 6 15  6 13]
 [15 13 15 15]
 [12 15 15 15]
 [ 3 15 13 15]
 [10 13  7 11]
 [15  1 13  9]], 

=10 

=16 

[debug] move action_id=253, action=((5, 3), (5, 3)), 
[debug] current_player=0 (B), 
[debug] board[(5, 3)]=10, board[(5, 3)]=10, 
[debug] board state:
[[ 9 14  8  0]
 [15 15 11  5]
 [ 6 15  6 13]
 [15 13 15 15]
 [12 15 15 15]
 [ 3 15 13 10]
 [10 13  7 11]
 [15  1 13  9]], 

=11 

=16 

=12 a8 b8

[debug] move action_id=8, action=((0, 0), (0, 1)), 
[debug] current_player=1 (R), 
[debug] board[(0, 0)]=14, board[(0, 1)]=9, 
[debug] board state:
[[14  9  8  0]
 [15 15 11  5]
 [ 6 15  6 13]
 [15 13 15 15]
 [12 15 15 15]
 [ 3 15 13 10]
 [10 13  7 11]
 [15  1 13  9]], 

=10 

=16 

[debug] move action_id=209, action=((4, 3), (4, 3)), 
[debug] current_player=0 (B), 
[debug] board[(4, 3)]=3, board[(4, 3)]=3, 
[debug] board state:
[[14  9  8  0]
 [15 15 11  5]
 [ 6 15  6 13]
 [15 13 15 15]
 [12 15 15  3]
 [ 3 15 13 10]
 [10 13  7 11]
 [15  1 13  9]], 

=11 

=16 

=12 b8 a8

[debug] move action_id=19, action=((0, 1), (0, 0)), 
[debug] current_player=1 (R), 
[debug] board[(0, 1)]=14, board[(0, 0)]=9, 
[debug] board state:
[[ 9 14  8  0]
 [15 15 11  5]
 [ 6 15  6 13]
 [15 13 15 15]
 [12 15 15  3]
 [ 3 15 13 10]
 [10 13  7 11]
 [15  1 13  9]], 

=10 

=16 

[debug] move action_id=154, action=((3, 2), (3, 2)), 
[debug] current_player=0 (B), 
[debug] board[(3, 2)]=2, board[(3, 2)]=2, 
[debug] board state:
[[ 9 14  8  0]
 [15 15 11  5]
 [ 6 15  6 13]
 [15 13  2 15]
 [12 15 15  3]
 [ 3 15 13 10]
 [10 13  7 11]
 [15  1 13  9]], 

=11 

=16 

=12 a8 b8

[debug] move action_id=8, action=((0, 0), (0, 1)), 
[debug] current_player=1 (R), 
[debug] board[(0, 0)]=14, board[(0, 1)]=9, 
[debug] board state:
[[14  9  8  0]
 [15 15 11  5]
 [ 6 15  6 13]
 [15 13  2 15]
 [12 15 15  3]
 [ 3 15 13 10]
 [10 13  7 11]
 [15  1 13  9]], 

=10 

=16 

[debug] move action_id=187, action=((4, 1), (4, 1)), 
[debug] current_player=0 (B), 
[debug] board[(4, 1)]=4, board[(4, 1)]=4, 
[debug] board state:
[[14  9  8  0]
 [15 15 11  5]
 [ 6 15  6 13]
 [15 13  2 15]
 [12  4 15  3]
 [ 3 15 13 10]
 [10 13  7 11]
 [15  1 13  9]], 

=11 

=16 

=12 b8 a8

[debug] move action_id=19, action=((0, 1), (0, 0)), 
[debug] current_player=1 (R), 
[debug] board[(0, 1)]=14, board[(0, 0)]=9, 
[debug] board state:
[[ 9 14  8  0]
 [15 15 11  5]
 [ 6 15  6 13]
 [15 13  2 15]
 [12  4 15  3]
 [ 3 15 13 10]
 [10 13  7 11]
 [15  1 13  9]], 

=10 

=16 

[debug] move action_id=55, action=((1, 1), (1, 1)), 
[debug] current_player=0 (B), 
[debug] board[(1, 1)]=1, board[(1, 1)]=1, 
[debug] board state:
[[ 9 14  8  0]
 [15  1 11  5]
 [ 6 15  6 13]
 [15 13  2 15]
 [12  4 15  3]
 [ 3 15 13 10]
 [10 13  7 11]
 [15  1 13  9]], 

=11 

=16 

=12 a8 b8

[debug] move action_id=8, action=((0, 0), (0, 1)), 
[debug] current_player=1 (R), 
[debug] board[(0, 0)]=14, board[(0, 1)]=9, 
[debug] board state:
[[14  9  8  0]
 [15  1 11  5]
 [ 6 15  6 13]
 [15 13  2 15]
 [12  4 15  3]
 [ 3 15 13 10]
 [10 13  7 11]
 [15  1 13  9]], 

=10 

=16 

[debug] move action_id=64, action=((1, 1), (1, 2)), 
[debug] current_player=0 (B), 
[debug] board[(1, 1)]=14, board[(1, 2)]=1, 
[debug] board state:
[[14  9  8  0]
 [15 14  1  5]
 [ 6 15  6 13]
 [15 13  2 15]
 [12  4 15  3]
 [ 3 15 13 10]
 [10 13  7 11]
 [15  1 13  9]], 

=10 

=16 

=12 b8 a8

[debug] move action_id=19, action=((0, 1), (0, 0)), 
[debug] current_player=1 (R), 
[debug] board[(0, 1)]=14, board[(0, 0)]=9, 
[debug] board state:
[[ 9 14  8  0]
 [15 14  1  5]
 [ 6 15  6 13]
 [15 13  2 15]
 [12  4 15  3]
 [ 3 15 13 10]
 [10 13  7 11]
 [15  1 13  9]], 

=10 

=16 

[debug] move action_id=132, action=((3, 0), (3, 0)), 
[debug] current_player=0 (B), 
[debug] board[(3, 0)]=8, board[(3, 0)]=8, 
[debug] board state:
[[ 9 14  8  0]
 [15 14  1  5]
 [ 6 15  6 13]
 [ 8 13  2 15]
 [12  4 15  3]
 [ 3 15 13 10]
 [10 13  7 11]
 [15  1 13  9]], 

=11 

=16 

=12 a8 b8

[debug] move action_id=8, action=((0, 0), (0, 1)), 
[debug] current_player=1 (R), 
[debug] board[(0, 0)]=14, board[(0, 1)]=9, 
[debug] board state:
[[14  9  8  0]
 [15 14  1  5]
 [ 6 15  6 13]
 [ 8 13  2 15]
 [12  4 15  3]
 [ 3 15 13 10]
 [10 13  7 11]
 [15  1 13  9]], 

=10 

=16 

[debug] move action_id=231, action=((5, 1), (5, 1)), 
[debug] current_player=0 (B), 
[debug] board[(5, 1)]=2, board[(5, 1)]=2, 
[debug] board state:
[[14  9  8  0]
 [15 14  1  5]
 [ 6 15  6 13]
 [ 8 13  2 15]
 [12  4 15  3]
 [ 3  2 13 10]
 [10 13  7 11]
 [15  1 13  9]], 

=11 

=16 

=12 b8 a8

[debug] move action_id=19, action=((0, 1), (0, 0)), 
[debug] current_player=1 (R), 
[debug] board[(0, 1)]=14, board[(0, 0)]=9, 
[debug] board state:
[[ 9 14  8  0]
 [15 14  1  5]
 [ 6 15  6 13]
 [ 8 13  2 15]
 [12  4 15  3]
 [ 3  2 13 10]
 [10 13  7 11]
 [15  1 13  9]], 

=10 

=16 

[debug] move action_id=281, action=((5, 1), (6, 1)), 
[debug] current_player=0 (B), 
[debug] board[(5, 1)]=14, board[(6, 1)]=2, 
[debug] board state:
[[ 9 14  8  0]
 [15 14  1  5]
 [ 6 15  6 13]
 [ 8 13  2 15]
 [12  4 15  3]
 [ 3 14 13 10]
 [10  2  7 11]
 [15  1 13  9]], 

=10 

=16 

=12 a8 b8

[debug] move action_id=8, action=((0, 0), (0, 1)), 
[debug] current_player=1 (R), 
[debug] board[(0, 0)]=14, board[(0, 1)]=9, 
[debug] board state:
[[14  9  8  0]
 [15 14  1  5]
 [ 6 15  6 13]
 [ 8 13  2 15]
 [12  4 15  3]
 [ 3 14 13 10]
 [10  2  7 11]
 [15  1 13  9]], 

=10 

=16 

[debug] move action_id=147, action=((4, 1), (3, 1)), 
[debug] current_player=0 (B), 
[debug] board[(4, 1)]=14, board[(3, 1)]=4, 
[debug] board state:
[[14  9  8  0]
 [15 14  1  5]
 [ 6 15  6 13]
 [ 8  4  2 15]
 [12 14 15  3]
 [ 3 14 13 10]
 [10  2  7 11]
 [15  1 13  9]], 

=10 

=16 

=12 b8 a8

[debug] move action_id=19, action=((0, 1), (0, 0)), 
[debug] current_player=1 (R), 
[debug] board[(0, 1)]=14, board[(0, 0)]=9, 
[debug] board state:
[[ 9 14  8  0]
 [15 14  1  5]
 [ 6 15  6 13]
 [ 8  4  2 15]
 [12 14 15  3]
 [ 3 14 13 10]
 [10  2  7 11]
 [15  1 13  9]], 

=10 

=16 

[debug] move action_id=120, action=((2, 2), (2, 3)), 
[debug] current_player=0 (B), 
[debug] board[(2, 2)]=14, board[(2, 3)]=6, 
[debug] board state:
[[ 9 14  8  0]
 [15 14  1  5]
 [ 6 15 14  6]
 [ 8  4  2 15]
 [12 14 15  3]
 [ 3 14 13 10]
 [10  2  7 11]
 [15  1 13  9]], 

=10 

=16 

=12 a8 b8

[debug] move action_id=8, action=((0, 0), (0, 1)), 
[debug] current_player=1 (R), 
[debug] board[(0, 0)]=14, board[(0, 1)]=9, 
[debug] board state:
[[14  9  8  0]
 [15 14  1  5]
 [ 6 15 14  6]
 [ 8  4  2 15]
 [12 14 15  3]
 [ 3 14 13 10]
 [10  2  7 11]
 [15  1 13  9]], 

=10 

=16 

[debug] move action_id=75, action=((1, 2), (1, 1)), 
[debug] current_player=0 (B), 
[debug] board[(1, 2)]=14, board[(1, 1)]=1, 
[debug] board state:
[[14  9  8  0]
 [15  1 14  5]
 [ 6 15 14  6]
 [ 8  4  2 15]
 [12 14 15  3]
 [ 3 14 13 10]
 [10  2  7 11]
 [15  1 13  9]], 

=10 

=16 

=12 b8 a8

[debug] move action_id=19, action=((0, 1), (0, 0)), 
[debug] current_player=1 (R), 
[debug] board[(0, 1)]=14, board[(0, 0)]=9, 
[debug] board state:
[[ 9 14  8  0]
 [15  1 14  5]
 [ 6 15 14  6]
 [ 8  4  2 15]
 [12 14 15  3]
 [ 3 14 13 10]
 [10  2  7 11]
 [15  1 13  9]], 

=10 

=16 

[debug] move action_id=228, action=((5, 0), (5, 1)), 
[debug] current_player=0 (B), 
[debug] board[(5, 0)]=14, board[(5, 1)]=3, 
[debug] board state:
[[ 9 14  8  0]
 [15  1 14  5]
 [ 6 15 14  6]
 [ 8  4  2 15]
 [12 14 15  3]
 [14  3 13 10]
 [10  2  7 11]
 [15  1 13  9]], 

=10 

=16 

=12 a8 b8

[debug] move action_id=8, action=((0, 0), (0, 1)), 
[debug] current_player=1 (R), 
[debug] board[(0, 0)]=14, board[(0, 1)]=9, 
[debug] board state:
[[14  9  8  0]
 [15  1 14  5]
 [ 6 15 14  6]
 [ 8  4  2 15]
 [12 14 15  3]
 [14  3 13 10]
 [10  2  7 11]
 [15  1 13  9]], 

=10 

=16 

[debug] move action_id=239, action=((5, 1), (5, 0)), 
[debug] current_player=0 (B), 
[debug] board[(5, 1)]=14, board[(5, 0)]=3, 
[debug] board state:
[[14  9  8  0]
 [15  1 14  5]
 [ 6 15 14  6]
 [ 8  4  2 15]
 [12 14 15  3]
 [ 3 14 13 10]
 [10  2  7 11]
 [15  1 13  9]], 

=10 

=16 

=12 b8 a8

[debug] move action_id=19, action=((0, 1), (0, 0)), 
[debug] current_player=1 (R), 
[debug] board[(0, 1)]=14, board[(0, 0)]=9, 
[debug] board state:
[[ 9 14  8  0]
 [15  1 14  5]
 [ 6 15 14  6]
 [ 8  4  2 15]
 [12 14 15  3]
 [ 3 14 13 10]
 [10  2  7 11]
 [15  1 13  9]], 

=10 

=16 

[debug] move action_id=228, action=((5, 0), (5, 1)), 
[debug] current_player=0 (B), 
[debug] board[(5, 0)]=14, board[(5, 1)]=3, 
[debug] board state:
[[ 9 14  8  0]
 [15  1 14  5]
 [ 6 15 14  6]
 [ 8  4  2 15]
 [12 14 15  3]
 [14  3 13 10]
 [10  2  7 11]
 [15  1 13  9]], 

=10 

=16 

=12 a8 b8

[debug] move action_id=8, action=((0, 0), (0, 1)), 
[debug] current_player=1 (R), 
[debug] board[(0, 0)]=14, board[(0, 1)]=9, 
[debug] board state:
[[14  9  8  0]
 [15  1 14  5]
 [ 6 15 14  6]
 [ 8  4  2 15]
 [12 14 15  3]
 [14  3 13 10]
 [10  2  7 11]
 [15  1 13  9]], 

=10 

=16 

[debug] move action_id=239, action=((5, 1), (5, 0)), 
[debug] current_player=0 (B), 
[debug] board[(5, 1)]=14, board[(5, 0)]=3, 
[debug] board state:
[[14  9  8  0]
 [15  1 14  5]
 [ 6 15 14  6]
 [ 8  4  2 15]
 [12 14 15  3]
 [ 3 14 13 10]
 [10  2  7 11]
 [15  1 13  9]], 

=10 

=16 

=12 b8 a8

[debug] move action_id=19, action=((0, 1), (0, 0)), 
[debug] current_player=1 (R), 
[debug] board[(0, 1)]=14, board[(0, 0)]=9, 
[debug] board state:
[[ 9 14  8  0]
 [15  1 14  5]
 [ 6 15 14  6]
 [ 8  4  2 15]
 [12 14 15  3]
 [ 3 14 13 10]
 [10  2  7 11]
 [15  1 13  9]], 

=10 

=16 

[debug] move action_id=228, action=((5, 0), (5, 1)), 
[debug] current_player=0 (B), 
[debug] board[(5, 0)]=14, board[(5, 1)]=3, 
[debug] board state:
[[ 9 14  8  0]
 [15  1 14  5]
 [ 6 15 14  6]
 [ 8  4  2 15]
 [12 14 15  3]
 [14  3 13 10]
 [10  2  7 11]
 [15  1 13  9]], 

=10 

=16 

=12 a8 b8

[debug] move action_id=8, action=((0, 0), (0, 1)), 
[debug] current_player=1 (R), 
[debug] board[(0, 0)]=14, board[(0, 1)]=9, 
[debug] board state:
[[14  9  8  0]
 [15  1 14  5]
 [ 6 15 14  6]
 [ 8  4  2 15]
 [12 14 15  3]
 [14  3 13 10]
 [10  2  7 11]
 [15  1 13  9]], 

=10 

=16 

[debug] move action_id=239, action=((5, 1), (5, 0)), 
[debug] current_player=0 (B), 
[debug] board[(5, 1)]=14, board[(5, 0)]=3, 
[debug] board state:
[[14  9  8  0]
 [15  1 14  5]
 [ 6 15 14  6]
 [ 8  4  2 15]
 [12 14 15  3]
 [ 3 14 13 10]
 [10  2  7 11]
 [15  1 13  9]], 

=10 

=16 


# 10 12 46 48 82 84 118 120 154 156 190 192 226 228 262 264 298 300 334 336 370 372 406 408 442 444 478 480 514 516 550 552 586 588 622 624 658 660 694 696 730 732 766 768 802 804 838 840 874 876 910 912 946 948 982 984 1018 1020 1054 1056 1090 1092 1126 1128 1162 1164 1198 1200 1234 1236 #
/home/ntcucsk201/anaconda3/envs/darkchess/lib/python3.10/site-packages/treevalue/tree/integration/torch.py:23: FutureWarning: `torch.utils._pytree._register_pytree_node` is deprecated. Please use `torch.utils._pytree.register_pytree_node` instead.
  register_for_torch(TreeValue)
/home/ntcucsk201/anaconda3/envs/darkchess/lib/python3.10/site-packages/treevalue/tree/integration/torch.py:24: FutureWarning: `torch.utils._pytree._register_pytree_node` is deprecated. Please use `torch.utils._pytree.register_pytree_node` instead.
  register_for_torch(FastTreeValue)
Gym has been unmaintained since 2022 and does not support NumPy 2.0 amongst other critical functionality.
Please upgrade to Gymnasium, the maintained drop-in replacement of Gym, or contact the authors of your software and request that they upgrade.
See the migration guide at https://gymnasium.farama.org/introduction/migration_guide/ for additional information.
[DEBUG] Config loaded successfully
/home/ntcucsk201/DarkChess/LightZero/zoo/board_games/darkchess/alphazero_mgtp.py:38: FutureWarning: You are using `torch.load` with `weights_only=False` (the current default value), which uses the default pickle module implicitly. It is possible to construct malicious pickle data which will execute arbitrary code during unpickling (See https://github.com/pytorch/pytorch/blob/main/SECURITY.md#untrusted-models for more details). In a future release, the default value for `weights_only` will be flipped to `True`. This limits the functions that could be executed during unpickling. Arbitrary objects will no longer be allowed to be loaded via this mode unless they are explicitly allowlisted by the user via `torch.serialization.add_safe_globals`. We recommend you start setting `weights_only=True` for any use case where you don't have full control of the loaded file. Please open an issue on GitHub for any issues related to this experimental feature.
  checkpoint = torch.load(model_path, map_location='cpu')
[DEBUG] Model moved to device: cuda:0

###
Account: a1_alphazero
Mode: MGTP
Path: /home/ntcucsk201/anaconda3/envs/darkchess/bin/python
Arg: /home/ntcucsk201/DarkChess/LightZero/zoo/board_games/darkchess/alphazero_mgtp.py -model_path /home/ntcucsk201/DarkChess/LightZero/zoo/board_games/darkchess/data_alphazero/darkchess_alphazero_ns1000_upc50_rer0.2_bs512_260222_173317/ckpt/ckpt_best.pth.tar -config_path /home/ntcucsk201/DarkChess/LightZero/zoo/board_games/darkchess/data_alphazero/darkchess_alphazero_ns1000_upc50_rer0.2_bs512_260222_173317/formatted_total_config.py
Name: LightZero_DarkChess
Version: 1.0.0
###
