INITIAL
* 10:57pm Feb 22, 2026
* a0_mu vs a1_alphazero
* 1 2 2 2 2 2 5 1 2 2 2 2 2 5
* X X X X
* X X X X
* X X X X
* X X X X
* X X X X
* X X X X
* X X X X
* X X X X
* first 1
* time 900
* 1. b1(k) a8(c)
* 2. c7(g) b8(r)
* 3. c6(n) c8(r)
* 4. a4(M) d8(M)
* 5. a6(P) d8-c8
* 6. d4(G) c8-b8
* 7. c2(N) b8-a8
* 8. c1(p) a8-b8
* 9. c3(m) b8-a8
* 10. a3(n) a8-b8
* 11. c5(p) b8-a8
* 12. a2(C) a8-b8
* 13. d2(p) b8-a8
* 14. b2(R) a8-b8
* 15. d6(p) b8-a8
* 16. d7(m) a8-b8
* 17. b5(p) b8-a8
* 18. b7(c) a8-b8
* 19. d1(P) b8-a8
* 20. b4(G) a8-b8
* 21. c4(P) b8-a8
* 22. b3(R) a8-b8
* 23. a5(g) b8-a8
* 24. a5-a4 a8-b8
* 25. a4-b4 b8-a8
* 26. a3-a4 a8-b8
* 27. b4-c4 b8-a8
* 28. a4-b4 a8-b8
* 29. b4-a4 b8-a8
* 30. a4-b4 a8-b8
* 31. b4-a4 b8-a8
* 32. a4-b4 a8-b8
* 33. b4-a4
* PositionRepetitionDraw,3,4 a0_mu Draw 0.500000,0.500000
* Comment 0 0
0. 1771772261757
1. 1771772261757
2. 1771772262340
3. 1771772264353
4. 1771772264795
5. 1771772266808
6. 1771772267201
7. 1771772269262
8. 1771772269656
9. 1771772271718
10. 1771772272111
11. 1771772274122
12. 1771772274516
13. 1771772276526
14. 1771772276922
15. 1771772278931
16. 1771772279326
17. 1771772281336
18. 1771772281731
19. 1771772283741
20. 1771772284136
21. 1771772286146
22. 1771772286541
23. 1771772288551
24. 1771772288946
25. 1771772290955
26. 1771772291351
27. 1771772293410
28. 1771772293806
29. 1771772295865
30. 1771772296262
31. 1771772298269
32. 1771772298668
33. 1771772300724
34. 1771772301124
35. 1771772303130
36. 1771772303530
37. 1771772305535
38. 1771772305935
39. 1771772307940
40. 1771772308338
41. 1771772310345
42. 1771772310741
43. 1771772312749
44. 1771772313144
45. 1771772315204
46. 1771772315597
47. 1771772317609
48. 1771772318002
49. 1771772319913
50. 1771772320306
51. 1771772322218
52. 1771772322660
53. 1771772324574
54. 1771772325013
55. 1771772326928
56. 1771772327367
57. 1771772329283
58. 1771772329721
59. 1771772331637
60. 1771772332075
61. 1771772333992
62. 1771772334428
63. 1771772336397
64. 1771772336832
65. 1771772338802

# 10 27 29 63 65 99 101 135 137 171 173 207 209 243 245 279 281 315 317 351 353 387 389 423 425 459 461 495 497 531 533 567 569 603 605 639 641 675 677 711 713 747 749 783 785 819 821 855 857 891 893 927 929 963 965 999 1001 1035 1037 1071 1073 1107 1109 1143 1145 #
LightZero MGTP Interface Ready
=1 LightZero_DarkChess

=2 1.0.0

=7 

=15 

=14 

[debug] move action_id=319, action=((7, 1), (7, 1)), 
[debug] current_player=1 (R), 
[debug] board[(7, 1)]=7, board[(7, 1)]=7, 
[debug] board state:
[[15 15 15 15]
 [15 15 15 15]
 [15 15 15 15]
 [15 15 15 15]
 [15 15 15 15]
 [15 15 15 15]
 [15 15 15 15]
 [15  7 15 15]], 

=11 

=16 

=12 a8 a8

[debug] move action_id=0, action=((0, 0), (0, 0)), 
[debug] current_player=0 (B), 
[debug] board[(0, 0)]=12, board[(0, 0)]=12, 
[debug] board state:
[[12 15 15 15]
 [15 15 15 15]
 [15 15 15 15]
 [15 15 15 15]
 [15 15 15 15]
 [15 15 15 15]
 [15 15 15 15]
 [15  7 15 15]], 

=11 

=16 

[debug] move action_id=66, action=((1, 2), (1, 2)), 
[debug] current_player=1 (R), 
[debug] board[(1, 2)]=8, board[(1, 2)]=8, 
[debug] board state:
[[12 15 15 15]
 [15 15  8 15]
 [15 15 15 15]
 [15 15 15 15]
 [15 15 15 15]
 [15 15 15 15]
 [15 15 15 15]
 [15  7 15 15]], 

=11 

=16 

=12 b8 b8

[debug] move action_id=11, action=((0, 1), (0, 1)), 
[debug] current_player=0 (B), 
[debug] board[(0, 1)]=10, board[(0, 1)]=10, 
[debug] board state:
[[12 10 15 15]
 [15 15  8 15]
 [15 15 15 15]
 [15 15 15 15]
 [15 15 15 15]
 [15 15 15 15]
 [15 15 15 15]
 [15  7 15 15]], 

=11 

=16 

[debug] move action_id=110, action=((2, 2), (2, 2)), 
[debug] current_player=1 (R), 
[debug] board[(2, 2)]=11, board[(2, 2)]=11, 
[debug] board state:
[[12 10 15 15]
 [15 15  8 15]
 [15 15 11 15]
 [15 15 15 15]
 [15 15 15 15]
 [15 15 15 15]
 [15 15 15 15]
 [15  7 15 15]], 

=11 

=16 

=12 c8 c8

[debug] move action_id=22, action=((0, 2), (0, 2)), 
[debug] current_player=0 (B), 
[debug] board[(0, 2)]=10, board[(0, 2)]=10, 
[debug] board state:
[[12 10 10 15]
 [15 15  8 15]
 [15 15 11 15]
 [15 15 15 15]
 [15 15 15 15]
 [15 15 15 15]
 [15 15 15 15]
 [15  7 15 15]], 

=11 

=16 

[debug] move action_id=176, action=((4, 0), (4, 0)), 
[debug] current_player=1 (R), 
[debug] board[(4, 0)]=2, board[(4, 0)]=2, 
[debug] board state:
[[12 10 10 15]
 [15 15  8 15]
 [15 15 11 15]
 [15 15 15 15]
 [ 2 15 15 15]
 [15 15 15 15]
 [15 15 15 15]
 [15  7 15 15]], 

=11 

=16 

=12 d8 d8

[debug] move action_id=33, action=((0, 3), (0, 3)), 
[debug] current_player=0 (B), 
[debug] board[(0, 3)]=2, board[(0, 3)]=2, 
[debug] board state:
[[12 10 10  2]
 [15 15  8 15]
 [15 15 11 15]
 [15 15 15 15]
 [ 2 15 15 15]
 [15 15 15 15]
 [15 15 15 15]
 [15  7 15 15]], 

=11 

=16 

[debug] move action_id=88, action=((2, 0), (2, 0)), 
[debug] current_player=1 (R), 
[debug] board[(2, 0)]=6, board[(2, 0)]=6, 
[debug] board state:
[[12 10 10  2]
 [15 15  8 15]
 [ 6 15 11 15]
 [15 15 15 15]
 [ 2 15 15 15]
 [15 15 15 15]
 [15 15 15 15]
 [15  7 15 15]], 

=11 

=16 

=12 d8 c8

[debug] move action_id=43, action=((0, 3), (0, 2)), 
[debug] current_player=0 (B), 
[debug] board[(0, 3)]=14, board[(0, 2)]=2, 
[debug] board state:
[[12 10  2 14]
 [15 15  8 15]
 [ 6 15 11 15]
 [15 15 15 15]
 [ 2 15 15 15]
 [15 15 15 15]
 [15 15 15 15]
 [15  7 15 15]], 

=10 

=16 

[debug] move action_id=209, action=((4, 3), (4, 3)), 
[debug] current_player=1 (R), 
[debug] board[(4, 3)]=1, board[(4, 3)]=1, 
[debug] board state:
[[12 10  2 14]
 [15 15  8 15]
 [ 6 15 11 15]
 [15 15 15 15]
 [ 2 15 15  1]
 [15 15 15 15]
 [15 15 15 15]
 [15  7 15 15]], 

=11 

=16 

=12 c8 b8

[debug] move action_id=31, action=((0, 2), (0, 1)), 
[debug] current_player=0 (B), 
[debug] board[(0, 2)]=14, board[(0, 1)]=2, 
[debug] board state:
[[12  2 14 14]
 [15 15  8 15]
 [ 6 15 11 15]
 [15 15 15 15]
 [ 2 15 15  1]
 [15 15 15 15]
 [15 15 15 15]
 [15  7 15 15]], 

=10 

=16 

[debug] move action_id=286, action=((6, 2), (6, 2)), 
[debug] current_player=1 (R), 
[debug] board[(6, 2)]=4, board[(6, 2)]=4, 
[debug] board state:
[[12  2 14 14]
 [15 15  8 15]
 [ 6 15 11 15]
 [15 15 15 15]
 [ 2 15 15  1]
 [15 15 15 15]
 [15 15  4 15]
 [15  7 15 15]], 

=11 

=16 

=12 b8 a8

[debug] move action_id=19, action=((0, 1), (0, 0)), 
[debug] current_player=0 (B), 
[debug] board[(0, 1)]=14, board[(0, 0)]=2, 
[debug] board state:
[[ 2 14 14 14]
 [15 15  8 15]
 [ 6 15 11 15]
 [15 15 15 15]
 [ 2 15 15  1]
 [15 15 15 15]
 [15 15  4 15]
 [15  7 15 15]], 

=10 

=16 

[debug] move action_id=330, action=((7, 2), (7, 2)), 
[debug] current_player=1 (R), 
[debug] board[(7, 2)]=13, board[(7, 2)]=13, 
[debug] board state:
[[ 2 14 14 14]
 [15 15  8 15]
 [ 6 15 11 15]
 [15 15 15 15]
 [ 2 15 15  1]
 [15 15 15 15]
 [15 15  4 15]
 [15  7 13 15]], 

=11 

=16 

=12 a8 b8

[debug] move action_id=8, action=((0, 0), (0, 1)), 
[debug] current_player=0 (B), 
[debug] board[(0, 0)]=14, board[(0, 1)]=2, 
[debug] board state:
[[14  2 14 14]
 [15 15  8 15]
 [ 6 15 11 15]
 [15 15 15 15]
 [ 2 15 15  1]
 [15 15 15 15]
 [15 15  4 15]
 [15  7 13 15]], 

=10 

=16 

[debug] move action_id=242, action=((5, 2), (5, 2)), 
[debug] current_player=1 (R), 
[debug] board[(5, 2)]=9, board[(5, 2)]=9, 
[debug] board state:
[[14  2 14 14]
 [15 15  8 15]
 [ 6 15 11 15]
 [15 15 15 15]
 [ 2 15 15  1]
 [15 15  9 15]
 [15 15  4 15]
 [15  7 13 15]], 

=11 

=16 

=12 b8 a8

[debug] move action_id=19, action=((0, 1), (0, 0)), 
[debug] current_player=0 (B), 
[debug] board[(0, 1)]=14, board[(0, 0)]=2, 
[debug] board state:
[[ 2 14 14 14]
 [15 15  8 15]
 [ 6 15 11 15]
 [15 15 15 15]
 [ 2 15 15  1]
 [15 15  9 15]
 [15 15  4 15]
 [15  7 13 15]], 

=10 

=16 

[debug] move action_id=220, action=((5, 0), (5, 0)), 
[debug] current_player=1 (R), 
[debug] board[(5, 0)]=11, board[(5, 0)]=11, 
[debug] board state:
[[ 2 14 14 14]
 [15 15  8 15]
 [ 6 15 11 15]
 [15 15 15 15]
 [ 2 15 15  1]
 [11 15  9 15]
 [15 15  4 15]
 [15  7 13 15]], 

=11 

=16 

=12 a8 b8

[debug] move action_id=8, action=((0, 0), (0, 1)), 
[debug] current_player=0 (B), 
[debug] board[(0, 0)]=14, board[(0, 1)]=2, 
[debug] board state:
[[14  2 14 14]
 [15 15  8 15]
 [ 6 15 11 15]
 [15 15 15 15]
 [ 2 15 15  1]
 [11 15  9 15]
 [15 15  4 15]
 [15  7 13 15]], 

=10 

=16 

[debug] move action_id=154, action=((3, 2), (3, 2)), 
[debug] current_player=1 (R), 
[debug] board[(3, 2)]=13, board[(3, 2)]=13, 
[debug] board state:
[[14  2 14 14]
 [15 15  8 15]
 [ 6 15 11 15]
 [15 15 13 15]
 [ 2 15 15  1]
 [11 15  9 15]
 [15 15  4 15]
 [15  7 13 15]], 

=11 

=16 

=12 b8 a8

[debug] move action_id=19, action=((0, 1), (0, 0)), 
[debug] current_player=0 (B), 
[debug] board[(0, 1)]=14, board[(0, 0)]=2, 
[debug] board state:
[[ 2 14 14 14]
 [15 15  8 15]
 [ 6 15 11 15]
 [15 15 13 15]
 [ 2 15 15  1]
 [11 15  9 15]
 [15 15  4 15]
 [15  7 13 15]], 

=10 

=16 

[debug] move action_id=264, action=((6, 0), (6, 0)), 
[debug] current_player=1 (R), 
[debug] board[(6, 0)]=5, board[(6, 0)]=5, 
[debug] board state:
[[ 2 14 14 14]
 [15 15  8 15]
 [ 6 15 11 15]
 [15 15 13 15]
 [ 2 15 15  1]
 [11 15  9 15]
 [ 5 15  4 15]
 [15  7 13 15]], 

=11 

=16 

=12 a8 b8

[debug] move action_id=8, action=((0, 0), (0, 1)), 
[debug] current_player=0 (B), 
[debug] board[(0, 0)]=14, board[(0, 1)]=2, 
[debug] board state:
[[14  2 14 14]
 [15 15  8 15]
 [ 6 15 11 15]
 [15 15 13 15]
 [ 2 15 15  1]
 [11 15  9 15]
 [ 5 15  4 15]
 [15  7 13 15]], 

=10 

=16 

[debug] move action_id=297, action=((6, 3), (6, 3)), 
[debug] current_player=1 (R), 
[debug] board[(6, 3)]=13, board[(6, 3)]=13, 
[debug] board state:
[[14  2 14 14]
 [15 15  8 15]
 [ 6 15 11 15]
 [15 15 13 15]
 [ 2 15 15  1]
 [11 15  9 15]
 [ 5 15  4 13]
 [15  7 13 15]], 

=11 

=16 

=12 b8 a8

[debug] move action_id=19, action=((0, 1), (0, 0)), 
[debug] current_player=0 (B), 
[debug] board[(0, 1)]=14, board[(0, 0)]=2, 
[debug] board state:
[[ 2 14 14 14]
 [15 15  8 15]
 [ 6 15 11 15]
 [15 15 13 15]
 [ 2 15 15  1]
 [11 15  9 15]
 [ 5 15  4 13]
 [15  7 13 15]], 

=10 

=16 

[debug] move action_id=275, action=((6, 1), (6, 1)), 
[debug] current_player=1 (R), 
[debug] board[(6, 1)]=3, board[(6, 1)]=3, 
[debug] board state:
[[ 2 14 14 14]
 [15 15  8 15]
 [ 6 15 11 15]
 [15 15 13 15]
 [ 2 15 15  1]
 [11 15  9 15]
 [ 5  3  4 13]
 [15  7 13 15]], 

=11 

=16 

=12 a8 b8

[debug] move action_id=8, action=((0, 0), (0, 1)), 
[debug] current_player=0 (B), 
[debug] board[(0, 0)]=14, board[(0, 1)]=2, 
[debug] board state:
[[14  2 14 14]
 [15 15  8 15]
 [ 6 15 11 15]
 [15 15 13 15]
 [ 2 15 15  1]
 [11 15  9 15]
 [ 5  3  4 13]
 [15  7 13 15]], 

=10 

=16 

[debug] move action_id=121, action=((2, 3), (2, 3)), 
[debug] current_player=1 (R), 
[debug] board[(2, 3)]=13, board[(2, 3)]=13, 
[debug] board state:
[[14  2 14 14]
 [15 15  8 15]
 [ 6 15 11 13]
 [15 15 13 15]
 [ 2 15 15  1]
 [11 15  9 15]
 [ 5  3  4 13]
 [15  7 13 15]], 

=11 

=16 

=12 b8 a8

[debug] move action_id=19, action=((0, 1), (0, 0)), 
[debug] current_player=0 (B), 
[debug] board[(0, 1)]=14, board[(0, 0)]=2, 
[debug] board state:
[[ 2 14 14 14]
 [15 15  8 15]
 [ 6 15 11 13]
 [15 15 13 15]
 [ 2 15 15  1]
 [11 15  9 15]
 [ 5  3  4 13]
 [15  7 13 15]], 

=10 

=16 

[debug] move action_id=77, action=((1, 3), (1, 3)), 
[debug] current_player=1 (R), 
[debug] board[(1, 3)]=9, board[(1, 3)]=9, 
[debug] board state:
[[ 2 14 14 14]
 [15 15  8  9]
 [ 6 15 11 13]
 [15 15 13 15]
 [ 2 15 15  1]
 [11 15  9 15]
 [ 5  3  4 13]
 [15  7 13 15]], 

=11 

=16 

=12 a8 b8

[debug] move action_id=8, action=((0, 0), (0, 1)), 
[debug] current_player=0 (B), 
[debug] board[(0, 0)]=14, board[(0, 1)]=2, 
[debug] board state:
[[14  2 14 14]
 [15 15  8  9]
 [ 6 15 11 13]
 [15 15 13 15]
 [ 2 15 15  1]
 [11 15  9 15]
 [ 5  3  4 13]
 [15  7 13 15]], 

=10 

=16 

[debug] move action_id=143, action=((3, 1), (3, 1)), 
[debug] current_player=1 (R), 
[debug] board[(3, 1)]=13, board[(3, 1)]=13, 
[debug] board state:
[[14  2 14 14]
 [15 15  8  9]
 [ 6 15 11 13]
 [15 13 13 15]
 [ 2 15 15  1]
 [11 15  9 15]
 [ 5  3  4 13]
 [15  7 13 15]], 

=11 

=16 

=12 b8 a8

[debug] move action_id=19, action=((0, 1), (0, 0)), 
[debug] current_player=0 (B), 
[debug] board[(0, 1)]=14, board[(0, 0)]=2, 
[debug] board state:
[[ 2 14 14 14]
 [15 15  8  9]
 [ 6 15 11 13]
 [15 13 13 15]
 [ 2 15 15  1]
 [11 15  9 15]
 [ 5  3  4 13]
 [15  7 13 15]], 

=10 

=16 

[debug] move action_id=55, action=((1, 1), (1, 1)), 
[debug] current_player=1 (R), 
[debug] board[(1, 1)]=12, board[(1, 1)]=12, 
[debug] board state:
[[ 2 14 14 14]
 [15 12  8  9]
 [ 6 15 11 13]
 [15 13 13 15]
 [ 2 15 15  1]
 [11 15  9 15]
 [ 5  3  4 13]
 [15  7 13 15]], 

=11 

=16 

=12 a8 b8

[debug] move action_id=8, action=((0, 0), (0, 1)), 
[debug] current_player=0 (B), 
[debug] board[(0, 0)]=14, board[(0, 1)]=2, 
[debug] board state:
[[14  2 14 14]
 [15 12  8  9]
 [ 6 15 11 13]
 [15 13 13 15]
 [ 2 15 15  1]
 [11 15  9 15]
 [ 5  3  4 13]
 [15  7 13 15]], 

=10 

=16 

[debug] move action_id=341, action=((7, 3), (7, 3)), 
[debug] current_player=1 (R), 
[debug] board[(7, 3)]=6, board[(7, 3)]=6, 
[debug] board state:
[[14  2 14 14]
 [15 12  8  9]
 [ 6 15 11 13]
 [15 13 13 15]
 [ 2 15 15  1]
 [11 15  9 15]
 [ 5  3  4 13]
 [15  7 13  6]], 

=11 

=16 

=12 b8 a8

[debug] move action_id=19, action=((0, 1), (0, 0)), 
[debug] current_player=0 (B), 
[debug] board[(0, 1)]=14, board[(0, 0)]=2, 
[debug] board state:
[[ 2 14 14 14]
 [15 12  8  9]
 [ 6 15 11 13]
 [15 13 13 15]
 [ 2 15 15  1]
 [11 15  9 15]
 [ 5  3  4 13]
 [15  7 13  6]], 

=10 

=16 

[debug] move action_id=187, action=((4, 1), (4, 1)), 
[debug] current_player=1 (R), 
[debug] board[(4, 1)]=1, board[(4, 1)]=1, 
[debug] board state:
[[ 2 14 14 14]
 [15 12  8  9]
 [ 6 15 11 13]
 [15 13 13 15]
 [ 2  1 15  1]
 [11 15  9 15]
 [ 5  3  4 13]
 [15  7 13  6]], 

=11 

=16 

=12 a8 b8

[debug] move action_id=8, action=((0, 0), (0, 1)), 
[debug] current_player=0 (B), 
[debug] board[(0, 0)]=14, board[(0, 1)]=2, 
[debug] board state:
[[14  2 14 14]
 [15 12  8  9]
 [ 6 15 11 13]
 [15 13 13 15]
 [ 2  1 15  1]
 [11 15  9 15]
 [ 5  3  4 13]
 [15  7 13  6]], 

=10 

=16 

[debug] move action_id=198, action=((4, 2), (4, 2)), 
[debug] current_player=1 (R), 
[debug] board[(4, 2)]=6, board[(4, 2)]=6, 
[debug] board state:
[[14  2 14 14]
 [15 12  8  9]
 [ 6 15 11 13]
 [15 13 13 15]
 [ 2  1  6  1]
 [11 15  9 15]
 [ 5  3  4 13]
 [15  7 13  6]], 

=11 

=16 

=12 b8 a8

[debug] move action_id=19, action=((0, 1), (0, 0)), 
[debug] current_player=0 (B), 
[debug] board[(0, 1)]=14, board[(0, 0)]=2, 
[debug] board state:
[[ 2 14 14 14]
 [15 12  8  9]
 [ 6 15 11 13]
 [15 13 13 15]
 [ 2  1  6  1]
 [11 15  9 15]
 [ 5  3  4 13]
 [15  7 13  6]], 

=10 

=16 

[debug] move action_id=231, action=((5, 1), (5, 1)), 
[debug] current_player=1 (R), 
[debug] board[(5, 1)]=3, board[(5, 1)]=3, 
[debug] board state:
[[ 2 14 14 14]
 [15 12  8  9]
 [ 6 15 11 13]
 [15 13 13 15]
 [ 2  1  6  1]
 [11  3  9 15]
 [ 5  3  4 13]
 [15  7 13  6]], 

=11 

=16 

=12 a8 b8

[debug] move action_id=8, action=((0, 0), (0, 1)), 
[debug] current_player=0 (B), 
[debug] board[(0, 0)]=14, board[(0, 1)]=2, 
[debug] board state:
[[14  2 14 14]
 [15 12  8  9]
 [ 6 15 11 13]
 [15 13 13 15]
 [ 2  1  6  1]
 [11  3  9 15]
 [ 5  3  4 13]
 [15  7 13  6]], 

=10 

=16 

[debug] move action_id=132, action=((3, 0), (3, 0)), 
[debug] current_player=1 (R), 
[debug] board[(3, 0)]=8, board[(3, 0)]=8, 
[debug] board state:
[[14  2 14 14]
 [15 12  8  9]
 [ 6 15 11 13]
 [ 8 13 13 15]
 [ 2  1  6  1]
 [11  3  9 15]
 [ 5  3  4 13]
 [15  7 13  6]], 

=11 

=16 

=12 b8 a8

[debug] move action_id=19, action=((0, 1), (0, 0)), 
[debug] current_player=0 (B), 
[debug] board[(0, 1)]=14, board[(0, 0)]=2, 
[debug] board state:
[[ 2 14 14 14]
 [15 12  8  9]
 [ 6 15 11 13]
 [ 8 13 13 15]
 [ 2  1  6  1]
 [11  3  9 15]
 [ 5  3  4 13]
 [15  7 13  6]], 

=10 

=16 

[debug] move action_id=180, action=((3, 0), (4, 0)), 
[debug] current_player=1 (R), 
[debug] board[(3, 0)]=14, board[(4, 0)]=8, 
[debug] board state:
[[ 2 14 14 14]
 [15 12  8  9]
 [ 6 15 11 13]
 [14 13 13 15]
 [ 8  1  6  1]
 [11  3  9 15]
 [ 5  3  4 13]
 [15  7 13  6]], 

=10 

=16 

=12 a8 b8

[debug] move action_id=8, action=((0, 0), (0, 1)), 
[debug] current_player=0 (B), 
[debug] board[(0, 0)]=14, board[(0, 1)]=2, 
[debug] board state:
[[14  2 14 14]
 [15 12  8  9]
 [ 6 15 11 13]
 [14 13 13 15]
 [ 8  1  6  1]
 [11  3  9 15]
 [ 5  3  4 13]
 [15  7 13  6]], 

=10 

=16 

[debug] move action_id=184, action=((4, 0), (4, 1)), 
[debug] current_player=1 (R), 
[debug] board[(4, 0)]=14, board[(4, 1)]=8, 
[debug] board state:
[[14  2 14 14]
 [15 12  8  9]
 [ 6 15 11 13]
 [14 13 13 15]
 [14  8  6  1]
 [11  3  9 15]
 [ 5  3  4 13]
 [15  7 13  6]], 

=10 

=16 

=12 b8 a8

[debug] move action_id=19, action=((0, 1), (0, 0)), 
[debug] current_player=0 (B), 
[debug] board[(0, 1)]=14, board[(0, 0)]=2, 
[debug] board state:
[[ 2 14 14 14]
 [15 12  8  9]
 [ 6 15 11 13]
 [14 13 13 15]
 [14  8  6  1]
 [11  3  9 15]
 [ 5  3  4 13]
 [15  7 13  6]], 

=10 

=16 

[debug] move action_id=181, action=((5, 0), (4, 0)), 
[debug] current_player=1 (R), 
[debug] board[(5, 0)]=14, board[(4, 0)]=11, 
[debug] board state:
[[ 2 14 14 14]
 [15 12  8  9]
 [ 6 15 11 13]
 [14 13 13 15]
 [11  8  6  1]
 [14  3  9 15]
 [ 5  3  4 13]
 [15  7 13  6]], 

=10 

=16 

=12 a8 b8

[debug] move action_id=8, action=((0, 0), (0, 1)), 
[debug] current_player=0 (B), 
[debug] board[(0, 0)]=14, board[(0, 1)]=2, 
[debug] board state:
[[14  2 14 14]
 [15 12  8  9]
 [ 6 15 11 13]
 [14 13 13 15]
 [11  8  6  1]
 [14  3  9 15]
 [ 5  3  4 13]
 [15  7 13  6]], 

=10 

=16 

[debug] move action_id=196, action=((4, 1), (4, 2)), 
[debug] current_player=1 (R), 
[debug] board[(4, 1)]=14, board[(4, 2)]=8, 
[debug] board state:
[[14  2 14 14]
 [15 12  8  9]
 [ 6 15 11 13]
 [14 13 13 15]
 [11 14  8  1]
 [14  3  9 15]
 [ 5  3  4 13]
 [15  7 13  6]], 

=10 

=16 

=12 b8 a8

[debug] move action_id=19, action=((0, 1), (0, 0)), 
[debug] current_player=0 (B), 
[debug] board[(0, 1)]=14, board[(0, 0)]=2, 
[debug] board state:
[[ 2 14 14 14]
 [15 12  8  9]
 [ 6 15 11 13]
 [14 13 13 15]
 [11 14  8  1]
 [14  3  9 15]
 [ 5  3  4 13]
 [15  7 13  6]], 

=10 

=16 

[debug] move action_id=184, action=((4, 0), (4, 1)), 
[debug] current_player=1 (R), 
[debug] board[(4, 0)]=14, board[(4, 1)]=11, 
[debug] board state:
[[ 2 14 14 14]
 [15 12  8  9]
 [ 6 15 11 13]
 [14 13 13 15]
 [14 11  8  1]
 [14  3  9 15]
 [ 5  3  4 13]
 [15  7 13  6]], 

=10 

=16 

=12 a8 b8

[debug] move action_id=8, action=((0, 0), (0, 1)), 
[debug] current_player=0 (B), 
[debug] board[(0, 0)]=14, board[(0, 1)]=2, 
[debug] board state:
[[14  2 14 14]
 [15 12  8  9]
 [ 6 15 11 13]
 [14 13 13 15]
 [14 11  8  1]
 [14  3  9 15]
 [ 5  3  4 13]
 [15  7 13  6]], 

=10 

=16 

[debug] move action_id=195, action=((4, 1), (4, 0)), 
[debug] current_player=1 (R), 
[debug] board[(4, 1)]=14, board[(4, 0)]=11, 
[debug] board state:
[[14  2 14 14]
 [15 12  8  9]
 [ 6 15 11 13]
 [14 13 13 15]
 [11 14  8  1]
 [14  3  9 15]
 [ 5  3  4 13]
 [15  7 13  6]], 

=10 

=16 

=12 b8 a8

[debug] move action_id=19, action=((0, 1), (0, 0)), 
[debug] current_player=0 (B), 
[debug] board[(0, 1)]=14, board[(0, 0)]=2, 
[debug] board state:
[[ 2 14 14 14]
 [15 12  8  9]
 [ 6 15 11 13]
 [14 13 13 15]
 [11 14  8  1]
 [14  3  9 15]
 [ 5  3  4 13]
 [15  7 13  6]], 

=10 

=16 

[debug] move action_id=184, action=((4, 0), (4, 1)), 
[debug] current_player=1 (R), 
[debug] board[(4, 0)]=14, board[(4, 1)]=11, 
[debug] board state:
[[ 2 14 14 14]
 [15 12  8  9]
 [ 6 15 11 13]
 [14 13 13 15]
 [14 11  8  1]
 [14  3  9 15]
 [ 5  3  4 13]
 [15  7 13  6]], 

=10 

=16 

=12 a8 b8

[debug] move action_id=8, action=((0, 0), (0, 1)), 
[debug] current_player=0 (B), 
[debug] board[(0, 0)]=14, board[(0, 1)]=2, 
[debug] board state:
[[14  2 14 14]
 [15 12  8  9]
 [ 6 15 11 13]
 [14 13 13 15]
 [14 11  8  1]
 [14  3  9 15]
 [ 5  3  4 13]
 [15  7 13  6]], 

=10 

=16 

[debug] move action_id=195, action=((4, 1), (4, 0)), 
[debug] current_player=1 (R), 
[debug] board[(4, 1)]=14, board[(4, 0)]=11, 
[debug] board state:
[[14  2 14 14]
 [15 12  8  9]
 [ 6 15 11 13]
 [14 13 13 15]
 [11 14  8  1]
 [14  3  9 15]
 [ 5  3  4 13]
 [15  7 13  6]], 

=10 

=16 

=12 b8 a8

[debug] move action_id=19, action=((0, 1), (0, 0)), 
[debug] current_player=0 (B), 
[debug] board[(0, 1)]=14, board[(0, 0)]=2, 
[debug] board state:
[[ 2 14 14 14]
 [15 12  8  9]
 [ 6 15 11 13]
 [14 13 13 15]
 [11 14  8  1]
 [14  3  9 15]
 [ 5  3  4 13]
 [15  7 13  6]], 

=10 

=16 

[debug] move action_id=184, action=((4, 0), (4, 1)), 
[debug] current_player=1 (R), 
[debug] board[(4, 0)]=14, board[(4, 1)]=11, 
[debug] board state:
[[ 2 14 14 14]
 [15 12  8  9]
 [ 6 15 11 13]
 [14 13 13 15]
 [14 11  8  1]
 [14  3  9 15]
 [ 5  3  4 13]
 [15  7 13  6]], 

=10 

=16 

=12 a8 b8

[debug] move action_id=8, action=((0, 0), (0, 1)), 
[debug] current_player=0 (B), 
[debug] board[(0, 0)]=14, board[(0, 1)]=2, 
[debug] board state:
[[14  2 14 14]
 [15 12  8  9]
 [ 6 15 11 13]
 [14 13 13 15]
 [14 11  8  1]
 [14  3  9 15]
 [ 5  3  4 13]
 [15  7 13  6]], 

=10 

=16 

[debug] move action_id=195, action=((4, 1), (4, 0)), 
[debug] current_player=1 (R), 
[debug] board[(4, 1)]=14, board[(4, 0)]=11, 
[debug] board state:
[[14  2 14 14]
 [15 12  8  9]
 [ 6 15 11 13]
 [14 13 13 15]
 [11 14  8  1]
 [14  3  9 15]
 [ 5  3  4 13]
 [15  7 13  6]], 

=10 

=16 


# 10 27 29 63 65 99 101 135 137 171 173 207 209 243 245 279 281 315 317 351 353 387 389 423 425 459 461 495 497 531 533 567 569 603 605 639 641 675 677 711 713 747 749 783 785 819 821 855 857 891 893 927 929 963 965 999 1001 1035 1037 1071 1073 1107 1109 1143 1145 #
/home/ntcucsk201/anaconda3/envs/darkchess/lib/python3.10/site-packages/treevalue/tree/integration/torch.py:23: FutureWarning: `torch.utils._pytree._register_pytree_node` is deprecated. Please use `torch.utils._pytree.register_pytree_node` instead.
  register_for_torch(TreeValue)
/home/ntcucsk201/anaconda3/envs/darkchess/lib/python3.10/site-packages/treevalue/tree/integration/torch.py:24: FutureWarning: `torch.utils._pytree._register_pytree_node` is deprecated. Please use `torch.utils._pytree.register_pytree_node` instead.
  register_for_torch(FastTreeValue)
Gym has been unmaintained since 2022 and does not support NumPy 2.0 amongst other critical functionality.
Please upgrade to Gymnasium, the maintained drop-in replacement of Gym, or contact the authors of your software and request that they upgrade.
See the migration guide at https://gymnasium.farama.org/introduction/migration_guide/ for additional information.
[DEBUG] Config loaded successfully
/home/ntcucsk201/DarkChess/LightZero/zoo/board_games/darkchess/alphazero_mgtp.py:38: FutureWarning: You are using `torch.load` with `weights_only=False` (the current default value), which uses the default pickle module implicitly. It is possible to construct malicious pickle data which will execute arbitrary code during unpickling (See https://github.com/pytorch/pytorch/blob/main/SECURITY.md#untrusted-models for more details). In a future release, the default value for `weights_only` will be flipped to `True`. This limits the functions that could be executed during unpickling. Arbitrary objects will no longer be allowed to be loaded via this mode unless they are explicitly allowlisted by the user via `torch.serialization.add_safe_globals`. We recommend you start setting `weights_only=True` for any use case where you don't have full control of the loaded file. Please open an issue on GitHub for any issues related to this experimental feature.
  checkpoint = torch.load(model_path, map_location='cpu')
[DEBUG] Model moved to device: cuda:0

###
Account: a1_alphazero
Mode: MGTP
Path: /home/ntcucsk201/anaconda3/envs/darkchess/bin/python
Arg: /home/ntcucsk201/DarkChess/LightZero/zoo/board_games/darkchess/alphazero_mgtp.py -model_path /home/ntcucsk201/DarkChess/LightZero/zoo/board_games/darkchess/data_alphazero/darkchess_alphazero_ns1000_upc50_rer0.2_bs512_260222_173317/ckpt/ckpt_best.pth.tar -config_path /home/ntcucsk201/DarkChess/LightZero/zoo/board_games/darkchess/data_alphazero/darkchess_alphazero_ns1000_upc50_rer0.2_bs512_260222_173317/formatted_total_config.py
Name: LightZero_DarkChess
Version: 1.0.0
###
