INITIAL
* 11:9pm Feb 22, 2026
* a0_mu vs a1_alphazero
* 1 2 2 2 2 2 5 1 2 2 2 2 2 5
* X X X X
* X X X X
* X X X X
* X X X X
* X X X X
* X X X X
* X X X X
* X X X X
* first 1
* time 900
* 1. b1(r) a8(R)
* 2. c7(P) b8(M)
* 3. a6(C) c8(G)
* 4. b5(P) d8(p)
* 5. a4(p) c8-d8
* 6. a7(n) b8-c8
* 7. a5(P) a8-b8
* 8. c3(g) b8-a8
* 9. c6(K) a8-b8
* 10. c5(P) b8-a8
* 11. d7(P) a8-b8
* 12. c4(m) b8-a8
* 13. d1(p) a8-b8
* 14. d4(p) b8-a8
* 15. a3(N) a8-b8
* 16. b2(N) b8-a8
* 17. b3(n) a8-b8
* 18. a7-a8 b8-a8
* 19. d6(G) a8-b8
* 20. d2(m) b8-a8
* 21. b6(g) a8-b8
* 22. b6-b5 b8-a8
* 23. b5-c5 a8-b8
* 24. c5-b5 b8-a8
* 25. b5-a5 a8-b8
* 26. a5-b5 b8-a8
* 27. c2(C) a8-b8
* 28. a1(p) b8-a8
* 29. b7(c) a8-b8
* 30. b7-b6 b8-a8
* 31. b5-a5 a8-b8
* 32. a5-b5 b8-a8
* 33. b5-a5 a8-b8
* 34. a5-b5 b8-a8
* 35. b5-a5 a8-b8
* 36. a5-b5
* PositionRepetitionDraw,3,4 a0_mu Draw 0.500000,0.500000
* Comment 0 0
0. 1771772985256
1. 1771772985256
2. 1771772985844
3. 1771772987852
4. 1771772988247
5. 1771772990257
6. 1771772990652
7. 1771772992662
8. 1771772993057
9. 1771772994967
10. 1771772995362
11. 1771772997271
12. 1771772997666
13. 1771772999576
14. 1771772999971
15. 1771773001881
16. 1771773002275
17. 1771773004235
18. 1771773004631
19. 1771773006540
20. 1771773006935
21. 1771773008845
22. 1771773009239
23. 1771773011199
24. 1771773011593
25. 1771773013553
26. 1771773013948
27. 1771773015908
28. 1771773016303
29. 1771773018262
30. 1771773018658
31. 1771773020616
32. 1771773021012
33. 1771773022971
34. 1771773023367
35. 1771773025326
36. 1771773025721
37. 1771773027680
38. 1771773028076
39. 1771773030035
40. 1771773030431
41. 1771773032391
42. 1771773032786
43. 1771773034744
44. 1771773035141
45. 1771773037099
46. 1771773037495
47. 1771773039454
48. 1771773039850
49. 1771773041809
50. 1771773042205
51. 1771773044164
52. 1771773044560
53. 1771773046519
54. 1771773046914
55. 1771773048873
56. 1771773049270
57. 1771773051228
58. 1771773051624
59. 1771773053583
60. 1771773053978
61. 1771773055938
62. 1771773056332
63. 1771773058294
64. 1771773058735
65. 1771773060698
66. 1771773061140
67. 1771773063101
68. 1771773063495
69. 1771773065453
70. 1771773065849
71. 1771773067806

# 10 27 29 63 65 99 101 135 137 171 173 207 209 243 245 279 281 315 317 351 353 387 389 423 425 459 461 495 497 531 533 567 569 603 605 639 641 675 677 711 713 747 749 783 785 819 821 855 857 891 893 927 929 963 965 999 1001 1035 1037 1071 1073 1107 1109 1143 1145 1179 1181 1215 1217 1251 1253 #
LightZero MGTP Interface Ready
=1 LightZero_DarkChess

=2 1.0.0

=7 

=15 

=14 

[debug] move action_id=319, action=((7, 1), (7, 1)), 
[debug] current_player=1 (R), 
[debug] board[(7, 1)]=10, board[(7, 1)]=10, 
[debug] board state:
[[15 15 15 15]
 [15 15 15 15]
 [15 15 15 15]
 [15 15 15 15]
 [15 15 15 15]
 [15 15 15 15]
 [15 15 15 15]
 [15 10 15 15]], 

=11 

=16 

=12 a8 a8

[debug] move action_id=0, action=((0, 0), (0, 0)), 
[debug] current_player=0 (B), 
[debug] board[(0, 0)]=3, board[(0, 0)]=3, 
[debug] board state:
[[ 3 15 15 15]
 [15 15 15 15]
 [15 15 15 15]
 [15 15 15 15]
 [15 15 15 15]
 [15 15 15 15]
 [15 15 15 15]
 [15 10 15 15]], 

=11 

=16 

[debug] move action_id=66, action=((1, 2), (1, 2)), 
[debug] current_player=1 (R), 
[debug] board[(1, 2)]=6, board[(1, 2)]=6, 
[debug] board state:
[[ 3 15 15 15]
 [15 15  6 15]
 [15 15 15 15]
 [15 15 15 15]
 [15 15 15 15]
 [15 15 15 15]
 [15 15 15 15]
 [15 10 15 15]], 

=11 

=16 

=12 b8 b8

[debug] move action_id=11, action=((0, 1), (0, 1)), 
[debug] current_player=0 (B), 
[debug] board[(0, 1)]=2, board[(0, 1)]=2, 
[debug] board state:
[[ 3  2 15 15]
 [15 15  6 15]
 [15 15 15 15]
 [15 15 15 15]
 [15 15 15 15]
 [15 15 15 15]
 [15 15 15 15]
 [15 10 15 15]], 

=11 

=16 

[debug] move action_id=88, action=((2, 0), (2, 0)), 
[debug] current_player=1 (R), 
[debug] board[(2, 0)]=5, board[(2, 0)]=5, 
[debug] board state:
[[ 3  2 15 15]
 [15 15  6 15]
 [ 5 15 15 15]
 [15 15 15 15]
 [15 15 15 15]
 [15 15 15 15]
 [15 15 15 15]
 [15 10 15 15]], 

=11 

=16 

=12 c8 c8

[debug] move action_id=22, action=((0, 2), (0, 2)), 
[debug] current_player=0 (B), 
[debug] board[(0, 2)]=1, board[(0, 2)]=1, 
[debug] board state:
[[ 3  2  1 15]
 [15 15  6 15]
 [ 5 15 15 15]
 [15 15 15 15]
 [15 15 15 15]
 [15 15 15 15]
 [15 15 15 15]
 [15 10 15 15]], 

=11 

=16 

[debug] move action_id=143, action=((3, 1), (3, 1)), 
[debug] current_player=1 (R), 
[debug] board[(3, 1)]=6, board[(3, 1)]=6, 
[debug] board state:
[[ 3  2  1 15]
 [15 15  6 15]
 [ 5 15 15 15]
 [15  6 15 15]
 [15 15 15 15]
 [15 15 15 15]
 [15 15 15 15]
 [15 10 15 15]], 

=11 

=16 

=12 d8 d8

[debug] move action_id=33, action=((0, 3), (0, 3)), 
[debug] current_player=0 (B), 
[debug] board[(0, 3)]=13, board[(0, 3)]=13, 
[debug] board state:
[[ 3  2  1 13]
 [15 15  6 15]
 [ 5 15 15 15]
 [15  6 15 15]
 [15 15 15 15]
 [15 15 15 15]
 [15 15 15 15]
 [15 10 15 15]], 

=11 

=16 

[debug] move action_id=176, action=((4, 0), (4, 0)), 
[debug] current_player=1 (R), 
[debug] board[(4, 0)]=13, board[(4, 0)]=13, 
[debug] board state:
[[ 3  2  1 13]
 [15 15  6 15]
 [ 5 15 15 15]
 [15  6 15 15]
 [13 15 15 15]
 [15 15 15 15]
 [15 15 15 15]
 [15 10 15 15]], 

=11 

=16 

=12 c8 d8

[debug] move action_id=32, action=((0, 2), (0, 3)), 
[debug] current_player=0 (B), 
[debug] board[(0, 2)]=14, board[(0, 3)]=1, 
[debug] board state:
[[ 3  2 14  1]
 [15 15  6 15]
 [ 5 15 15 15]
 [15  6 15 15]
 [13 15 15 15]
 [15 15 15 15]
 [15 15 15 15]
 [15 10 15 15]], 

=10 

=16 

[debug] move action_id=44, action=((1, 0), (1, 0)), 
[debug] current_player=1 (R), 
[debug] board[(1, 0)]=11, board[(1, 0)]=11, 
[debug] board state:
[[ 3  2 14  1]
 [11 15  6 15]
 [ 5 15 15 15]
 [15  6 15 15]
 [13 15 15 15]
 [15 15 15 15]
 [15 15 15 15]
 [15 10 15 15]], 

=11 

=16 

=12 b8 c8

[debug] move action_id=20, action=((0, 1), (0, 2)), 
[debug] current_player=0 (B), 
[debug] board[(0, 1)]=14, board[(0, 2)]=2, 
[debug] board state:
[[ 3 14  2  1]
 [11 15  6 15]
 [ 5 15 15 15]
 [15  6 15 15]
 [13 15 15 15]
 [15 15 15 15]
 [15 15 15 15]
 [15 10 15 15]], 

=10 

=16 

[debug] move action_id=132, action=((3, 0), (3, 0)), 
[debug] current_player=1 (R), 
[debug] board[(3, 0)]=6, board[(3, 0)]=6, 
[debug] board state:
[[ 3 14  2  1]
 [11 15  6 15]
 [ 5 15 15 15]
 [ 6  6 15 15]
 [13 15 15 15]
 [15 15 15 15]
 [15 15 15 15]
 [15 10 15 15]], 

=11 

=16 

=12 a8 b8

[debug] move action_id=8, action=((0, 0), (0, 1)), 
[debug] current_player=0 (B), 
[debug] board[(0, 0)]=14, board[(0, 1)]=3, 
[debug] board state:
[[14  3  2  1]
 [11 15  6 15]
 [ 5 15 15 15]
 [ 6  6 15 15]
 [13 15 15 15]
 [15 15 15 15]
 [15 15 15 15]
 [15 10 15 15]], 

=10 

=16 

[debug] move action_id=242, action=((5, 2), (5, 2)), 
[debug] current_player=1 (R), 
[debug] board[(5, 2)]=8, board[(5, 2)]=8, 
[debug] board state:
[[14  3  2  1]
 [11 15  6 15]
 [ 5 15 15 15]
 [ 6  6 15 15]
 [13 15 15 15]
 [15 15  8 15]
 [15 15 15 15]
 [15 10 15 15]], 

=11 

=16 

=12 b8 a8

[debug] move action_id=19, action=((0, 1), (0, 0)), 
[debug] current_player=0 (B), 
[debug] board[(0, 1)]=14, board[(0, 0)]=3, 
[debug] board state:
[[ 3 14  2  1]
 [11 15  6 15]
 [ 5 15 15 15]
 [ 6  6 15 15]
 [13 15 15 15]
 [15 15  8 15]
 [15 15 15 15]
 [15 10 15 15]], 

=10 

=16 

[debug] move action_id=110, action=((2, 2), (2, 2)), 
[debug] current_player=1 (R), 
[debug] board[(2, 2)]=0, board[(2, 2)]=0, 
[debug] board state:
[[ 3 14  2  1]
 [11 15  6 15]
 [ 5 15  0 15]
 [ 6  6 15 15]
 [13 15 15 15]
 [15 15  8 15]
 [15 15 15 15]
 [15 10 15 15]], 

=11 

=16 

=12 a8 b8

[debug] move action_id=8, action=((0, 0), (0, 1)), 
[debug] current_player=0 (B), 
[debug] board[(0, 0)]=14, board[(0, 1)]=3, 
[debug] board state:
[[14  3  2  1]
 [11 15  6 15]
 [ 5 15  0 15]
 [ 6  6 15 15]
 [13 15 15 15]
 [15 15  8 15]
 [15 15 15 15]
 [15 10 15 15]], 

=10 

=16 

[debug] move action_id=154, action=((3, 2), (3, 2)), 
[debug] current_player=1 (R), 
[debug] board[(3, 2)]=6, board[(3, 2)]=6, 
[debug] board state:
[[14  3  2  1]
 [11 15  6 15]
 [ 5 15  0 15]
 [ 6  6  6 15]
 [13 15 15 15]
 [15 15  8 15]
 [15 15 15 15]
 [15 10 15 15]], 

=11 

=16 

=12 b8 a8

[debug] move action_id=19, action=((0, 1), (0, 0)), 
[debug] current_player=0 (B), 
[debug] board[(0, 1)]=14, board[(0, 0)]=3, 
[debug] board state:
[[ 3 14  2  1]
 [11 15  6 15]
 [ 5 15  0 15]
 [ 6  6  6 15]
 [13 15 15 15]
 [15 15  8 15]
 [15 15 15 15]
 [15 10 15 15]], 

=10 

=16 

[debug] move action_id=77, action=((1, 3), (1, 3)), 
[debug] current_player=1 (R), 
[debug] board[(1, 3)]=6, board[(1, 3)]=6, 
[debug] board state:
[[ 3 14  2  1]
 [11 15  6  6]
 [ 5 15  0 15]
 [ 6  6  6 15]
 [13 15 15 15]
 [15 15  8 15]
 [15 15 15 15]
 [15 10 15 15]], 

=11 

=16 

=12 a8 b8

[debug] move action_id=8, action=((0, 0), (0, 1)), 
[debug] current_player=0 (B), 
[debug] board[(0, 0)]=14, board[(0, 1)]=3, 
[debug] board state:
[[14  3  2  1]
 [11 15  6  6]
 [ 5 15  0 15]
 [ 6  6  6 15]
 [13 15 15 15]
 [15 15  8 15]
 [15 15 15 15]
 [15 10 15 15]], 

=10 

=16 

[debug] move action_id=198, action=((4, 2), (4, 2)), 
[debug] current_player=1 (R), 
[debug] board[(4, 2)]=9, board[(4, 2)]=9, 
[debug] board state:
[[14  3  2  1]
 [11 15  6  6]
 [ 5 15  0 15]
 [ 6  6  6 15]
 [13 15  9 15]
 [15 15  8 15]
 [15 15 15 15]
 [15 10 15 15]], 

=11 

=16 

=12 b8 a8

[debug] move action_id=19, action=((0, 1), (0, 0)), 
[debug] current_player=0 (B), 
[debug] board[(0, 1)]=14, board[(0, 0)]=3, 
[debug] board state:
[[ 3 14  2  1]
 [11 15  6  6]
 [ 5 15  0 15]
 [ 6  6  6 15]
 [13 15  9 15]
 [15 15  8 15]
 [15 15 15 15]
 [15 10 15 15]], 

=10 

=16 

[debug] move action_id=341, action=((7, 3), (7, 3)), 
[debug] current_player=1 (R), 
[debug] board[(7, 3)]=13, board[(7, 3)]=13, 
[debug] board state:
[[ 3 14  2  1]
 [11 15  6  6]
 [ 5 15  0 15]
 [ 6  6  6 15]
 [13 15  9 15]
 [15 15  8 15]
 [15 15 15 15]
 [15 10 15 13]], 

=11 

=16 

=12 a8 b8

[debug] move action_id=8, action=((0, 0), (0, 1)), 
[debug] current_player=0 (B), 
[debug] board[(0, 0)]=14, board[(0, 1)]=3, 
[debug] board state:
[[14  3  2  1]
 [11 15  6  6]
 [ 5 15  0 15]
 [ 6  6  6 15]
 [13 15  9 15]
 [15 15  8 15]
 [15 15 15 15]
 [15 10 15 13]], 

=10 

=16 

[debug] move action_id=209, action=((4, 3), (4, 3)), 
[debug] current_player=1 (R), 
[debug] board[(4, 3)]=13, board[(4, 3)]=13, 
[debug] board state:
[[14  3  2  1]
 [11 15  6  6]
 [ 5 15  0 15]
 [ 6  6  6 15]
 [13 15  9 13]
 [15 15  8 15]
 [15 15 15 15]
 [15 10 15 13]], 

=11 

=16 

=12 b8 a8

[debug] move action_id=19, action=((0, 1), (0, 0)), 
[debug] current_player=0 (B), 
[debug] board[(0, 1)]=14, board[(0, 0)]=3, 
[debug] board state:
[[ 3 14  2  1]
 [11 15  6  6]
 [ 5 15  0 15]
 [ 6  6  6 15]
 [13 15  9 13]
 [15 15  8 15]
 [15 15 15 15]
 [15 10 15 13]], 

=10 

=16 

[debug] move action_id=220, action=((5, 0), (5, 0)), 
[debug] current_player=1 (R), 
[debug] board[(5, 0)]=4, board[(5, 0)]=4, 
[debug] board state:
[[ 3 14  2  1]
 [11 15  6  6]
 [ 5 15  0 15]
 [ 6  6  6 15]
 [13 15  9 13]
 [ 4 15  8 15]
 [15 15 15 15]
 [15 10 15 13]], 

=11 

=16 

=12 a8 b8

[debug] move action_id=8, action=((0, 0), (0, 1)), 
[debug] current_player=0 (B), 
[debug] board[(0, 0)]=14, board[(0, 1)]=3, 
[debug] board state:
[[14  3  2  1]
 [11 15  6  6]
 [ 5 15  0 15]
 [ 6  6  6 15]
 [13 15  9 13]
 [ 4 15  8 15]
 [15 15 15 15]
 [15 10 15 13]], 

=10 

=16 

[debug] move action_id=275, action=((6, 1), (6, 1)), 
[debug] current_player=1 (R), 
[debug] board[(6, 1)]=4, board[(6, 1)]=4, 
[debug] board state:
[[14  3  2  1]
 [11 15  6  6]
 [ 5 15  0 15]
 [ 6  6  6 15]
 [13 15  9 13]
 [ 4 15  8 15]
 [15  4 15 15]
 [15 10 15 13]], 

=11 

=16 

=12 b8 a8

[debug] move action_id=19, action=((0, 1), (0, 0)), 
[debug] current_player=0 (B), 
[debug] board[(0, 1)]=14, board[(0, 0)]=3, 
[debug] board state:
[[ 3 14  2  1]
 [11 15  6  6]
 [ 5 15  0 15]
 [ 6  6  6 15]
 [13 15  9 13]
 [ 4 15  8 15]
 [15  4 15 15]
 [15 10 15 13]], 

=10 

=16 

[debug] move action_id=231, action=((5, 1), (5, 1)), 
[debug] current_player=1 (R), 
[debug] board[(5, 1)]=11, board[(5, 1)]=11, 
[debug] board state:
[[ 3 14  2  1]
 [11 15  6  6]
 [ 5 15  0 15]
 [ 6  6  6 15]
 [13 15  9 13]
 [ 4 11  8 15]
 [15  4 15 15]
 [15 10 15 13]], 

=11 

=16 

=12 a8 b8

[debug] move action_id=8, action=((0, 0), (0, 1)), 
[debug] current_player=0 (B), 
[debug] board[(0, 0)]=14, board[(0, 1)]=3, 
[debug] board state:
[[14  3  2  1]
 [11 15  6  6]
 [ 5 15  0 15]
 [ 6  6  6 15]
 [13 15  9 13]
 [ 4 11  8 15]
 [15  4 15 15]
 [15 10 15 13]], 

=10 

=16 

[debug] move action_id=1, action=((1, 0), (0, 0)), 
[debug] current_player=1 (R), 
[debug] board[(1, 0)]=14, board[(0, 0)]=11, 
[debug] board state:
[[11  3  2  1]
 [14 15  6  6]
 [ 5 15  0 15]
 [ 6  6  6 15]
 [13 15  9 13]
 [ 4 11  8 15]
 [15  4 15 15]
 [15 10 15 13]], 

=10 

=16 

=12 b8 a8

[debug] move action_id=19, action=((0, 1), (0, 0)), 
[debug] current_player=0 (B), 
[debug] board[(0, 1)]=14, board[(0, 0)]=3, 
[debug] board state:
[[ 3 14  2  1]
 [14 15  6  6]
 [ 5 15  0 15]
 [ 6  6  6 15]
 [13 15  9 13]
 [ 4 11  8 15]
 [15  4 15 15]
 [15 10 15 13]], 

=10 

=16 

[debug] move action_id=121, action=((2, 3), (2, 3)), 
[debug] current_player=1 (R), 
[debug] board[(2, 3)]=1, board[(2, 3)]=1, 
[debug] board state:
[[ 3 14  2  1]
 [14 15  6  6]
 [ 5 15  0  1]
 [ 6  6  6 15]
 [13 15  9 13]
 [ 4 11  8 15]
 [15  4 15 15]
 [15 10 15 13]], 

=11 

=16 

=12 a8 b8

[debug] move action_id=8, action=((0, 0), (0, 1)), 
[debug] current_player=0 (B), 
[debug] board[(0, 0)]=14, board[(0, 1)]=3, 
[debug] board state:
[[14  3  2  1]
 [14 15  6  6]
 [ 5 15  0  1]
 [ 6  6  6 15]
 [13 15  9 13]
 [ 4 11  8 15]
 [15  4 15 15]
 [15 10 15 13]], 

=10 

=16 

[debug] move action_id=297, action=((6, 3), (6, 3)), 
[debug] current_player=1 (R), 
[debug] board[(6, 3)]=9, board[(6, 3)]=9, 
[debug] board state:
[[14  3  2  1]
 [14 15  6  6]
 [ 5 15  0  1]
 [ 6  6  6 15]
 [13 15  9 13]
 [ 4 11  8 15]
 [15  4 15  9]
 [15 10 15 13]], 

=11 

=16 

=12 b8 a8

[debug] move action_id=19, action=((0, 1), (0, 0)), 
[debug] current_player=0 (B), 
[debug] board[(0, 1)]=14, board[(0, 0)]=3, 
[debug] board state:
[[ 3 14  2  1]
 [14 15  6  6]
 [ 5 15  0  1]
 [ 6  6  6 15]
 [13 15  9 13]
 [ 4 11  8 15]
 [15  4 15  9]
 [15 10 15 13]], 

=10 

=16 

[debug] move action_id=99, action=((2, 1), (2, 1)), 
[debug] current_player=1 (R), 
[debug] board[(2, 1)]=8, board[(2, 1)]=8, 
[debug] board state:
[[ 3 14  2  1]
 [14 15  6  6]
 [ 5  8  0  1]
 [ 6  6  6 15]
 [13 15  9 13]
 [ 4 11  8 15]
 [15  4 15  9]
 [15 10 15 13]], 

=11 

=16 

=12 a8 b8

[debug] move action_id=8, action=((0, 0), (0, 1)), 
[debug] current_player=0 (B), 
[debug] board[(0, 0)]=14, board[(0, 1)]=3, 
[debug] board state:
[[14  3  2  1]
 [14 15  6  6]
 [ 5  8  0  1]
 [ 6  6  6 15]
 [13 15  9 13]
 [ 4 11  8 15]
 [15  4 15  9]
 [15 10 15 13]], 

=10 

=16 

[debug] move action_id=146, action=((2, 1), (3, 1)), 
[debug] current_player=1 (R), 
[debug] board[(2, 1)]=14, board[(3, 1)]=8, 
[debug] board state:
[[14  3  2  1]
 [14 15  6  6]
 [ 5 14  0  1]
 [ 6  8  6 15]
 [13 15  9 13]
 [ 4 11  8 15]
 [15  4 15  9]
 [15 10 15 13]], 

=10 

=16 

=12 b8 a8

[debug] move action_id=19, action=((0, 1), (0, 0)), 
[debug] current_player=0 (B), 
[debug] board[(0, 1)]=14, board[(0, 0)]=3, 
[debug] board state:
[[ 3 14  2  1]
 [14 15  6  6]
 [ 5 14  0  1]
 [ 6  8  6 15]
 [13 15  9 13]
 [ 4 11  8 15]
 [15  4 15  9]
 [15 10 15 13]], 

=10 

=16 

[debug] move action_id=152, action=((3, 1), (3, 2)), 
[debug] current_player=1 (R), 
[debug] board[(3, 1)]=14, board[(3, 2)]=8, 
[debug] board state:
[[ 3 14  2  1]
 [14 15  6  6]
 [ 5 14  0  1]
 [ 6 14  8 15]
 [13 15  9 13]
 [ 4 11  8 15]
 [15  4 15  9]
 [15 10 15 13]], 

=10 

=16 

=12 a8 b8

[debug] move action_id=8, action=((0, 0), (0, 1)), 
[debug] current_player=0 (B), 
[debug] board[(0, 0)]=14, board[(0, 1)]=3, 
[debug] board state:
[[14  3  2  1]
 [14 15  6  6]
 [ 5 14  0  1]
 [ 6 14  8 15]
 [13 15  9 13]
 [ 4 11  8 15]
 [15  4 15  9]
 [15 10 15 13]], 

=10 

=16 

[debug] move action_id=163, action=((3, 2), (3, 1)), 
[debug] current_player=1 (R), 
[debug] board[(3, 2)]=14, board[(3, 1)]=8, 
[debug] board state:
[[14  3  2  1]
 [14 15  6  6]
 [ 5 14  0  1]
 [ 6  8 14 15]
 [13 15  9 13]
 [ 4 11  8 15]
 [15  4 15  9]
 [15 10 15 13]], 

=10 

=16 

=12 b8 a8

[debug] move action_id=19, action=((0, 1), (0, 0)), 
[debug] current_player=0 (B), 
[debug] board[(0, 1)]=14, board[(0, 0)]=3, 
[debug] board state:
[[ 3 14  2  1]
 [14 15  6  6]
 [ 5 14  0  1]
 [ 6  8 14 15]
 [13 15  9 13]
 [ 4 11  8 15]
 [15  4 15  9]
 [15 10 15 13]], 

=10 

=16 

[debug] move action_id=151, action=((3, 1), (3, 0)), 
[debug] current_player=1 (R), 
[debug] board[(3, 1)]=14, board[(3, 0)]=8, 
[debug] board state:
[[ 3 14  2  1]
 [14 15  6  6]
 [ 5 14  0  1]
 [ 8 14 14 15]
 [13 15  9 13]
 [ 4 11  8 15]
 [15  4 15  9]
 [15 10 15 13]], 

=10 

=16 

=12 a8 b8

[debug] move action_id=8, action=((0, 0), (0, 1)), 
[debug] current_player=0 (B), 
[debug] board[(0, 0)]=14, board[(0, 1)]=3, 
[debug] board state:
[[14  3  2  1]
 [14 15  6  6]
 [ 5 14  0  1]
 [ 8 14 14 15]
 [13 15  9 13]
 [ 4 11  8 15]
 [15  4 15  9]
 [15 10 15 13]], 

=10 

=16 

[debug] move action_id=140, action=((3, 0), (3, 1)), 
[debug] current_player=1 (R), 
[debug] board[(3, 0)]=14, board[(3, 1)]=8, 
[debug] board state:
[[14  3  2  1]
 [14 15  6  6]
 [ 5 14  0  1]
 [14  8 14 15]
 [13 15  9 13]
 [ 4 11  8 15]
 [15  4 15  9]
 [15 10 15 13]], 

=10 

=16 

=12 b8 a8

[debug] move action_id=19, action=((0, 1), (0, 0)), 
[debug] current_player=0 (B), 
[debug] board[(0, 1)]=14, board[(0, 0)]=3, 
[debug] board state:
[[ 3 14  2  1]
 [14 15  6  6]
 [ 5 14  0  1]
 [14  8 14 15]
 [13 15  9 13]
 [ 4 11  8 15]
 [15  4 15  9]
 [15 10 15 13]], 

=10 

=16 

[debug] move action_id=286, action=((6, 2), (6, 2)), 
[debug] current_player=1 (R), 
[debug] board[(6, 2)]=5, board[(6, 2)]=5, 
[debug] board state:
[[ 3 14  2  1]
 [14 15  6  6]
 [ 5 14  0  1]
 [14  8 14 15]
 [13 15  9 13]
 [ 4 11  8 15]
 [15  4  5  9]
 [15 10 15 13]], 

=11 

=16 

=12 a8 b8

[debug] move action_id=8, action=((0, 0), (0, 1)), 
[debug] current_player=0 (B), 
[debug] board[(0, 0)]=14, board[(0, 1)]=3, 
[debug] board state:
[[14  3  2  1]
 [14 15  6  6]
 [ 5 14  0  1]
 [14  8 14 15]
 [13 15  9 13]
 [ 4 11  8 15]
 [15  4  5  9]
 [15 10 15 13]], 

=10 

=16 

[debug] move action_id=308, action=((7, 0), (7, 0)), 
[debug] current_player=1 (R), 
[debug] board[(7, 0)]=13, board[(7, 0)]=13, 
[debug] board state:
[[14  3  2  1]
 [14 15  6  6]
 [ 5 14  0  1]
 [14  8 14 15]
 [13 15  9 13]
 [ 4 11  8 15]
 [15  4  5  9]
 [13 10 15 13]], 

=11 

=16 

=12 b8 a8

[debug] move action_id=19, action=((0, 1), (0, 0)), 
[debug] current_player=0 (B), 
[debug] board[(0, 1)]=14, board[(0, 0)]=3, 
[debug] board state:
[[ 3 14  2  1]
 [14 15  6  6]
 [ 5 14  0  1]
 [14  8 14 15]
 [13 15  9 13]
 [ 4 11  8 15]
 [15  4  5  9]
 [13 10 15 13]], 

=10 

=16 

[debug] move action_id=55, action=((1, 1), (1, 1)), 
[debug] current_player=1 (R), 
[debug] board[(1, 1)]=12, board[(1, 1)]=12, 
[debug] board state:
[[ 3 14  2  1]
 [14 12  6  6]
 [ 5 14  0  1]
 [14  8 14 15]
 [13 15  9 13]
 [ 4 11  8 15]
 [15  4  5  9]
 [13 10 15 13]], 

=11 

=16 

=12 a8 b8

[debug] move action_id=8, action=((0, 0), (0, 1)), 
[debug] current_player=0 (B), 
[debug] board[(0, 0)]=14, board[(0, 1)]=3, 
[debug] board state:
[[14  3  2  1]
 [14 12  6  6]
 [ 5 14  0  1]
 [14  8 14 15]
 [13 15  9 13]
 [ 4 11  8 15]
 [15  4  5  9]
 [13 10 15 13]], 

=10 

=16 

[debug] move action_id=101, action=((1, 1), (2, 1)), 
[debug] current_player=1 (R), 
[debug] board[(1, 1)]=14, board[(2, 1)]=12, 
[debug] board state:
[[14  3  2  1]
 [14 14  6  6]
 [ 5 12  0  1]
 [14  8 14 15]
 [13 15  9 13]
 [ 4 11  8 15]
 [15  4  5  9]
 [13 10 15 13]], 

=10 

=16 

=12 b8 a8

[debug] move action_id=19, action=((0, 1), (0, 0)), 
[debug] current_player=0 (B), 
[debug] board[(0, 1)]=14, board[(0, 0)]=3, 
[debug] board state:
[[ 3 14  2  1]
 [14 14  6  6]
 [ 5 12  0  1]
 [14  8 14 15]
 [13 15  9 13]
 [ 4 11  8 15]
 [15  4  5  9]
 [13 10 15 13]], 

=10 

=16 

[debug] move action_id=151, action=((3, 1), (3, 0)), 
[debug] current_player=1 (R), 
[debug] board[(3, 1)]=14, board[(3, 0)]=8, 
[debug] board state:
[[ 3 14  2  1]
 [14 14  6  6]
 [ 5 12  0  1]
 [ 8 14 14 15]
 [13 15  9 13]
 [ 4 11  8 15]
 [15  4  5  9]
 [13 10 15 13]], 

=10 

=16 

=12 a8 b8

[debug] move action_id=8, action=((0, 0), (0, 1)), 
[debug] current_player=0 (B), 
[debug] board[(0, 0)]=14, board[(0, 1)]=3, 
[debug] board state:
[[14  3  2  1]
 [14 14  6  6]
 [ 5 12  0  1]
 [ 8 14 14 15]
 [13 15  9 13]
 [ 4 11  8 15]
 [15  4  5  9]
 [13 10 15 13]], 

=10 

=16 

[debug] move action_id=140, action=((3, 0), (3, 1)), 
[debug] current_player=1 (R), 
[debug] board[(3, 0)]=14, board[(3, 1)]=8, 
[debug] board state:
[[14  3  2  1]
 [14 14  6  6]
 [ 5 12  0  1]
 [14  8 14 15]
 [13 15  9 13]
 [ 4 11  8 15]
 [15  4  5  9]
 [13 10 15 13]], 

=10 

=16 

=12 b8 a8

[debug] move action_id=19, action=((0, 1), (0, 0)), 
[debug] current_player=0 (B), 
[debug] board[(0, 1)]=14, board[(0, 0)]=3, 
[debug] board state:
[[ 3 14  2  1]
 [14 14  6  6]
 [ 5 12  0  1]
 [14  8 14 15]
 [13 15  9 13]
 [ 4 11  8 15]
 [15  4  5  9]
 [13 10 15 13]], 

=10 

=16 

[debug] move action_id=151, action=((3, 1), (3, 0)), 
[debug] current_player=1 (R), 
[debug] board[(3, 1)]=14, board[(3, 0)]=8, 
[debug] board state:
[[ 3 14  2  1]
 [14 14  6  6]
 [ 5 12  0  1]
 [ 8 14 14 15]
 [13 15  9 13]
 [ 4 11  8 15]
 [15  4  5  9]
 [13 10 15 13]], 

=10 

=16 

=12 a8 b8

[debug] move action_id=8, action=((0, 0), (0, 1)), 
[debug] current_player=0 (B), 
[debug] board[(0, 0)]=14, board[(0, 1)]=3, 
[debug] board state:
[[14  3  2  1]
 [14 14  6  6]
 [ 5 12  0  1]
 [ 8 14 14 15]
 [13 15  9 13]
 [ 4 11  8 15]
 [15  4  5  9]
 [13 10 15 13]], 

=10 

=16 

[debug] move action_id=140, action=((3, 0), (3, 1)), 
[debug] current_player=1 (R), 
[debug] board[(3, 0)]=14, board[(3, 1)]=8, 
[debug] board state:
[[14  3  2  1]
 [14 14  6  6]
 [ 5 12  0  1]
 [14  8 14 15]
 [13 15  9 13]
 [ 4 11  8 15]
 [15  4  5  9]
 [13 10 15 13]], 

=10 

=16 

=12 b8 a8

[debug] move action_id=19, action=((0, 1), (0, 0)), 
[debug] current_player=0 (B), 
[debug] board[(0, 1)]=14, board[(0, 0)]=3, 
[debug] board state:
[[ 3 14  2  1]
 [14 14  6  6]
 [ 5 12  0  1]
 [14  8 14 15]
 [13 15  9 13]
 [ 4 11  8 15]
 [15  4  5  9]
 [13 10 15 13]], 

=10 

=16 

[debug] move action_id=151, action=((3, 1), (3, 0)), 
[debug] current_player=1 (R), 
[debug] board[(3, 1)]=14, board[(3, 0)]=8, 
[debug] board state:
[[ 3 14  2  1]
 [14 14  6  6]
 [ 5 12  0  1]
 [ 8 14 14 15]
 [13 15  9 13]
 [ 4 11  8 15]
 [15  4  5  9]
 [13 10 15 13]], 

=10 

=16 

=12 a8 b8

[debug] move action_id=8, action=((0, 0), (0, 1)), 
[debug] current_player=0 (B), 
[debug] board[(0, 0)]=14, board[(0, 1)]=3, 
[debug] board state:
[[14  3  2  1]
 [14 14  6  6]
 [ 5 12  0  1]
 [ 8 14 14 15]
 [13 15  9 13]
 [ 4 11  8 15]
 [15  4  5  9]
 [13 10 15 13]], 

=10 

=16 

[debug] move action_id=140, action=((3, 0), (3, 1)), 
[debug] current_player=1 (R), 
[debug] board[(3, 0)]=14, board[(3, 1)]=8, 
[debug] board state:
[[14  3  2  1]
 [14 14  6  6]
 [ 5 12  0  1]
 [14  8 14 15]
 [13 15  9 13]
 [ 4 11  8 15]
 [15  4  5  9]
 [13 10 15 13]], 

=10 

=16 


# 10 27 29 63 65 99 101 135 137 171 173 207 209 243 245 279 281 315 317 351 353 387 389 423 425 459 461 495 497 531 533 567 569 603 605 639 641 675 677 711 713 747 749 783 785 819 821 855 857 891 893 927 929 963 965 999 1001 1035 1037 1071 1073 1107 1109 1143 1145 1179 1181 1215 1217 1251 1253 #
/home/ntcucsk201/anaconda3/envs/darkchess/lib/python3.10/site-packages/treevalue/tree/integration/torch.py:23: FutureWarning: `torch.utils._pytree._register_pytree_node` is deprecated. Please use `torch.utils._pytree.register_pytree_node` instead.
  register_for_torch(TreeValue)
/home/ntcucsk201/anaconda3/envs/darkchess/lib/python3.10/site-packages/treevalue/tree/integration/torch.py:24: FutureWarning: `torch.utils._pytree._register_pytree_node` is deprecated. Please use `torch.utils._pytree.register_pytree_node` instead.
  register_for_torch(FastTreeValue)
Gym has been unmaintained since 2022 and does not support NumPy 2.0 amongst other critical functionality.
Please upgrade to Gymnasium, the maintained drop-in replacement of Gym, or contact the authors of your software and request that they upgrade.
See the migration guide at https://gymnasium.farama.org/introduction/migration_guide/ for additional information.
[DEBUG] Config loaded successfully
/home/ntcucsk201/DarkChess/LightZero/zoo/board_games/darkchess/alphazero_mgtp.py:38: FutureWarning: You are using `torch.load` with `weights_only=False` (the current default value), which uses the default pickle module implicitly. It is possible to construct malicious pickle data which will execute arbitrary code during unpickling (See https://github.com/pytorch/pytorch/blob/main/SECURITY.md#untrusted-models for more details). In a future release, the default value for `weights_only` will be flipped to `True`. This limits the functions that could be executed during unpickling. Arbitrary objects will no longer be allowed to be loaded via this mode unless they are explicitly allowlisted by the user via `torch.serialization.add_safe_globals`. We recommend you start setting `weights_only=True` for any use case where you don't have full control of the loaded file. Please open an issue on GitHub for any issues related to this experimental feature.
  checkpoint = torch.load(model_path, map_location='cpu')
[DEBUG] Model moved to device: cuda:0

###
Account: a1_alphazero
Mode: MGTP
Path: /home/ntcucsk201/anaconda3/envs/darkchess/bin/python
Arg: /home/ntcucsk201/DarkChess/LightZero/zoo/board_games/darkchess/alphazero_mgtp.py -model_path /home/ntcucsk201/DarkChess/LightZero/zoo/board_games/darkchess/data_alphazero/darkchess_alphazero_ns1000_upc50_rer0.2_bs512_260222_173317/ckpt/ckpt_best.pth.tar -config_path /home/ntcucsk201/DarkChess/LightZero/zoo/board_games/darkchess/data_alphazero/darkchess_alphazero_ns1000_upc50_rer0.2_bs512_260222_173317/formatted_total_config.py
Name: LightZero_DarkChess
Version: 1.0.0
###
