INITIAL
* 11:14pm Feb 22, 2026
* a1_alphazero vs a0_mu
* 1 2 2 2 2 2 5 1 2 2 2 2 2 5
* X X X X
* X X X X
* X X X X
* X X X X
* X X X X
* X X X X
* X X X X
* X X X X
* first 1
* time 900
* 1. a8(n) b1(N)
* 2. b8(N) c7(P)
* 3. a8-b8 a6(c)
* 4. b8-a8 b5(P)
* 5. a8-b8 a4(p)
* 6. b8-a8 d6(R)
* 7. a8-b8 a7(P)
* 8. b8-a8 a5(G)
* 9. a8-b8 c5(P)
* 10. b8-a8 c4(P)
* 11. a8-b8 c3(G)
* 12. b8-a8 b7(g)
* 13. a8-b8 d4(p)
* 14. b8-a8 c2(r)
* 15. a8-b8 b2(p)
* 16. b8-a8 d1(n)
* 17. a8-b8 c8(p)
* 18. b8-a8 d8(m)
* 19. a8-b8 d2(k)
* 20. b8-a8 d7(M)
* 21. a8-b8 a3(g)
* 22. b8-a8 b3(m)
* 23. a8-b8 c1(c)
* 24. b8-a8 a5-a4
* 25. a8-b8 a4-a3
* 26. b8-a8 c3-c2
* 27. a8-b8 c2-c3
* 28. b8-a8 c3-c2
* 29. a8-b8 c2-c3
* 30. b8-a8 c3-c2
* 31. a8-b8 c2-c3
* 32. b8-a8 c3-c2
* PositionRepetitionDraw,3,4 a1_alphazero Draw 0.500000,0.500000
* Comment 0 0
0. 1771773266580
1. 1771773266580
2. 1771773268767
3. 1771773269176
4. 1771773271122
5. 1771773271530
6. 1771773273526
7. 1771773273935
8. 1771773275980
9. 1771773276391
10. 1771773278434
11. 1771773278846
12. 1771773280888
13. 1771773281301
14. 1771773283293
15. 1771773283706
16. 1771773285698
17. 1771773286111
18. 1771773288153
19. 1771773288566
20. 1771773290608
21. 1771773291021
22. 1771773293062
23. 1771773293476
24. 1771773295517
25. 1771773295931
26. 1771773297974
27. 1771773298386
28. 1771773300430
29. 1771773300841
30. 1771773302886
31. 1771773303295
32. 1771773305292
33. 1771773305701
34. 1771773307699
35. 1771773308105
36. 1771773310103
37. 1771773310508
38. 1771773312506
39. 1771773312910
40. 1771773314909
41. 1771773315313
42. 1771773317312
43. 1771773317716
44. 1771773319715
45. 1771773320119
46. 1771773322120
47. 1771773322524
48. 1771773324525
49. 1771773324927
50. 1771773326929
51. 1771773327330
52. 1771773329332
53. 1771773329732
54. 1771773331735
55. 1771773332136
56. 1771773334139
57. 1771773334539
58. 1771773336543
59. 1771773336944
60. 1771773338946
61. 1771773339349
62. 1771773341350
63. 1771773341753
64. 1771773343753

# 10 12 46 48 82 84 118 120 154 156 190 192 226 228 262 264 298 300 334 336 370 372 406 408 442 444 478 480 514 516 550 552 586 588 622 624 658 660 694 696 730 732 766 768 802 804 838 840 874 876 910 912 946 948 982 984 1018 1020 1054 1056 1090 1092 1126 1128 #
LightZero MGTP Interface Ready
=1 LightZero_DarkChess

=2 1.0.0

=7 

=15 

=14 

=12 a8 a8

[debug] move action_id=0, action=((0, 0), (0, 0)), 
[debug] current_player=1 (R), 
[debug] board[(0, 0)]=11, board[(0, 0)]=11, 
[debug] board state:
[[11 15 15 15]
 [15 15 15 15]
 [15 15 15 15]
 [15 15 15 15]
 [15 15 15 15]
 [15 15 15 15]
 [15 15 15 15]
 [15 15 15 15]], 

=11 

=16 

[debug] move action_id=319, action=((7, 1), (7, 1)), 
[debug] current_player=0 (B), 
[debug] board[(7, 1)]=4, board[(7, 1)]=4, 
[debug] board state:
[[11 15 15 15]
 [15 15 15 15]
 [15 15 15 15]
 [15 15 15 15]
 [15 15 15 15]
 [15 15 15 15]
 [15 15 15 15]
 [15  4 15 15]], 

=11 

=16 

=12 b8 b8

[debug] move action_id=11, action=((0, 1), (0, 1)), 
[debug] current_player=1 (R), 
[debug] board[(0, 1)]=4, board[(0, 1)]=4, 
[debug] board state:
[[11  4 15 15]
 [15 15 15 15]
 [15 15 15 15]
 [15 15 15 15]
 [15 15 15 15]
 [15 15 15 15]
 [15 15 15 15]
 [15  4 15 15]], 

=11 

=16 

[debug] move action_id=66, action=((1, 2), (1, 2)), 
[debug] current_player=0 (B), 
[debug] board[(1, 2)]=6, board[(1, 2)]=6, 
[debug] board state:
[[11  4 15 15]
 [15 15  6 15]
 [15 15 15 15]
 [15 15 15 15]
 [15 15 15 15]
 [15 15 15 15]
 [15 15 15 15]
 [15  4 15 15]], 

=11 

=16 

=12 a8 b8

[debug] move action_id=8, action=((0, 0), (0, 1)), 
[debug] current_player=1 (R), 
[debug] board[(0, 0)]=14, board[(0, 1)]=11, 
[debug] board state:
[[14 11 15 15]
 [15 15  6 15]
 [15 15 15 15]
 [15 15 15 15]
 [15 15 15 15]
 [15 15 15 15]
 [15 15 15 15]
 [15  4 15 15]], 

=10 

=16 

[debug] move action_id=88, action=((2, 0), (2, 0)), 
[debug] current_player=0 (B), 
[debug] board[(2, 0)]=12, board[(2, 0)]=12, 
[debug] board state:
[[14 11 15 15]
 [15 15  6 15]
 [12 15 15 15]
 [15 15 15 15]
 [15 15 15 15]
 [15 15 15 15]
 [15 15 15 15]
 [15  4 15 15]], 

=11 

=16 

=12 b8 a8

[debug] move action_id=19, action=((0, 1), (0, 0)), 
[debug] current_player=1 (R), 
[debug] board[(0, 1)]=14, board[(0, 0)]=11, 
[debug] board state:
[[11 14 15 15]
 [15 15  6 15]
 [12 15 15 15]
 [15 15 15 15]
 [15 15 15 15]
 [15 15 15 15]
 [15 15 15 15]
 [15  4 15 15]], 

=10 

=16 

[debug] move action_id=143, action=((3, 1), (3, 1)), 
[debug] current_player=0 (B), 
[debug] board[(3, 1)]=6, board[(3, 1)]=6, 
[debug] board state:
[[11 14 15 15]
 [15 15  6 15]
 [12 15 15 15]
 [15  6 15 15]
 [15 15 15 15]
 [15 15 15 15]
 [15 15 15 15]
 [15  4 15 15]], 

=11 

=16 

=12 a8 b8

[debug] move action_id=8, action=((0, 0), (0, 1)), 
[debug] current_player=1 (R), 
[debug] board[(0, 0)]=14, board[(0, 1)]=11, 
[debug] board state:
[[14 11 15 15]
 [15 15  6 15]
 [12 15 15 15]
 [15  6 15 15]
 [15 15 15 15]
 [15 15 15 15]
 [15 15 15 15]
 [15  4 15 15]], 

=10 

=16 

[debug] move action_id=176, action=((4, 0), (4, 0)), 
[debug] current_player=0 (B), 
[debug] board[(4, 0)]=13, board[(4, 0)]=13, 
[debug] board state:
[[14 11 15 15]
 [15 15  6 15]
 [12 15 15 15]
 [15  6 15 15]
 [13 15 15 15]
 [15 15 15 15]
 [15 15 15 15]
 [15  4 15 15]], 

=11 

=16 

=12 b8 a8

[debug] move action_id=19, action=((0, 1), (0, 0)), 
[debug] current_player=1 (R), 
[debug] board[(0, 1)]=14, board[(0, 0)]=11, 
[debug] board state:
[[11 14 15 15]
 [15 15  6 15]
 [12 15 15 15]
 [15  6 15 15]
 [13 15 15 15]
 [15 15 15 15]
 [15 15 15 15]
 [15  4 15 15]], 

=10 

=16 

[debug] move action_id=121, action=((2, 3), (2, 3)), 
[debug] current_player=0 (B), 
[debug] board[(2, 3)]=3, board[(2, 3)]=3, 
[debug] board state:
[[11 14 15 15]
 [15 15  6 15]
 [12 15 15  3]
 [15  6 15 15]
 [13 15 15 15]
 [15 15 15 15]
 [15 15 15 15]
 [15  4 15 15]], 

=11 

=16 

=12 a8 b8

[debug] move action_id=8, action=((0, 0), (0, 1)), 
[debug] current_player=1 (R), 
[debug] board[(0, 0)]=14, board[(0, 1)]=11, 
[debug] board state:
[[14 11 15 15]
 [15 15  6 15]
 [12 15 15  3]
 [15  6 15 15]
 [13 15 15 15]
 [15 15 15 15]
 [15 15 15 15]
 [15  4 15 15]], 

=10 

=16 

[debug] move action_id=44, action=((1, 0), (1, 0)), 
[debug] current_player=0 (B), 
[debug] board[(1, 0)]=6, board[(1, 0)]=6, 
[debug] board state:
[[14 11 15 15]
 [ 6 15  6 15]
 [12 15 15  3]
 [15  6 15 15]
 [13 15 15 15]
 [15 15 15 15]
 [15 15 15 15]
 [15  4 15 15]], 

=11 

=16 

=12 b8 a8

[debug] move action_id=19, action=((0, 1), (0, 0)), 
[debug] current_player=1 (R), 
[debug] board[(0, 1)]=14, board[(0, 0)]=11, 
[debug] board state:
[[11 14 15 15]
 [ 6 15  6 15]
 [12 15 15  3]
 [15  6 15 15]
 [13 15 15 15]
 [15 15 15 15]
 [15 15 15 15]
 [15  4 15 15]], 

=10 

=16 

[debug] move action_id=132, action=((3, 0), (3, 0)), 
[debug] current_player=0 (B), 
[debug] board[(3, 0)]=1, board[(3, 0)]=1, 
[debug] board state:
[[11 14 15 15]
 [ 6 15  6 15]
 [12 15 15  3]
 [ 1  6 15 15]
 [13 15 15 15]
 [15 15 15 15]
 [15 15 15 15]
 [15  4 15 15]], 

=11 

=16 

=12 a8 b8

[debug] move action_id=8, action=((0, 0), (0, 1)), 
[debug] current_player=1 (R), 
[debug] board[(0, 0)]=14, board[(0, 1)]=11, 
[debug] board state:
[[14 11 15 15]
 [ 6 15  6 15]
 [12 15 15  3]
 [ 1  6 15 15]
 [13 15 15 15]
 [15 15 15 15]
 [15 15 15 15]
 [15  4 15 15]], 

=10 

=16 

[debug] move action_id=154, action=((3, 2), (3, 2)), 
[debug] current_player=0 (B), 
[debug] board[(3, 2)]=6, board[(3, 2)]=6, 
[debug] board state:
[[14 11 15 15]
 [ 6 15  6 15]
 [12 15 15  3]
 [ 1  6  6 15]
 [13 15 15 15]
 [15 15 15 15]
 [15 15 15 15]
 [15  4 15 15]], 

=11 

=16 

=12 b8 a8

[debug] move action_id=19, action=((0, 1), (0, 0)), 
[debug] current_player=1 (R), 
[debug] board[(0, 1)]=14, board[(0, 0)]=11, 
[debug] board state:
[[11 14 15 15]
 [ 6 15  6 15]
 [12 15 15  3]
 [ 1  6  6 15]
 [13 15 15 15]
 [15 15 15 15]
 [15 15 15 15]
 [15  4 15 15]], 

=10 

=16 

[debug] move action_id=198, action=((4, 2), (4, 2)), 
[debug] current_player=0 (B), 
[debug] board[(4, 2)]=6, board[(4, 2)]=6, 
[debug] board state:
[[11 14 15 15]
 [ 6 15  6 15]
 [12 15 15  3]
 [ 1  6  6 15]
 [13 15  6 15]
 [15 15 15 15]
 [15 15 15 15]
 [15  4 15 15]], 

=11 

=16 

=12 a8 b8

[debug] move action_id=8, action=((0, 0), (0, 1)), 
[debug] current_player=1 (R), 
[debug] board[(0, 0)]=14, board[(0, 1)]=11, 
[debug] board state:
[[14 11 15 15]
 [ 6 15  6 15]
 [12 15 15  3]
 [ 1  6  6 15]
 [13 15  6 15]
 [15 15 15 15]
 [15 15 15 15]
 [15  4 15 15]], 

=10 

=16 

[debug] move action_id=242, action=((5, 2), (5, 2)), 
[debug] current_player=0 (B), 
[debug] board[(5, 2)]=1, board[(5, 2)]=1, 
[debug] board state:
[[14 11 15 15]
 [ 6 15  6 15]
 [12 15 15  3]
 [ 1  6  6 15]
 [13 15  6 15]
 [15 15  1 15]
 [15 15 15 15]
 [15  4 15 15]], 

=11 

=16 

=12 b8 a8

[debug] move action_id=19, action=((0, 1), (0, 0)), 
[debug] current_player=1 (R), 
[debug] board[(0, 1)]=14, board[(0, 0)]=11, 
[debug] board state:
[[11 14 15 15]
 [ 6 15  6 15]
 [12 15 15  3]
 [ 1  6  6 15]
 [13 15  6 15]
 [15 15  1 15]
 [15 15 15 15]
 [15  4 15 15]], 

=10 

=16 

[debug] move action_id=55, action=((1, 1), (1, 1)), 
[debug] current_player=0 (B), 
[debug] board[(1, 1)]=8, board[(1, 1)]=8, 
[debug] board state:
[[11 14 15 15]
 [ 6  8  6 15]
 [12 15 15  3]
 [ 1  6  6 15]
 [13 15  6 15]
 [15 15  1 15]
 [15 15 15 15]
 [15  4 15 15]], 

=11 

=16 

=12 a8 b8

[debug] move action_id=8, action=((0, 0), (0, 1)), 
[debug] current_player=1 (R), 
[debug] board[(0, 0)]=14, board[(0, 1)]=11, 
[debug] board state:
[[14 11 15 15]
 [ 6  8  6 15]
 [12 15 15  3]
 [ 1  6  6 15]
 [13 15  6 15]
 [15 15  1 15]
 [15 15 15 15]
 [15  4 15 15]], 

=10 

=16 

[debug] move action_id=209, action=((4, 3), (4, 3)), 
[debug] current_player=0 (B), 
[debug] board[(4, 3)]=13, board[(4, 3)]=13, 
[debug] board state:
[[14 11 15 15]
 [ 6  8  6 15]
 [12 15 15  3]
 [ 1  6  6 15]
 [13 15  6 13]
 [15 15  1 15]
 [15 15 15 15]
 [15  4 15 15]], 

=11 

=16 

=12 b8 a8

[debug] move action_id=19, action=((0, 1), (0, 0)), 
[debug] current_player=1 (R), 
[debug] board[(0, 1)]=14, board[(0, 0)]=11, 
[debug] board state:
[[11 14 15 15]
 [ 6  8  6 15]
 [12 15 15  3]
 [ 1  6  6 15]
 [13 15  6 13]
 [15 15  1 15]
 [15 15 15 15]
 [15  4 15 15]], 

=10 

=16 

[debug] move action_id=286, action=((6, 2), (6, 2)), 
[debug] current_player=0 (B), 
[debug] board[(6, 2)]=10, board[(6, 2)]=10, 
[debug] board state:
[[11 14 15 15]
 [ 6  8  6 15]
 [12 15 15  3]
 [ 1  6  6 15]
 [13 15  6 13]
 [15 15  1 15]
 [15 15 10 15]
 [15  4 15 15]], 

=11 

=16 

=12 a8 b8

[debug] move action_id=8, action=((0, 0), (0, 1)), 
[debug] current_player=1 (R), 
[debug] board[(0, 0)]=14, board[(0, 1)]=11, 
[debug] board state:
[[14 11 15 15]
 [ 6  8  6 15]
 [12 15 15  3]
 [ 1  6  6 15]
 [13 15  6 13]
 [15 15  1 15]
 [15 15 10 15]
 [15  4 15 15]], 

=10 

=16 

[debug] move action_id=275, action=((6, 1), (6, 1)), 
[debug] current_player=0 (B), 
[debug] board[(6, 1)]=13, board[(6, 1)]=13, 
[debug] board state:
[[14 11 15 15]
 [ 6  8  6 15]
 [12 15 15  3]
 [ 1  6  6 15]
 [13 15  6 13]
 [15 15  1 15]
 [15 13 10 15]
 [15  4 15 15]], 

=11 

=16 

=12 b8 a8

[debug] move action_id=19, action=((0, 1), (0, 0)), 
[debug] current_player=1 (R), 
[debug] board[(0, 1)]=14, board[(0, 0)]=11, 
[debug] board state:
[[11 14 15 15]
 [ 6  8  6 15]
 [12 15 15  3]
 [ 1  6  6 15]
 [13 15  6 13]
 [15 15  1 15]
 [15 13 10 15]
 [15  4 15 15]], 

=10 

=16 

[debug] move action_id=341, action=((7, 3), (7, 3)), 
[debug] current_player=0 (B), 
[debug] board[(7, 3)]=11, board[(7, 3)]=11, 
[debug] board state:
[[11 14 15 15]
 [ 6  8  6 15]
 [12 15 15  3]
 [ 1  6  6 15]
 [13 15  6 13]
 [15 15  1 15]
 [15 13 10 15]
 [15  4 15 11]], 

=11 

=16 

=12 a8 b8

[debug] move action_id=8, action=((0, 0), (0, 1)), 
[debug] current_player=1 (R), 
[debug] board[(0, 0)]=14, board[(0, 1)]=11, 
[debug] board state:
[[14 11 15 15]
 [ 6  8  6 15]
 [12 15 15  3]
 [ 1  6  6 15]
 [13 15  6 13]
 [15 15  1 15]
 [15 13 10 15]
 [15  4 15 11]], 

=10 

=16 

[debug] move action_id=22, action=((0, 2), (0, 2)), 
[debug] current_player=0 (B), 
[debug] board[(0, 2)]=13, board[(0, 2)]=13, 
[debug] board state:
[[14 11 13 15]
 [ 6  8  6 15]
 [12 15 15  3]
 [ 1  6  6 15]
 [13 15  6 13]
 [15 15  1 15]
 [15 13 10 15]
 [15  4 15 11]], 

=11 

=16 

=12 b8 a8

[debug] move action_id=19, action=((0, 1), (0, 0)), 
[debug] current_player=1 (R), 
[debug] board[(0, 1)]=14, board[(0, 0)]=11, 
[debug] board state:
[[11 14 13 15]
 [ 6  8  6 15]
 [12 15 15  3]
 [ 1  6  6 15]
 [13 15  6 13]
 [15 15  1 15]
 [15 13 10 15]
 [15  4 15 11]], 

=10 

=16 

[debug] move action_id=33, action=((0, 3), (0, 3)), 
[debug] current_player=0 (B), 
[debug] board[(0, 3)]=9, board[(0, 3)]=9, 
[debug] board state:
[[11 14 13  9]
 [ 6  8  6 15]
 [12 15 15  3]
 [ 1  6  6 15]
 [13 15  6 13]
 [15 15  1 15]
 [15 13 10 15]
 [15  4 15 11]], 

=11 

=16 

=12 a8 b8

[debug] move action_id=8, action=((0, 0), (0, 1)), 
[debug] current_player=1 (R), 
[debug] board[(0, 0)]=14, board[(0, 1)]=11, 
[debug] board state:
[[14 11 13  9]
 [ 6  8  6 15]
 [12 15 15  3]
 [ 1  6  6 15]
 [13 15  6 13]
 [15 15  1 15]
 [15 13 10 15]
 [15  4 15 11]], 

=10 

=16 

[debug] move action_id=297, action=((6, 3), (6, 3)), 
[debug] current_player=0 (B), 
[debug] board[(6, 3)]=7, board[(6, 3)]=7, 
[debug] board state:
[[14 11 13  9]
 [ 6  8  6 15]
 [12 15 15  3]
 [ 1  6  6 15]
 [13 15  6 13]
 [15 15  1 15]
 [15 13 10  7]
 [15  4 15 11]], 

=11 

=16 

=12 b8 a8

[debug] move action_id=19, action=((0, 1), (0, 0)), 
[debug] current_player=1 (R), 
[debug] board[(0, 1)]=14, board[(0, 0)]=11, 
[debug] board state:
[[11 14 13  9]
 [ 6  8  6 15]
 [12 15 15  3]
 [ 1  6  6 15]
 [13 15  6 13]
 [15 15  1 15]
 [15 13 10  7]
 [15  4 15 11]], 

=10 

=16 

[debug] move action_id=77, action=((1, 3), (1, 3)), 
[debug] current_player=0 (B), 
[debug] board[(1, 3)]=2, board[(1, 3)]=2, 
[debug] board state:
[[11 14 13  9]
 [ 6  8  6  2]
 [12 15 15  3]
 [ 1  6  6 15]
 [13 15  6 13]
 [15 15  1 15]
 [15 13 10  7]
 [15  4 15 11]], 

=11 

=16 

=12 a8 b8

[debug] move action_id=8, action=((0, 0), (0, 1)), 
[debug] current_player=1 (R), 
[debug] board[(0, 0)]=14, board[(0, 1)]=11, 
[debug] board state:
[[14 11 13  9]
 [ 6  8  6  2]
 [12 15 15  3]
 [ 1  6  6 15]
 [13 15  6 13]
 [15 15  1 15]
 [15 13 10  7]
 [15  4 15 11]], 

=10 

=16 

[debug] move action_id=220, action=((5, 0), (5, 0)), 
[debug] current_player=0 (B), 
[debug] board[(5, 0)]=8, board[(5, 0)]=8, 
[debug] board state:
[[14 11 13  9]
 [ 6  8  6  2]
 [12 15 15  3]
 [ 1  6  6 15]
 [13 15  6 13]
 [ 8 15  1 15]
 [15 13 10  7]
 [15  4 15 11]], 

=11 

=16 

=12 b8 a8

[debug] move action_id=19, action=((0, 1), (0, 0)), 
[debug] current_player=1 (R), 
[debug] board[(0, 1)]=14, board[(0, 0)]=11, 
[debug] board state:
[[11 14 13  9]
 [ 6  8  6  2]
 [12 15 15  3]
 [ 1  6  6 15]
 [13 15  6 13]
 [ 8 15  1 15]
 [15 13 10  7]
 [15  4 15 11]], 

=10 

=16 

[debug] move action_id=231, action=((5, 1), (5, 1)), 
[debug] current_player=0 (B), 
[debug] board[(5, 1)]=9, board[(5, 1)]=9, 
[debug] board state:
[[11 14 13  9]
 [ 6  8  6  2]
 [12 15 15  3]
 [ 1  6  6 15]
 [13 15  6 13]
 [ 8  9  1 15]
 [15 13 10  7]
 [15  4 15 11]], 

=11 

=16 

=12 a8 b8

[debug] move action_id=8, action=((0, 0), (0, 1)), 
[debug] current_player=1 (R), 
[debug] board[(0, 0)]=14, board[(0, 1)]=11, 
[debug] board state:
[[14 11 13  9]
 [ 6  8  6  2]
 [12 15 15  3]
 [ 1  6  6 15]
 [13 15  6 13]
 [ 8  9  1 15]
 [15 13 10  7]
 [15  4 15 11]], 

=10 

=16 

[debug] move action_id=330, action=((7, 2), (7, 2)), 
[debug] current_player=0 (B), 
[debug] board[(7, 2)]=12, board[(7, 2)]=12, 
[debug] board state:
[[14 11 13  9]
 [ 6  8  6  2]
 [12 15 15  3]
 [ 1  6  6 15]
 [13 15  6 13]
 [ 8  9  1 15]
 [15 13 10  7]
 [15  4 12 11]], 

=11 

=16 

=12 b8 a8

[debug] move action_id=19, action=((0, 1), (0, 0)), 
[debug] current_player=1 (R), 
[debug] board[(0, 1)]=14, board[(0, 0)]=11, 
[debug] board state:
[[11 14 13  9]
 [ 6  8  6  2]
 [12 15 15  3]
 [ 1  6  6 15]
 [13 15  6 13]
 [ 8  9  1 15]
 [15 13 10  7]
 [15  4 12 11]], 

=10 

=16 

[debug] move action_id=180, action=((3, 0), (4, 0)), 
[debug] current_player=0 (B), 
[debug] board[(3, 0)]=14, board[(4, 0)]=1, 
[debug] board state:
[[11 14 13  9]
 [ 6  8  6  2]
 [12 15 15  3]
 [14  6  6 15]
 [ 1 15  6 13]
 [ 8  9  1 15]
 [15 13 10  7]
 [15  4 12 11]], 

=10 

=16 

=12 a8 b8

[debug] move action_id=8, action=((0, 0), (0, 1)), 
[debug] current_player=1 (R), 
[debug] board[(0, 0)]=14, board[(0, 1)]=11, 
[debug] board state:
[[14 11 13  9]
 [ 6  8  6  2]
 [12 15 15  3]
 [14  6  6 15]
 [ 1 15  6 13]
 [ 8  9  1 15]
 [15 13 10  7]
 [15  4 12 11]], 

=10 

=16 

[debug] move action_id=225, action=((4, 0), (5, 0)), 
[debug] current_player=0 (B), 
[debug] board[(4, 0)]=14, board[(5, 0)]=1, 
[debug] board state:
[[14 11 13  9]
 [ 6  8  6  2]
 [12 15 15  3]
 [14  6  6 15]
 [14 15  6 13]
 [ 1  9  1 15]
 [15 13 10  7]
 [15  4 12 11]], 

=10 

=16 

=12 b8 a8

[debug] move action_id=19, action=((0, 1), (0, 0)), 
[debug] current_player=1 (R), 
[debug] board[(0, 1)]=14, board[(0, 0)]=11, 
[debug] board state:
[[11 14 13  9]
 [ 6  8  6  2]
 [12 15 15  3]
 [14  6  6 15]
 [14 15  6 13]
 [ 1  9  1 15]
 [15 13 10  7]
 [15  4 12 11]], 

=10 

=16 

[debug] move action_id=292, action=((5, 2), (6, 2)), 
[debug] current_player=0 (B), 
[debug] board[(5, 2)]=14, board[(6, 2)]=1, 
[debug] board state:
[[11 14 13  9]
 [ 6  8  6  2]
 [12 15 15  3]
 [14  6  6 15]
 [14 15  6 13]
 [ 1  9 14 15]
 [15 13  1  7]
 [15  4 12 11]], 

=10 

=16 

=12 a8 b8

[debug] move action_id=8, action=((0, 0), (0, 1)), 
[debug] current_player=1 (R), 
[debug] board[(0, 0)]=14, board[(0, 1)]=11, 
[debug] board state:
[[14 11 13  9]
 [ 6  8  6  2]
 [12 15 15  3]
 [14  6  6 15]
 [14 15  6 13]
 [ 1  9 14 15]
 [15 13  1  7]
 [15  4 12 11]], 

=10 

=16 

[debug] move action_id=248, action=((6, 2), (5, 2)), 
[debug] current_player=0 (B), 
[debug] board[(6, 2)]=14, board[(5, 2)]=1, 
[debug] board state:
[[14 11 13  9]
 [ 6  8  6  2]
 [12 15 15  3]
 [14  6  6 15]
 [14 15  6 13]
 [ 1  9  1 15]
 [15 13 14  7]
 [15  4 12 11]], 

=10 

=16 

=12 b8 a8

[debug] move action_id=19, action=((0, 1), (0, 0)), 
[debug] current_player=1 (R), 
[debug] board[(0, 1)]=14, board[(0, 0)]=11, 
[debug] board state:
[[11 14 13  9]
 [ 6  8  6  2]
 [12 15 15  3]
 [14  6  6 15]
 [14 15  6 13]
 [ 1  9  1 15]
 [15 13 14  7]
 [15  4 12 11]], 

=10 

=16 

[debug] move action_id=292, action=((5, 2), (6, 2)), 
[debug] current_player=0 (B), 
[debug] board[(5, 2)]=14, board[(6, 2)]=1, 
[debug] board state:
[[11 14 13  9]
 [ 6  8  6  2]
 [12 15 15  3]
 [14  6  6 15]
 [14 15  6 13]
 [ 1  9 14 15]
 [15 13  1  7]
 [15  4 12 11]], 

=10 

=16 

=12 a8 b8

[debug] move action_id=8, action=((0, 0), (0, 1)), 
[debug] current_player=1 (R), 
[debug] board[(0, 0)]=14, board[(0, 1)]=11, 
[debug] board state:
[[14 11 13  9]
 [ 6  8  6  2]
 [12 15 15  3]
 [14  6  6 15]
 [14 15  6 13]
 [ 1  9 14 15]
 [15 13  1  7]
 [15  4 12 11]], 

=10 

=16 

[debug] move action_id=248, action=((6, 2), (5, 2)), 
[debug] current_player=0 (B), 
[debug] board[(6, 2)]=14, board[(5, 2)]=1, 
[debug] board state:
[[14 11 13  9]
 [ 6  8  6  2]
 [12 15 15  3]
 [14  6  6 15]
 [14 15  6 13]
 [ 1  9  1 15]
 [15 13 14  7]
 [15  4 12 11]], 

=10 

=16 

=12 b8 a8

[debug] move action_id=19, action=((0, 1), (0, 0)), 
[debug] current_player=1 (R), 
[debug] board[(0, 1)]=14, board[(0, 0)]=11, 
[debug] board state:
[[11 14 13  9]
 [ 6  8  6  2]
 [12 15 15  3]
 [14  6  6 15]
 [14 15  6 13]
 [ 1  9  1 15]
 [15 13 14  7]
 [15  4 12 11]], 

=10 

=16 

[debug] move action_id=292, action=((5, 2), (6, 2)), 
[debug] current_player=0 (B), 
[debug] board[(5, 2)]=14, board[(6, 2)]=1, 
[debug] board state:
[[11 14 13  9]
 [ 6  8  6  2]
 [12 15 15  3]
 [14  6  6 15]
 [14 15  6 13]
 [ 1  9 14 15]
 [15 13  1  7]
 [15  4 12 11]], 

=10 

=16 

=12 a8 b8

[debug] move action_id=8, action=((0, 0), (0, 1)), 
[debug] current_player=1 (R), 
[debug] board[(0, 0)]=14, board[(0, 1)]=11, 
[debug] board state:
[[14 11 13  9]
 [ 6  8  6  2]
 [12 15 15  3]
 [14  6  6 15]
 [14 15  6 13]
 [ 1  9 14 15]
 [15 13  1  7]
 [15  4 12 11]], 

=10 

=16 

[debug] move action_id=248, action=((6, 2), (5, 2)), 
[debug] current_player=0 (B), 
[debug] board[(6, 2)]=14, board[(5, 2)]=1, 
[debug] board state:
[[14 11 13  9]
 [ 6  8  6  2]
 [12 15 15  3]
 [14  6  6 15]
 [14 15  6 13]
 [ 1  9  1 15]
 [15 13 14  7]
 [15  4 12 11]], 

=10 

=16 

=12 b8 a8

[debug] move action_id=19, action=((0, 1), (0, 0)), 
[debug] current_player=1 (R), 
[debug] board[(0, 1)]=14, board[(0, 0)]=11, 
[debug] board state:
[[11 14 13  9]
 [ 6  8  6  2]
 [12 15 15  3]
 [14  6  6 15]
 [14 15  6 13]
 [ 1  9  1 15]
 [15 13 14  7]
 [15  4 12 11]], 

=10 

=16 

[debug] move action_id=292, action=((5, 2), (6, 2)), 
[debug] current_player=0 (B), 
[debug] board[(5, 2)]=14, board[(6, 2)]=1, 
[debug] board state:
[[11 14 13  9]
 [ 6  8  6  2]
 [12 15 15  3]
 [14  6  6 15]
 [14 15  6 13]
 [ 1  9 14 15]
 [15 13  1  7]
 [15  4 12 11]], 

=10 

=16 


# 10 12 46 48 82 84 118 120 154 156 190 192 226 228 262 264 298 300 334 336 370 372 406 408 442 444 478 480 514 516 550 552 586 588 622 624 658 660 694 696 730 732 766 768 802 804 838 840 874 876 910 912 946 948 982 984 1018 1020 1054 1056 1090 1092 1126 1128 #
/home/ntcucsk201/anaconda3/envs/darkchess/lib/python3.10/site-packages/treevalue/tree/integration/torch.py:23: FutureWarning: `torch.utils._pytree._register_pytree_node` is deprecated. Please use `torch.utils._pytree.register_pytree_node` instead.
  register_for_torch(TreeValue)
/home/ntcucsk201/anaconda3/envs/darkchess/lib/python3.10/site-packages/treevalue/tree/integration/torch.py:24: FutureWarning: `torch.utils._pytree._register_pytree_node` is deprecated. Please use `torch.utils._pytree.register_pytree_node` instead.
  register_for_torch(FastTreeValue)
Gym has been unmaintained since 2022 and does not support NumPy 2.0 amongst other critical functionality.
Please upgrade to Gymnasium, the maintained drop-in replacement of Gym, or contact the authors of your software and request that they upgrade.
See the migration guide at https://gymnasium.farama.org/introduction/migration_guide/ for additional information.
[DEBUG] Config loaded successfully
/home/ntcucsk201/DarkChess/LightZero/zoo/board_games/darkchess/alphazero_mgtp.py:38: FutureWarning: You are using `torch.load` with `weights_only=False` (the current default value), which uses the default pickle module implicitly. It is possible to construct malicious pickle data which will execute arbitrary code during unpickling (See https://github.com/pytorch/pytorch/blob/main/SECURITY.md#untrusted-models for more details). In a future release, the default value for `weights_only` will be flipped to `True`. This limits the functions that could be executed during unpickling. Arbitrary objects will no longer be allowed to be loaded via this mode unless they are explicitly allowlisted by the user via `torch.serialization.add_safe_globals`. We recommend you start setting `weights_only=True` for any use case where you don't have full control of the loaded file. Please open an issue on GitHub for any issues related to this experimental feature.
  checkpoint = torch.load(model_path, map_location='cpu')
[DEBUG] Model moved to device: cuda:0

###
Account: a1_alphazero
Mode: MGTP
Path: /home/ntcucsk201/anaconda3/envs/darkchess/bin/python
Arg: /home/ntcucsk201/DarkChess/LightZero/zoo/board_games/darkchess/alphazero_mgtp.py -model_path /home/ntcucsk201/DarkChess/LightZero/zoo/board_games/darkchess/data_alphazero/darkchess_alphazero_ns1000_upc50_rer0.2_bs512_260222_173317/ckpt/ckpt_best.pth.tar -config_path /home/ntcucsk201/DarkChess/LightZero/zoo/board_games/darkchess/data_alphazero/darkchess_alphazero_ns1000_upc50_rer0.2_bs512_260222_173317/formatted_total_config.py
Name: LightZero_DarkChess
Version: 1.0.0
###
