INITIAL
* 11:18pm Feb 22, 2026
* a0_mu vs a1_alphazero
* 1 2 2 2 2 2 5 1 2 2 2 2 2 5
* X X X X
* X X X X
* X X X X
* X X X X
* X X X X
* X X X X
* X X X X
* X X X X
* first 0
* time 900
* 1. b1(R) a8(m)
* 2. c7(p) b8(r)
* 3. a6(P) c8(P)
* 4. a4(N) b8-c8
* 5. d7(g) a8-b8
* 6. d8(G) b8-a8
* 7. c6(g) a8-b8
* 8. c5(C) b8-a8
* 9. c2(m) a8-b8
* 10. c3(c) b8-a8
* 11. b7(K) a8-b8
* 12. d4(c) b8-a8
* 13. d2(P) a8-b8
* 14. a3(r) b8-a8
* 15. b2(M) a8-b8
* 16. c4(p) b8-a8
* 17. b4(N) a8-b8
* 18. b4-c4 b8-a8
* 19. a4-b4 a8-b8
* 20. b3(p) b8-a8
* 21. c1(R) a8-b8
* 22. d6(G) b8-a8
* 23. b4-b3 a8-b8
* 24. b3-b4 b8-a8
* 25. a1(p) a8-b8
* 26. b4-a4 b8-a8
* 27. a4-b4 a8-b8
* 28. b4-a4 b8-a8
* 29. a4-b4 a8-b8
* 30. b4-a4 b8-a8
* 31. a4-b4
* PositionRepetitionDraw,3,4 a0_mu Draw 0.500000,0.500000
* Comment 0 0
0. 1771773522314
1. 1771773522314
2. 1771773522899
3. 1771773524860
4. 1771773525256
5. 1771773527264
6. 1771773527661
7. 1771773529618
8. 1771773530016
9. 1771773531973
10. 1771773532372
11. 1771773534378
12. 1771773534779
13. 1771773536732
14. 1771773537134
15. 1771773539087
16. 1771773539490
17. 1771773541493
18. 1771773541895
19. 1771773543848
20. 1771773544250
21. 1771773546152
22. 1771773546556
23. 1771773548557
24. 1771773548962
25. 1771773550962
26. 1771773551368
27. 1771773553367
28. 1771773553772
29. 1771773555723
30. 1771773556128
31. 1771773558128
32. 1771773558534
33. 1771773560532
34. 1771773560937
35. 1771773562936
36. 1771773563342
37. 1771773565341
38. 1771773565746
39. 1771773567746
40. 1771773568151
41. 1771773570151
42. 1771773570556
43. 1771773572556
44. 1771773572960
45. 1771773574960
46. 1771773575363
47. 1771773577365
48. 1771773577767
49. 1771773579770
50. 1771773580171
51. 1771773582174
52. 1771773582575
53. 1771773584579
54. 1771773584979
55. 1771773586984
56. 1771773587384
57. 1771773589387
58. 1771773589788
59. 1771773591791
60. 1771773592193
61. 1771773594198

# 10 27 29 63 65 99 101 135 137 171 173 207 209 243 245 279 281 315 317 351 353 387 389 423 425 459 461 495 497 531 533 567 569 603 605 639 641 675 677 711 713 747 749 783 785 819 821 855 857 891 893 927 929 963 965 999 1001 1035 1037 1071 1073 #
LightZero MGTP Interface Ready
=1 LightZero_DarkChess

=2 1.0.0

=7 

=15 

=14 

[debug] move action_id=319, action=((7, 1), (7, 1)), 
[debug] current_player=1 (B), 
[debug] board[(7, 1)]=3, board[(7, 1)]=3, 
[debug] board state:
[[15 15 15 15]
 [15 15 15 15]
 [15 15 15 15]
 [15 15 15 15]
 [15 15 15 15]
 [15 15 15 15]
 [15 15 15 15]
 [15  3 15 15]], 

=11 

=16 

=12 a8 a8

[debug] move action_id=0, action=((0, 0), (0, 0)), 
[debug] current_player=0 (R), 
[debug] board[(0, 0)]=9, board[(0, 0)]=9, 
[debug] board state:
[[ 9 15 15 15]
 [15 15 15 15]
 [15 15 15 15]
 [15 15 15 15]
 [15 15 15 15]
 [15 15 15 15]
 [15 15 15 15]
 [15  3 15 15]], 

=11 

=16 

[debug] move action_id=66, action=((1, 2), (1, 2)), 
[debug] current_player=1 (B), 
[debug] board[(1, 2)]=13, board[(1, 2)]=13, 
[debug] board state:
[[ 9 15 15 15]
 [15 15 13 15]
 [15 15 15 15]
 [15 15 15 15]
 [15 15 15 15]
 [15 15 15 15]
 [15 15 15 15]
 [15  3 15 15]], 

=11 

=16 

=12 b8 b8

[debug] move action_id=11, action=((0, 1), (0, 1)), 
[debug] current_player=0 (R), 
[debug] board[(0, 1)]=10, board[(0, 1)]=10, 
[debug] board state:
[[ 9 10 15 15]
 [15 15 13 15]
 [15 15 15 15]
 [15 15 15 15]
 [15 15 15 15]
 [15 15 15 15]
 [15 15 15 15]
 [15  3 15 15]], 

=11 

=16 

[debug] move action_id=88, action=((2, 0), (2, 0)), 
[debug] current_player=1 (B), 
[debug] board[(2, 0)]=6, board[(2, 0)]=6, 
[debug] board state:
[[ 9 10 15 15]
 [15 15 13 15]
 [ 6 15 15 15]
 [15 15 15 15]
 [15 15 15 15]
 [15 15 15 15]
 [15 15 15 15]
 [15  3 15 15]], 

=11 

=16 

=12 c8 c8

[debug] move action_id=22, action=((0, 2), (0, 2)), 
[debug] current_player=0 (R), 
[debug] board[(0, 2)]=6, board[(0, 2)]=6, 
[debug] board state:
[[ 9 10  6 15]
 [15 15 13 15]
 [ 6 15 15 15]
 [15 15 15 15]
 [15 15 15 15]
 [15 15 15 15]
 [15 15 15 15]
 [15  3 15 15]], 

=11 

=16 

[debug] move action_id=176, action=((4, 0), (4, 0)), 
[debug] current_player=1 (B), 
[debug] board[(4, 0)]=4, board[(4, 0)]=4, 
[debug] board state:
[[ 9 10  6 15]
 [15 15 13 15]
 [ 6 15 15 15]
 [15 15 15 15]
 [ 4 15 15 15]
 [15 15 15 15]
 [15 15 15 15]
 [15  3 15 15]], 

=11 

=16 

=12 b8 c8

[debug] move action_id=20, action=((0, 1), (0, 2)), 
[debug] current_player=0 (R), 
[debug] board[(0, 1)]=14, board[(0, 2)]=10, 
[debug] board state:
[[ 9 14 10 15]
 [15 15 13 15]
 [ 6 15 15 15]
 [15 15 15 15]
 [ 4 15 15 15]
 [15 15 15 15]
 [15 15 15 15]
 [15  3 15 15]], 

=10 

=16 

[debug] move action_id=77, action=((1, 3), (1, 3)), 
[debug] current_player=1 (B), 
[debug] board[(1, 3)]=8, board[(1, 3)]=8, 
[debug] board state:
[[ 9 14 10 15]
 [15 15 13  8]
 [ 6 15 15 15]
 [15 15 15 15]
 [ 4 15 15 15]
 [15 15 15 15]
 [15 15 15 15]
 [15  3 15 15]], 

=11 

=16 

=12 a8 b8

[debug] move action_id=8, action=((0, 0), (0, 1)), 
[debug] current_player=0 (R), 
[debug] board[(0, 0)]=14, board[(0, 1)]=9, 
[debug] board state:
[[14  9 10 15]
 [15 15 13  8]
 [ 6 15 15 15]
 [15 15 15 15]
 [ 4 15 15 15]
 [15 15 15 15]
 [15 15 15 15]
 [15  3 15 15]], 

=10 

=16 

[debug] move action_id=33, action=((0, 3), (0, 3)), 
[debug] current_player=1 (B), 
[debug] board[(0, 3)]=1, board[(0, 3)]=1, 
[debug] board state:
[[14  9 10  1]
 [15 15 13  8]
 [ 6 15 15 15]
 [15 15 15 15]
 [ 4 15 15 15]
 [15 15 15 15]
 [15 15 15 15]
 [15  3 15 15]], 

=11 

=16 

=12 b8 a8

[debug] move action_id=19, action=((0, 1), (0, 0)), 
[debug] current_player=0 (R), 
[debug] board[(0, 1)]=14, board[(0, 0)]=9, 
[debug] board state:
[[ 9 14 10  1]
 [15 15 13  8]
 [ 6 15 15 15]
 [15 15 15 15]
 [ 4 15 15 15]
 [15 15 15 15]
 [15 15 15 15]
 [15  3 15 15]], 

=10 

=16 

[debug] move action_id=110, action=((2, 2), (2, 2)), 
[debug] current_player=1 (B), 
[debug] board[(2, 2)]=8, board[(2, 2)]=8, 
[debug] board state:
[[ 9 14 10  1]
 [15 15 13  8]
 [ 6 15  8 15]
 [15 15 15 15]
 [ 4 15 15 15]
 [15 15 15 15]
 [15 15 15 15]
 [15  3 15 15]], 

=11 

=16 

=12 a8 b8

[debug] move action_id=8, action=((0, 0), (0, 1)), 
[debug] current_player=0 (R), 
[debug] board[(0, 0)]=14, board[(0, 1)]=9, 
[debug] board state:
[[14  9 10  1]
 [15 15 13  8]
 [ 6 15  8 15]
 [15 15 15 15]
 [ 4 15 15 15]
 [15 15 15 15]
 [15 15 15 15]
 [15  3 15 15]], 

=10 

=16 

[debug] move action_id=154, action=((3, 2), (3, 2)), 
[debug] current_player=1 (B), 
[debug] board[(3, 2)]=5, board[(3, 2)]=5, 
[debug] board state:
[[14  9 10  1]
 [15 15 13  8]
 [ 6 15  8 15]
 [15 15  5 15]
 [ 4 15 15 15]
 [15 15 15 15]
 [15 15 15 15]
 [15  3 15 15]], 

=11 

=16 

=12 b8 a8

[debug] move action_id=19, action=((0, 1), (0, 0)), 
[debug] current_player=0 (R), 
[debug] board[(0, 1)]=14, board[(0, 0)]=9, 
[debug] board state:
[[ 9 14 10  1]
 [15 15 13  8]
 [ 6 15  8 15]
 [15 15  5 15]
 [ 4 15 15 15]
 [15 15 15 15]
 [15 15 15 15]
 [15  3 15 15]], 

=10 

=16 

[debug] move action_id=286, action=((6, 2), (6, 2)), 
[debug] current_player=1 (B), 
[debug] board[(6, 2)]=9, board[(6, 2)]=9, 
[debug] board state:
[[ 9 14 10  1]
 [15 15 13  8]
 [ 6 15  8 15]
 [15 15  5 15]
 [ 4 15 15 15]
 [15 15 15 15]
 [15 15  9 15]
 [15  3 15 15]], 

=11 

=16 

=12 a8 b8

[debug] move action_id=8, action=((0, 0), (0, 1)), 
[debug] current_player=0 (R), 
[debug] board[(0, 0)]=14, board[(0, 1)]=9, 
[debug] board state:
[[14  9 10  1]
 [15 15 13  8]
 [ 6 15  8 15]
 [15 15  5 15]
 [ 4 15 15 15]
 [15 15 15 15]
 [15 15  9 15]
 [15  3 15 15]], 

=10 

=16 

[debug] move action_id=242, action=((5, 2), (5, 2)), 
[debug] current_player=1 (B), 
[debug] board[(5, 2)]=12, board[(5, 2)]=12, 
[debug] board state:
[[14  9 10  1]
 [15 15 13  8]
 [ 6 15  8 15]
 [15 15  5 15]
 [ 4 15 15 15]
 [15 15 12 15]
 [15 15  9 15]
 [15  3 15 15]], 

=11 

=16 

=12 b8 a8

[debug] move action_id=19, action=((0, 1), (0, 0)), 
[debug] current_player=0 (R), 
[debug] board[(0, 1)]=14, board[(0, 0)]=9, 
[debug] board state:
[[ 9 14 10  1]
 [15 15 13  8]
 [ 6 15  8 15]
 [15 15  5 15]
 [ 4 15 15 15]
 [15 15 12 15]
 [15 15  9 15]
 [15  3 15 15]], 

=10 

=16 

[debug] move action_id=55, action=((1, 1), (1, 1)), 
[debug] current_player=1 (B), 
[debug] board[(1, 1)]=0, board[(1, 1)]=0, 
[debug] board state:
[[ 9 14 10  1]
 [15  0 13  8]
 [ 6 15  8 15]
 [15 15  5 15]
 [ 4 15 15 15]
 [15 15 12 15]
 [15 15  9 15]
 [15  3 15 15]], 

=11 

=16 

=12 a8 b8

[debug] move action_id=8, action=((0, 0), (0, 1)), 
[debug] current_player=0 (R), 
[debug] board[(0, 0)]=14, board[(0, 1)]=9, 
[debug] board state:
[[14  9 10  1]
 [15  0 13  8]
 [ 6 15  8 15]
 [15 15  5 15]
 [ 4 15 15 15]
 [15 15 12 15]
 [15 15  9 15]
 [15  3 15 15]], 

=10 

=16 

[debug] move action_id=209, action=((4, 3), (4, 3)), 
[debug] current_player=1 (B), 
[debug] board[(4, 3)]=12, board[(4, 3)]=12, 
[debug] board state:
[[14  9 10  1]
 [15  0 13  8]
 [ 6 15  8 15]
 [15 15  5 15]
 [ 4 15 15 12]
 [15 15 12 15]
 [15 15  9 15]
 [15  3 15 15]], 

=11 

=16 

=12 b8 a8

[debug] move action_id=19, action=((0, 1), (0, 0)), 
[debug] current_player=0 (R), 
[debug] board[(0, 1)]=14, board[(0, 0)]=9, 
[debug] board state:
[[ 9 14 10  1]
 [15  0 13  8]
 [ 6 15  8 15]
 [15 15  5 15]
 [ 4 15 15 12]
 [15 15 12 15]
 [15 15  9 15]
 [15  3 15 15]], 

=10 

=16 

[debug] move action_id=297, action=((6, 3), (6, 3)), 
[debug] current_player=1 (B), 
[debug] board[(6, 3)]=6, board[(6, 3)]=6, 
[debug] board state:
[[ 9 14 10  1]
 [15  0 13  8]
 [ 6 15  8 15]
 [15 15  5 15]
 [ 4 15 15 12]
 [15 15 12 15]
 [15 15  9  6]
 [15  3 15 15]], 

=11 

=16 

=12 a8 b8

[debug] move action_id=8, action=((0, 0), (0, 1)), 
[debug] current_player=0 (R), 
[debug] board[(0, 0)]=14, board[(0, 1)]=9, 
[debug] board state:
[[14  9 10  1]
 [15  0 13  8]
 [ 6 15  8 15]
 [15 15  5 15]
 [ 4 15 15 12]
 [15 15 12 15]
 [15 15  9  6]
 [15  3 15 15]], 

=10 

=16 

[debug] move action_id=220, action=((5, 0), (5, 0)), 
[debug] current_player=1 (B), 
[debug] board[(5, 0)]=10, board[(5, 0)]=10, 
[debug] board state:
[[14  9 10  1]
 [15  0 13  8]
 [ 6 15  8 15]
 [15 15  5 15]
 [ 4 15 15 12]
 [10 15 12 15]
 [15 15  9  6]
 [15  3 15 15]], 

=11 

=16 

=12 b8 a8

[debug] move action_id=19, action=((0, 1), (0, 0)), 
[debug] current_player=0 (R), 
[debug] board[(0, 1)]=14, board[(0, 0)]=9, 
[debug] board state:
[[ 9 14 10  1]
 [15  0 13  8]
 [ 6 15  8 15]
 [15 15  5 15]
 [ 4 15 15 12]
 [10 15 12 15]
 [15 15  9  6]
 [15  3 15 15]], 

=10 

=16 

[debug] move action_id=275, action=((6, 1), (6, 1)), 
[debug] current_player=1 (B), 
[debug] board[(6, 1)]=2, board[(6, 1)]=2, 
[debug] board state:
[[ 9 14 10  1]
 [15  0 13  8]
 [ 6 15  8 15]
 [15 15  5 15]
 [ 4 15 15 12]
 [10 15 12 15]
 [15  2  9  6]
 [15  3 15 15]], 

=11 

=16 

=12 a8 b8

[debug] move action_id=8, action=((0, 0), (0, 1)), 
[debug] current_player=0 (R), 
[debug] board[(0, 0)]=14, board[(0, 1)]=9, 
[debug] board state:
[[14  9 10  1]
 [15  0 13  8]
 [ 6 15  8 15]
 [15 15  5 15]
 [ 4 15 15 12]
 [10 15 12 15]
 [15  2  9  6]
 [15  3 15 15]], 

=10 

=16 

[debug] move action_id=198, action=((4, 2), (4, 2)), 
[debug] current_player=1 (B), 
[debug] board[(4, 2)]=13, board[(4, 2)]=13, 
[debug] board state:
[[14  9 10  1]
 [15  0 13  8]
 [ 6 15  8 15]
 [15 15  5 15]
 [ 4 15 13 12]
 [10 15 12 15]
 [15  2  9  6]
 [15  3 15 15]], 

=11 

=16 

=12 b8 a8

[debug] move action_id=19, action=((0, 1), (0, 0)), 
[debug] current_player=0 (R), 
[debug] board[(0, 1)]=14, board[(0, 0)]=9, 
[debug] board state:
[[ 9 14 10  1]
 [15  0 13  8]
 [ 6 15  8 15]
 [15 15  5 15]
 [ 4 15 13 12]
 [10 15 12 15]
 [15  2  9  6]
 [15  3 15 15]], 

=10 

=16 

[debug] move action_id=187, action=((4, 1), (4, 1)), 
[debug] current_player=1 (B), 
[debug] board[(4, 1)]=4, board[(4, 1)]=4, 
[debug] board state:
[[ 9 14 10  1]
 [15  0 13  8]
 [ 6 15  8 15]
 [15 15  5 15]
 [ 4  4 13 12]
 [10 15 12 15]
 [15  2  9  6]
 [15  3 15 15]], 

=11 

=16 

=12 a8 b8

[debug] move action_id=8, action=((0, 0), (0, 1)), 
[debug] current_player=0 (R), 
[debug] board[(0, 0)]=14, board[(0, 1)]=9, 
[debug] board state:
[[14  9 10  1]
 [15  0 13  8]
 [ 6 15  8 15]
 [15 15  5 15]
 [ 4  4 13 12]
 [10 15 12 15]
 [15  2  9  6]
 [15  3 15 15]], 

=10 

=16 

[debug] move action_id=196, action=((4, 1), (4, 2)), 
[debug] current_player=1 (B), 
[debug] board[(4, 1)]=14, board[(4, 2)]=4, 
[debug] board state:
[[14  9 10  1]
 [15  0 13  8]
 [ 6 15  8 15]
 [15 15  5 15]
 [ 4 14  4 12]
 [10 15 12 15]
 [15  2  9  6]
 [15  3 15 15]], 

=10 

=16 

=12 b8 a8

[debug] move action_id=19, action=((0, 1), (0, 0)), 
[debug] current_player=0 (R), 
[debug] board[(0, 1)]=14, board[(0, 0)]=9, 
[debug] board state:
[[ 9 14 10  1]
 [15  0 13  8]
 [ 6 15  8 15]
 [15 15  5 15]
 [ 4 14  4 12]
 [10 15 12 15]
 [15  2  9  6]
 [15  3 15 15]], 

=10 

=16 

[debug] move action_id=184, action=((4, 0), (4, 1)), 
[debug] current_player=1 (B), 
[debug] board[(4, 0)]=14, board[(4, 1)]=4, 
[debug] board state:
[[ 9 14 10  1]
 [15  0 13  8]
 [ 6 15  8 15]
 [15 15  5 15]
 [14  4  4 12]
 [10 15 12 15]
 [15  2  9  6]
 [15  3 15 15]], 

=10 

=16 

=12 a8 b8

[debug] move action_id=8, action=((0, 0), (0, 1)), 
[debug] current_player=0 (R), 
[debug] board[(0, 0)]=14, board[(0, 1)]=9, 
[debug] board state:
[[14  9 10  1]
 [15  0 13  8]
 [ 6 15  8 15]
 [15 15  5 15]
 [14  4  4 12]
 [10 15 12 15]
 [15  2  9  6]
 [15  3 15 15]], 

=10 

=16 

[debug] move action_id=231, action=((5, 1), (5, 1)), 
[debug] current_player=1 (B), 
[debug] board[(5, 1)]=13, board[(5, 1)]=13, 
[debug] board state:
[[14  9 10  1]
 [15  0 13  8]
 [ 6 15  8 15]
 [15 15  5 15]
 [14  4  4 12]
 [10 13 12 15]
 [15  2  9  6]
 [15  3 15 15]], 

=11 

=16 

=12 b8 a8

[debug] move action_id=19, action=((0, 1), (0, 0)), 
[debug] current_player=0 (R), 
[debug] board[(0, 1)]=14, board[(0, 0)]=9, 
[debug] board state:
[[ 9 14 10  1]
 [15  0 13  8]
 [ 6 15  8 15]
 [15 15  5 15]
 [14  4  4 12]
 [10 13 12 15]
 [15  2  9  6]
 [15  3 15 15]], 

=10 

=16 

[debug] move action_id=330, action=((7, 2), (7, 2)), 
[debug] current_player=1 (B), 
[debug] board[(7, 2)]=3, board[(7, 2)]=3, 
[debug] board state:
[[ 9 14 10  1]
 [15  0 13  8]
 [ 6 15  8 15]
 [15 15  5 15]
 [14  4  4 12]
 [10 13 12 15]
 [15  2  9  6]
 [15  3  3 15]], 

=11 

=16 

=12 a8 b8

[debug] move action_id=8, action=((0, 0), (0, 1)), 
[debug] current_player=0 (R), 
[debug] board[(0, 0)]=14, board[(0, 1)]=9, 
[debug] board state:
[[14  9 10  1]
 [15  0 13  8]
 [ 6 15  8 15]
 [15 15  5 15]
 [14  4  4 12]
 [10 13 12 15]
 [15  2  9  6]
 [15  3  3 15]], 

=10 

=16 

[debug] move action_id=121, action=((2, 3), (2, 3)), 
[debug] current_player=1 (B), 
[debug] board[(2, 3)]=1, board[(2, 3)]=1, 
[debug] board state:
[[14  9 10  1]
 [15  0 13  8]
 [ 6 15  8  1]
 [15 15  5 15]
 [14  4  4 12]
 [10 13 12 15]
 [15  2  9  6]
 [15  3  3 15]], 

=11 

=16 

=12 b8 a8

[debug] move action_id=19, action=((0, 1), (0, 0)), 
[debug] current_player=0 (R), 
[debug] board[(0, 1)]=14, board[(0, 0)]=9, 
[debug] board state:
[[ 9 14 10  1]
 [15  0 13  8]
 [ 6 15  8  1]
 [15 15  5 15]
 [14  4  4 12]
 [10 13 12 15]
 [15  2  9  6]
 [15  3  3 15]], 

=10 

=16 

[debug] move action_id=236, action=((4, 1), (5, 1)), 
[debug] current_player=1 (B), 
[debug] board[(4, 1)]=14, board[(5, 1)]=4, 
[debug] board state:
[[ 9 14 10  1]
 [15  0 13  8]
 [ 6 15  8  1]
 [15 15  5 15]
 [14 14  4 12]
 [10  4 12 15]
 [15  2  9  6]
 [15  3  3 15]], 

=10 

=16 

=12 a8 b8

[debug] move action_id=8, action=((0, 0), (0, 1)), 
[debug] current_player=0 (R), 
[debug] board[(0, 0)]=14, board[(0, 1)]=9, 
[debug] board state:
[[14  9 10  1]
 [15  0 13  8]
 [ 6 15  8  1]
 [15 15  5 15]
 [14 14  4 12]
 [10  4 12 15]
 [15  2  9  6]
 [15  3  3 15]], 

=10 

=16 

[debug] move action_id=192, action=((5, 1), (4, 1)), 
[debug] current_player=1 (B), 
[debug] board[(5, 1)]=14, board[(4, 1)]=4, 
[debug] board state:
[[14  9 10  1]
 [15  0 13  8]
 [ 6 15  8  1]
 [15 15  5 15]
 [14  4  4 12]
 [10 14 12 15]
 [15  2  9  6]
 [15  3  3 15]], 

=10 

=16 

=12 b8 a8

[debug] move action_id=19, action=((0, 1), (0, 0)), 
[debug] current_player=0 (R), 
[debug] board[(0, 1)]=14, board[(0, 0)]=9, 
[debug] board state:
[[ 9 14 10  1]
 [15  0 13  8]
 [ 6 15  8  1]
 [15 15  5 15]
 [14  4  4 12]
 [10 14 12 15]
 [15  2  9  6]
 [15  3  3 15]], 

=10 

=16 

[debug] move action_id=308, action=((7, 0), (7, 0)), 
[debug] current_player=1 (B), 
[debug] board[(7, 0)]=13, board[(7, 0)]=13, 
[debug] board state:
[[ 9 14 10  1]
 [15  0 13  8]
 [ 6 15  8  1]
 [15 15  5 15]
 [14  4  4 12]
 [10 14 12 15]
 [15  2  9  6]
 [13  3  3 15]], 

=11 

=16 

=12 a8 b8

[debug] move action_id=8, action=((0, 0), (0, 1)), 
[debug] current_player=0 (R), 
[debug] board[(0, 0)]=14, board[(0, 1)]=9, 
[debug] board state:
[[14  9 10  1]
 [15  0 13  8]
 [ 6 15  8  1]
 [15 15  5 15]
 [14  4  4 12]
 [10 14 12 15]
 [15  2  9  6]
 [13  3  3 15]], 

=10 

=16 

[debug] move action_id=195, action=((4, 1), (4, 0)), 
[debug] current_player=1 (B), 
[debug] board[(4, 1)]=14, board[(4, 0)]=4, 
[debug] board state:
[[14  9 10  1]
 [15  0 13  8]
 [ 6 15  8  1]
 [15 15  5 15]
 [ 4 14  4 12]
 [10 14 12 15]
 [15  2  9  6]
 [13  3  3 15]], 

=10 

=16 

=12 b8 a8

[debug] move action_id=19, action=((0, 1), (0, 0)), 
[debug] current_player=0 (R), 
[debug] board[(0, 1)]=14, board[(0, 0)]=9, 
[debug] board state:
[[ 9 14 10  1]
 [15  0 13  8]
 [ 6 15  8  1]
 [15 15  5 15]
 [ 4 14  4 12]
 [10 14 12 15]
 [15  2  9  6]
 [13  3  3 15]], 

=10 

=16 

[debug] move action_id=184, action=((4, 0), (4, 1)), 
[debug] current_player=1 (B), 
[debug] board[(4, 0)]=14, board[(4, 1)]=4, 
[debug] board state:
[[ 9 14 10  1]
 [15  0 13  8]
 [ 6 15  8  1]
 [15 15  5 15]
 [14  4  4 12]
 [10 14 12 15]
 [15  2  9  6]
 [13  3  3 15]], 

=10 

=16 

=12 a8 b8

[debug] move action_id=8, action=((0, 0), (0, 1)), 
[debug] current_player=0 (R), 
[debug] board[(0, 0)]=14, board[(0, 1)]=9, 
[debug] board state:
[[14  9 10  1]
 [15  0 13  8]
 [ 6 15  8  1]
 [15 15  5 15]
 [14  4  4 12]
 [10 14 12 15]
 [15  2  9  6]
 [13  3  3 15]], 

=10 

=16 

[debug] move action_id=195, action=((4, 1), (4, 0)), 
[debug] current_player=1 (B), 
[debug] board[(4, 1)]=14, board[(4, 0)]=4, 
[debug] board state:
[[14  9 10  1]
 [15  0 13  8]
 [ 6 15  8  1]
 [15 15  5 15]
 [ 4 14  4 12]
 [10 14 12 15]
 [15  2  9  6]
 [13  3  3 15]], 

=10 

=16 

=12 b8 a8

[debug] move action_id=19, action=((0, 1), (0, 0)), 
[debug] current_player=0 (R), 
[debug] board[(0, 1)]=14, board[(0, 0)]=9, 
[debug] board state:
[[ 9 14 10  1]
 [15  0 13  8]
 [ 6 15  8  1]
 [15 15  5 15]
 [ 4 14  4 12]
 [10 14 12 15]
 [15  2  9  6]
 [13  3  3 15]], 

=10 

=16 

[debug] move action_id=184, action=((4, 0), (4, 1)), 
[debug] current_player=1 (B), 
[debug] board[(4, 0)]=14, board[(4, 1)]=4, 
[debug] board state:
[[ 9 14 10  1]
 [15  0 13  8]
 [ 6 15  8  1]
 [15 15  5 15]
 [14  4  4 12]
 [10 14 12 15]
 [15  2  9  6]
 [13  3  3 15]], 

=10 

=16 

=12 a8 b8

[debug] move action_id=8, action=((0, 0), (0, 1)), 
[debug] current_player=0 (R), 
[debug] board[(0, 0)]=14, board[(0, 1)]=9, 
[debug] board state:
[[14  9 10  1]
 [15  0 13  8]
 [ 6 15  8  1]
 [15 15  5 15]
 [14  4  4 12]
 [10 14 12 15]
 [15  2  9  6]
 [13  3  3 15]], 

=10 

=16 

[debug] move action_id=195, action=((4, 1), (4, 0)), 
[debug] current_player=1 (B), 
[debug] board[(4, 1)]=14, board[(4, 0)]=4, 
[debug] board state:
[[14  9 10  1]
 [15  0 13  8]
 [ 6 15  8  1]
 [15 15  5 15]
 [ 4 14  4 12]
 [10 14 12 15]
 [15  2  9  6]
 [13  3  3 15]], 

=10 

=16 

=12 b8 a8

[debug] move action_id=19, action=((0, 1), (0, 0)), 
[debug] current_player=0 (R), 
[debug] board[(0, 1)]=14, board[(0, 0)]=9, 
[debug] board state:
[[ 9 14 10  1]
 [15  0 13  8]
 [ 6 15  8  1]
 [15 15  5 15]
 [ 4 14  4 12]
 [10 14 12 15]
 [15  2  9  6]
 [13  3  3 15]], 

=10 

=16 

[debug] move action_id=184, action=((4, 0), (4, 1)), 
[debug] current_player=1 (B), 
[debug] board[(4, 0)]=14, board[(4, 1)]=4, 
[debug] board state:
[[ 9 14 10  1]
 [15  0 13  8]
 [ 6 15  8  1]
 [15 15  5 15]
 [14  4  4 12]
 [10 14 12 15]
 [15  2  9  6]
 [13  3  3 15]], 

=10 

=16 


# 10 27 29 63 65 99 101 135 137 171 173 207 209 243 245 279 281 315 317 351 353 387 389 423 425 459 461 495 497 531 533 567 569 603 605 639 641 675 677 711 713 747 749 783 785 819 821 855 857 891 893 927 929 963 965 999 1001 1035 1037 1071 1073 #
/home/ntcucsk201/anaconda3/envs/darkchess/lib/python3.10/site-packages/treevalue/tree/integration/torch.py:23: FutureWarning: `torch.utils._pytree._register_pytree_node` is deprecated. Please use `torch.utils._pytree.register_pytree_node` instead.
  register_for_torch(TreeValue)
/home/ntcucsk201/anaconda3/envs/darkchess/lib/python3.10/site-packages/treevalue/tree/integration/torch.py:24: FutureWarning: `torch.utils._pytree._register_pytree_node` is deprecated. Please use `torch.utils._pytree.register_pytree_node` instead.
  register_for_torch(FastTreeValue)
Gym has been unmaintained since 2022 and does not support NumPy 2.0 amongst other critical functionality.
Please upgrade to Gymnasium, the maintained drop-in replacement of Gym, or contact the authors of your software and request that they upgrade.
See the migration guide at https://gymnasium.farama.org/introduction/migration_guide/ for additional information.
[DEBUG] Config loaded successfully
/home/ntcucsk201/DarkChess/LightZero/zoo/board_games/darkchess/alphazero_mgtp.py:38: FutureWarning: You are using `torch.load` with `weights_only=False` (the current default value), which uses the default pickle module implicitly. It is possible to construct malicious pickle data which will execute arbitrary code during unpickling (See https://github.com/pytorch/pytorch/blob/main/SECURITY.md#untrusted-models for more details). In a future release, the default value for `weights_only` will be flipped to `True`. This limits the functions that could be executed during unpickling. Arbitrary objects will no longer be allowed to be loaded via this mode unless they are explicitly allowlisted by the user via `torch.serialization.add_safe_globals`. We recommend you start setting `weights_only=True` for any use case where you don't have full control of the loaded file. Please open an issue on GitHub for any issues related to this experimental feature.
  checkpoint = torch.load(model_path, map_location='cpu')
[DEBUG] Model moved to device: cuda:0

###
Account: a1_alphazero
Mode: MGTP
Path: /home/ntcucsk201/anaconda3/envs/darkchess/bin/python
Arg: /home/ntcucsk201/DarkChess/LightZero/zoo/board_games/darkchess/alphazero_mgtp.py -model_path /home/ntcucsk201/DarkChess/LightZero/zoo/board_games/darkchess/data_alphazero/darkchess_alphazero_ns1000_upc50_rer0.2_bs512_260222_173317/ckpt/ckpt_best.pth.tar -config_path /home/ntcucsk201/DarkChess/LightZero/zoo/board_games/darkchess/data_alphazero/darkchess_alphazero_ns1000_upc50_rer0.2_bs512_260222_173317/formatted_total_config.py
Name: LightZero_DarkChess
Version: 1.0.0
###
