INITIAL
* 11:48pm Feb 22, 2026
* a0_mu vs a1_alphazero
* 1 2 2 2 2 2 5 1 2 2 2 2 2 5
* X X X X
* X X X X
* X X X X
* X X X X
* X X X X
* X X X X
* X X X X
* X X X X
* first 0
* time 900
* 1. b1(C) a8(g)
* 2. c7(n) b8(P)
* 3. b5(M) a8-b8
* 4. c6(G) b8-a8
* 5. a5(G) a8-b8
* 6. a7(p) a7-a8
* 7. c5(c) c8(g)
* 8. c4(P) d8(M)
* 9. c6-c7 c8-d8
* 10. c3(k) b8-c8
* 11. d7(C) a8-b8
* 12. d2(p) b8-a8
* 13. d1(p) a8-b8
* 14. d4(m) b8-a8
* 15. b2(n) a8-b8
* 16. d6(P) b8-a8
* 17. b3(P) a8-b8
* 18. a3(p) b8-a8
* 19. b6(N) a8-b8
* 20. c2(N) b8-a8
* 21. b5-c5 a8-b8
* 22. b4(p) b8-a8
* 23. c1(r) a8-b8
* 24. c2-b2 b8-a8
* 25. b3-b4 a8-b8
* 26. b2-c2 b8-a8
* 27. c2-d2 a8-b8
* 28. d2-c2 b8-a8
* 29. c2-d2 a8-b8
* 30. d2-c2 b8-a8
* 31. c2-d2 a8-b8
* 32. d2-c2 b8-a8
* 33. c2-d2
* PositionRepetitionDraw,3,4 a0_mu Draw 0.500000,0.500000
* Comment 0 0
0. 1771775334659
1. 1771775334659
2. 1771775335244
3. 1771775337255
4. 1771775337650
5. 1771775339711
6. 1771775340107
7. 1771775342117
8. 1771775342512
9. 1771775344523
10. 1771775344917
11. 1771775346928
12. 1771775347321
13. 1771775349384
14. 1771775349826
15. 1771775351839
16. 1771775352281
17. 1771775354294
18. 1771775354736
19. 1771775356650
20. 1771775357091
21. 1771775358955
22. 1771775359396
23. 1771775361260
24. 1771775361701
25. 1771775363615
26. 1771775364057
27. 1771775365920
28. 1771775366359
29. 1771775368274
30. 1771775368714
31. 1771775370579
32. 1771775371019
33. 1771775372884
34. 1771775373323
35. 1771775375240
36. 1771775375678
37. 1771775377596
38. 1771775378031
39. 1771775379901
40. 1771775380335
41. 1771775382257
42. 1771775382691
43. 1771775384613
44. 1771775385045
45. 1771775386968
46. 1771775387401
47. 1771775389323
48. 1771775389756
49. 1771775391679
50. 1771775392110
51. 1771775394035
52. 1771775394463
53. 1771775396390
54. 1771775396817
55. 1771775398744
56. 1771775399171
57. 1771775401099
58. 1771775401526
59. 1771775403454
60. 1771775403880
61. 1771775405809
62. 1771775406235
63. 1771775408163
64. 1771775408589
65. 1771775410516

# 10 27 29 63 65 99 101 135 137 171 173 207 209 243 245 279 281 315 317 351 353 387 389 423 425 459 461 495 497 531 533 567 569 603 605 639 641 675 677 711 713 747 749 783 785 819 821 855 857 891 893 927 929 963 965 999 1001 1035 1037 1071 1073 1107 1109 1143 1145 #
LightZero MGTP Interface Ready
=1 LightZero_DarkChess

=2 1.0.0

=7 

=15 

=14 

[debug] move action_id=319, action=((7, 1), (7, 1)), 
[debug] current_player=1 (B), 
[debug] board[(7, 1)]=5, board[(7, 1)]=5, 
[debug] board state:
[[15 15 15 15]
 [15 15 15 15]
 [15 15 15 15]
 [15 15 15 15]
 [15 15 15 15]
 [15 15 15 15]
 [15 15 15 15]
 [15  5 15 15]], 

=11 

=16 

=12 a8 a8

[debug] move action_id=0, action=((0, 0), (0, 0)), 
[debug] current_player=0 (R), 
[debug] board[(0, 0)]=8, board[(0, 0)]=8, 
[debug] board state:
[[ 8 15 15 15]
 [15 15 15 15]
 [15 15 15 15]
 [15 15 15 15]
 [15 15 15 15]
 [15 15 15 15]
 [15 15 15 15]
 [15  5 15 15]], 

=11 

=16 

[debug] move action_id=66, action=((1, 2), (1, 2)), 
[debug] current_player=1 (B), 
[debug] board[(1, 2)]=11, board[(1, 2)]=11, 
[debug] board state:
[[ 8 15 15 15]
 [15 15 11 15]
 [15 15 15 15]
 [15 15 15 15]
 [15 15 15 15]
 [15 15 15 15]
 [15 15 15 15]
 [15  5 15 15]], 

=11 

=16 

=12 b8 b8

[debug] move action_id=11, action=((0, 1), (0, 1)), 
[debug] current_player=0 (R), 
[debug] board[(0, 1)]=6, board[(0, 1)]=6, 
[debug] board state:
[[ 8  6 15 15]
 [15 15 11 15]
 [15 15 15 15]
 [15 15 15 15]
 [15 15 15 15]
 [15 15 15 15]
 [15 15 15 15]
 [15  5 15 15]], 

=11 

=16 

[debug] move action_id=143, action=((3, 1), (3, 1)), 
[debug] current_player=1 (B), 
[debug] board[(3, 1)]=2, board[(3, 1)]=2, 
[debug] board state:
[[ 8  6 15 15]
 [15 15 11 15]
 [15 15 15 15]
 [15  2 15 15]
 [15 15 15 15]
 [15 15 15 15]
 [15 15 15 15]
 [15  5 15 15]], 

=11 

=16 

=12 a8 b8

[debug] move action_id=8, action=((0, 0), (0, 1)), 
[debug] current_player=0 (R), 
[debug] board[(0, 0)]=14, board[(0, 1)]=8, 
[debug] board state:
[[14  8 15 15]
 [15 15 11 15]
 [15 15 15 15]
 [15  2 15 15]
 [15 15 15 15]
 [15 15 15 15]
 [15 15 15 15]
 [15  5 15 15]], 

=10 

=16 

[debug] move action_id=110, action=((2, 2), (2, 2)), 
[debug] current_player=1 (B), 
[debug] board[(2, 2)]=1, board[(2, 2)]=1, 
[debug] board state:
[[14  8 15 15]
 [15 15 11 15]
 [15 15  1 15]
 [15  2 15 15]
 [15 15 15 15]
 [15 15 15 15]
 [15 15 15 15]
 [15  5 15 15]], 

=11 

=16 

=12 b8 a8

[debug] move action_id=19, action=((0, 1), (0, 0)), 
[debug] current_player=0 (R), 
[debug] board[(0, 1)]=14, board[(0, 0)]=8, 
[debug] board state:
[[ 8 14 15 15]
 [15 15 11 15]
 [15 15  1 15]
 [15  2 15 15]
 [15 15 15 15]
 [15 15 15 15]
 [15 15 15 15]
 [15  5 15 15]], 

=10 

=16 

[debug] move action_id=132, action=((3, 0), (3, 0)), 
[debug] current_player=1 (B), 
[debug] board[(3, 0)]=1, board[(3, 0)]=1, 
[debug] board state:
[[ 8 14 15 15]
 [15 15 11 15]
 [15 15  1 15]
 [ 1  2 15 15]
 [15 15 15 15]
 [15 15 15 15]
 [15 15 15 15]
 [15  5 15 15]], 

=11 

=16 

=12 a8 b8

[debug] move action_id=8, action=((0, 0), (0, 1)), 
[debug] current_player=0 (R), 
[debug] board[(0, 0)]=14, board[(0, 1)]=8, 
[debug] board state:
[[14  8 15 15]
 [15 15 11 15]
 [15 15  1 15]
 [ 1  2 15 15]
 [15 15 15 15]
 [15 15 15 15]
 [15 15 15 15]
 [15  5 15 15]], 

=10 

=16 

[debug] move action_id=44, action=((1, 0), (1, 0)), 
[debug] current_player=1 (B), 
[debug] board[(1, 0)]=13, board[(1, 0)]=13, 
[debug] board state:
[[14  8 15 15]
 [13 15 11 15]
 [15 15  1 15]
 [ 1  2 15 15]
 [15 15 15 15]
 [15 15 15 15]
 [15 15 15 15]
 [15  5 15 15]], 

=11 

=16 

=12 a7 a8

[debug] move action_id=1, action=((1, 0), (0, 0)), 
[debug] current_player=0 (R), 
[debug] board[(1, 0)]=14, board[(0, 0)]=13, 
[debug] board state:
[[13  8 15 15]
 [14 15 11 15]
 [15 15  1 15]
 [ 1  2 15 15]
 [15 15 15 15]
 [15 15 15 15]
 [15 15 15 15]
 [15  5 15 15]], 

=10 

=16 

[debug] move action_id=154, action=((3, 2), (3, 2)), 
[debug] current_player=1 (B), 
[debug] board[(3, 2)]=12, board[(3, 2)]=12, 
[debug] board state:
[[13  8 15 15]
 [14 15 11 15]
 [15 15  1 15]
 [ 1  2 12 15]
 [15 15 15 15]
 [15 15 15 15]
 [15 15 15 15]
 [15  5 15 15]], 

=11 

=16 

=12 c8 c8

[debug] move action_id=22, action=((0, 2), (0, 2)), 
[debug] current_player=0 (R), 
[debug] board[(0, 2)]=8, board[(0, 2)]=8, 
[debug] board state:
[[13  8  8 15]
 [14 15 11 15]
 [15 15  1 15]
 [ 1  2 12 15]
 [15 15 15 15]
 [15 15 15 15]
 [15 15 15 15]
 [15  5 15 15]], 

=11 

=16 

[debug] move action_id=198, action=((4, 2), (4, 2)), 
[debug] current_player=1 (B), 
[debug] board[(4, 2)]=6, board[(4, 2)]=6, 
[debug] board state:
[[13  8  8 15]
 [14 15 11 15]
 [15 15  1 15]
 [ 1  2 12 15]
 [15 15  6 15]
 [15 15 15 15]
 [15 15 15 15]
 [15  5 15 15]], 

=11 

=16 

=12 d8 d8

[debug] move action_id=33, action=((0, 3), (0, 3)), 
[debug] current_player=0 (R), 
[debug] board[(0, 3)]=2, board[(0, 3)]=2, 
[debug] board state:
[[13  8  8  2]
 [14 15 11 15]
 [15 15  1 15]
 [ 1  2 12 15]
 [15 15  6 15]
 [15 15 15 15]
 [15 15 15 15]
 [15  5 15 15]], 

=11 

=16 

[debug] move action_id=68, action=((2, 2), (1, 2)), 
[debug] current_player=1 (B), 
[debug] board[(2, 2)]=14, board[(1, 2)]=1, 
[debug] board state:
[[13  8  8  2]
 [14 15  1 15]
 [15 15 14 15]
 [ 1  2 12 15]
 [15 15  6 15]
 [15 15 15 15]
 [15 15 15 15]
 [15  5 15 15]], 

=10 

=16 

=12 c8 d8

[debug] move action_id=32, action=((0, 2), (0, 3)), 
[debug] current_player=0 (R), 
[debug] board[(0, 2)]=14, board[(0, 3)]=8, 
[debug] board state:
[[13  8 14  8]
 [14 15  1 15]
 [15 15 14 15]
 [ 1  2 12 15]
 [15 15  6 15]
 [15 15 15 15]
 [15 15 15 15]
 [15  5 15 15]], 

=10 

=16 

[debug] move action_id=242, action=((5, 2), (5, 2)), 
[debug] current_player=1 (B), 
[debug] board[(5, 2)]=7, board[(5, 2)]=7, 
[debug] board state:
[[13  8 14  8]
 [14 15  1 15]
 [15 15 14 15]
 [ 1  2 12 15]
 [15 15  6 15]
 [15 15  7 15]
 [15 15 15 15]
 [15  5 15 15]], 

=11 

=16 

=12 b8 c8

[debug] move action_id=20, action=((0, 1), (0, 2)), 
[debug] current_player=0 (R), 
[debug] board[(0, 1)]=14, board[(0, 2)]=8, 
[debug] board state:
[[13 14  8  8]
 [14 15  1 15]
 [15 15 14 15]
 [ 1  2 12 15]
 [15 15  6 15]
 [15 15  7 15]
 [15 15 15 15]
 [15  5 15 15]], 

=10 

=16 

[debug] move action_id=77, action=((1, 3), (1, 3)), 
[debug] current_player=1 (B), 
[debug] board[(1, 3)]=5, board[(1, 3)]=5, 
[debug] board state:
[[13 14  8  8]
 [14 15  1  5]
 [15 15 14 15]
 [ 1  2 12 15]
 [15 15  6 15]
 [15 15  7 15]
 [15 15 15 15]
 [15  5 15 15]], 

=11 

=16 

=12 a8 b8

[debug] move action_id=8, action=((0, 0), (0, 1)), 
[debug] current_player=0 (R), 
[debug] board[(0, 0)]=14, board[(0, 1)]=13, 
[debug] board state:
[[14 13  8  8]
 [14 15  1  5]
 [15 15 14 15]
 [ 1  2 12 15]
 [15 15  6 15]
 [15 15  7 15]
 [15 15 15 15]
 [15  5 15 15]], 

=10 

=16 

[debug] move action_id=297, action=((6, 3), (6, 3)), 
[debug] current_player=1 (B), 
[debug] board[(6, 3)]=13, board[(6, 3)]=13, 
[debug] board state:
[[14 13  8  8]
 [14 15  1  5]
 [15 15 14 15]
 [ 1  2 12 15]
 [15 15  6 15]
 [15 15  7 15]
 [15 15 15 13]
 [15  5 15 15]], 

=11 

=16 

=12 b8 a8

[debug] move action_id=19, action=((0, 1), (0, 0)), 
[debug] current_player=0 (R), 
[debug] board[(0, 1)]=14, board[(0, 0)]=13, 
[debug] board state:
[[13 14  8  8]
 [14 15  1  5]
 [15 15 14 15]
 [ 1  2 12 15]
 [15 15  6 15]
 [15 15  7 15]
 [15 15 15 13]
 [15  5 15 15]], 

=10 

=16 

[debug] move action_id=341, action=((7, 3), (7, 3)), 
[debug] current_player=1 (B), 
[debug] board[(7, 3)]=13, board[(7, 3)]=13, 
[debug] board state:
[[13 14  8  8]
 [14 15  1  5]
 [15 15 14 15]
 [ 1  2 12 15]
 [15 15  6 15]
 [15 15  7 15]
 [15 15 15 13]
 [15  5 15 13]], 

=11 

=16 

=12 a8 b8

[debug] move action_id=8, action=((0, 0), (0, 1)), 
[debug] current_player=0 (R), 
[debug] board[(0, 0)]=14, board[(0, 1)]=13, 
[debug] board state:
[[14 13  8  8]
 [14 15  1  5]
 [15 15 14 15]
 [ 1  2 12 15]
 [15 15  6 15]
 [15 15  7 15]
 [15 15 15 13]
 [15  5 15 13]], 

=10 

=16 

[debug] move action_id=209, action=((4, 3), (4, 3)), 
[debug] current_player=1 (B), 
[debug] board[(4, 3)]=9, board[(4, 3)]=9, 
[debug] board state:
[[14 13  8  8]
 [14 15  1  5]
 [15 15 14 15]
 [ 1  2 12 15]
 [15 15  6  9]
 [15 15  7 15]
 [15 15 15 13]
 [15  5 15 13]], 

=11 

=16 

=12 b8 a8

[debug] move action_id=19, action=((0, 1), (0, 0)), 
[debug] current_player=0 (R), 
[debug] board[(0, 1)]=14, board[(0, 0)]=13, 
[debug] board state:
[[13 14  8  8]
 [14 15  1  5]
 [15 15 14 15]
 [ 1  2 12 15]
 [15 15  6  9]
 [15 15  7 15]
 [15 15 15 13]
 [15  5 15 13]], 

=10 

=16 

[debug] move action_id=275, action=((6, 1), (6, 1)), 
[debug] current_player=1 (B), 
[debug] board[(6, 1)]=11, board[(6, 1)]=11, 
[debug] board state:
[[13 14  8  8]
 [14 15  1  5]
 [15 15 14 15]
 [ 1  2 12 15]
 [15 15  6  9]
 [15 15  7 15]
 [15 11 15 13]
 [15  5 15 13]], 

=11 

=16 

=12 a8 b8

[debug] move action_id=8, action=((0, 0), (0, 1)), 
[debug] current_player=0 (R), 
[debug] board[(0, 0)]=14, board[(0, 1)]=13, 
[debug] board state:
[[14 13  8  8]
 [14 15  1  5]
 [15 15 14 15]
 [ 1  2 12 15]
 [15 15  6  9]
 [15 15  7 15]
 [15 11 15 13]
 [15  5 15 13]], 

=10 

=16 

[debug] move action_id=121, action=((2, 3), (2, 3)), 
[debug] current_player=1 (B), 
[debug] board[(2, 3)]=6, board[(2, 3)]=6, 
[debug] board state:
[[14 13  8  8]
 [14 15  1  5]
 [15 15 14  6]
 [ 1  2 12 15]
 [15 15  6  9]
 [15 15  7 15]
 [15 11 15 13]
 [15  5 15 13]], 

=11 

=16 

=12 b8 a8

[debug] move action_id=19, action=((0, 1), (0, 0)), 
[debug] current_player=0 (R), 
[debug] board[(0, 1)]=14, board[(0, 0)]=13, 
[debug] board state:
[[13 14  8  8]
 [14 15  1  5]
 [15 15 14  6]
 [ 1  2 12 15]
 [15 15  6  9]
 [15 15  7 15]
 [15 11 15 13]
 [15  5 15 13]], 

=10 

=16 

[debug] move action_id=231, action=((5, 1), (5, 1)), 
[debug] current_player=1 (B), 
[debug] board[(5, 1)]=6, board[(5, 1)]=6, 
[debug] board state:
[[13 14  8  8]
 [14 15  1  5]
 [15 15 14  6]
 [ 1  2 12 15]
 [15 15  6  9]
 [15  6  7 15]
 [15 11 15 13]
 [15  5 15 13]], 

=11 

=16 

=12 a8 b8

[debug] move action_id=8, action=((0, 0), (0, 1)), 
[debug] current_player=0 (R), 
[debug] board[(0, 0)]=14, board[(0, 1)]=13, 
[debug] board state:
[[14 13  8  8]
 [14 15  1  5]
 [15 15 14  6]
 [ 1  2 12 15]
 [15 15  6  9]
 [15  6  7 15]
 [15 11 15 13]
 [15  5 15 13]], 

=10 

=16 

[debug] move action_id=220, action=((5, 0), (5, 0)), 
[debug] current_player=1 (B), 
[debug] board[(5, 0)]=13, board[(5, 0)]=13, 
[debug] board state:
[[14 13  8  8]
 [14 15  1  5]
 [15 15 14  6]
 [ 1  2 12 15]
 [15 15  6  9]
 [13  6  7 15]
 [15 11 15 13]
 [15  5 15 13]], 

=11 

=16 

=12 b8 a8

[debug] move action_id=19, action=((0, 1), (0, 0)), 
[debug] current_player=0 (R), 
[debug] board[(0, 1)]=14, board[(0, 0)]=13, 
[debug] board state:
[[13 14  8  8]
 [14 15  1  5]
 [15 15 14  6]
 [ 1  2 12 15]
 [15 15  6  9]
 [13  6  7 15]
 [15 11 15 13]
 [15  5 15 13]], 

=10 

=16 

[debug] move action_id=99, action=((2, 1), (2, 1)), 
[debug] current_player=1 (B), 
[debug] board[(2, 1)]=4, board[(2, 1)]=4, 
[debug] board state:
[[13 14  8  8]
 [14 15  1  5]
 [15  4 14  6]
 [ 1  2 12 15]
 [15 15  6  9]
 [13  6  7 15]
 [15 11 15 13]
 [15  5 15 13]], 

=11 

=16 

=12 a8 b8

[debug] move action_id=8, action=((0, 0), (0, 1)), 
[debug] current_player=0 (R), 
[debug] board[(0, 0)]=14, board[(0, 1)]=13, 
[debug] board state:
[[14 13  8  8]
 [14 15  1  5]
 [15  4 14  6]
 [ 1  2 12 15]
 [15 15  6  9]
 [13  6  7 15]
 [15 11 15 13]
 [15  5 15 13]], 

=10 

=16 

[debug] move action_id=286, action=((6, 2), (6, 2)), 
[debug] current_player=1 (B), 
[debug] board[(6, 2)]=4, board[(6, 2)]=4, 
[debug] board state:
[[14 13  8  8]
 [14 15  1  5]
 [15  4 14  6]
 [ 1  2 12 15]
 [15 15  6  9]
 [13  6  7 15]
 [15 11  4 13]
 [15  5 15 13]], 

=11 

=16 

=12 b8 a8

[debug] move action_id=19, action=((0, 1), (0, 0)), 
[debug] current_player=0 (R), 
[debug] board[(0, 1)]=14, board[(0, 0)]=13, 
[debug] board state:
[[13 14  8  8]
 [14 15  1  5]
 [15  4 14  6]
 [ 1  2 12 15]
 [15 15  6  9]
 [13  6  7 15]
 [15 11  4 13]
 [15  5 15 13]], 

=10 

=16 

[debug] move action_id=152, action=((3, 1), (3, 2)), 
[debug] current_player=1 (B), 
[debug] board[(3, 1)]=14, board[(3, 2)]=2, 
[debug] board state:
[[13 14  8  8]
 [14 15  1  5]
 [15  4 14  6]
 [ 1 14  2 15]
 [15 15  6  9]
 [13  6  7 15]
 [15 11  4 13]
 [15  5 15 13]], 

=10 

=16 

=12 a8 b8

[debug] move action_id=8, action=((0, 0), (0, 1)), 
[debug] current_player=0 (R), 
[debug] board[(0, 0)]=14, board[(0, 1)]=13, 
[debug] board state:
[[14 13  8  8]
 [14 15  1  5]
 [15  4 14  6]
 [ 1 14  2 15]
 [15 15  6  9]
 [13  6  7 15]
 [15 11  4 13]
 [15  5 15 13]], 

=10 

=16 

[debug] move action_id=187, action=((4, 1), (4, 1)), 
[debug] current_player=1 (B), 
[debug] board[(4, 1)]=13, board[(4, 1)]=13, 
[debug] board state:
[[14 13  8  8]
 [14 15  1  5]
 [15  4 14  6]
 [ 1 14  2 15]
 [15 13  6  9]
 [13  6  7 15]
 [15 11  4 13]
 [15  5 15 13]], 

=11 

=16 

=12 b8 a8

[debug] move action_id=19, action=((0, 1), (0, 0)), 
[debug] current_player=0 (R), 
[debug] board[(0, 1)]=14, board[(0, 0)]=13, 
[debug] board state:
[[13 14  8  8]
 [14 15  1  5]
 [15  4 14  6]
 [ 1 14  2 15]
 [15 13  6  9]
 [13  6  7 15]
 [15 11  4 13]
 [15  5 15 13]], 

=10 

=16 

[debug] move action_id=330, action=((7, 2), (7, 2)), 
[debug] current_player=1 (B), 
[debug] board[(7, 2)]=10, board[(7, 2)]=10, 
[debug] board state:
[[13 14  8  8]
 [14 15  1  5]
 [15  4 14  6]
 [ 1 14  2 15]
 [15 13  6  9]
 [13  6  7 15]
 [15 11  4 13]
 [15  5 10 13]], 

=11 

=16 

=12 a8 b8

[debug] move action_id=8, action=((0, 0), (0, 1)), 
[debug] current_player=0 (R), 
[debug] board[(0, 0)]=14, board[(0, 1)]=13, 
[debug] board state:
[[14 13  8  8]
 [14 15  1  5]
 [15  4 14  6]
 [ 1 14  2 15]
 [15 13  6  9]
 [13  6  7 15]
 [15 11  4 13]
 [15  5 10 13]], 

=10 

=16 

[debug] move action_id=295, action=((6, 2), (6, 1)), 
[debug] current_player=1 (B), 
[debug] board[(6, 2)]=14, board[(6, 1)]=4, 
[debug] board state:
[[14 13  8  8]
 [14 15  1  5]
 [15  4 14  6]
 [ 1 14  2 15]
 [15 13  6  9]
 [13  6  7 15]
 [15  4 14 13]
 [15  5 10 13]], 

=10 

=16 

=12 b8 a8

[debug] move action_id=19, action=((0, 1), (0, 0)), 
[debug] current_player=0 (R), 
[debug] board[(0, 1)]=14, board[(0, 0)]=13, 
[debug] board state:
[[13 14  8  8]
 [14 15  1  5]
 [15  4 14  6]
 [ 1 14  2 15]
 [15 13  6  9]
 [13  6  7 15]
 [15  4 14 13]
 [15  5 10 13]], 

=10 

=16 

[debug] move action_id=192, action=((5, 1), (4, 1)), 
[debug] current_player=1 (B), 
[debug] board[(5, 1)]=14, board[(4, 1)]=6, 
[debug] board state:
[[13 14  8  8]
 [14 15  1  5]
 [15  4 14  6]
 [ 1 14  2 15]
 [15  6  6  9]
 [13 14  7 15]
 [15  4 14 13]
 [15  5 10 13]], 

=10 

=16 

=12 a8 b8

[debug] move action_id=8, action=((0, 0), (0, 1)), 
[debug] current_player=0 (R), 
[debug] board[(0, 0)]=14, board[(0, 1)]=13, 
[debug] board state:
[[14 13  8  8]
 [14 15  1  5]
 [15  4 14  6]
 [ 1 14  2 15]
 [15  6  6  9]
 [13 14  7 15]
 [15  4 14 13]
 [15  5 10 13]], 

=10 

=16 

[debug] move action_id=284, action=((6, 1), (6, 2)), 
[debug] current_player=1 (B), 
[debug] board[(6, 1)]=14, board[(6, 2)]=4, 
[debug] board state:
[[14 13  8  8]
 [14 15  1  5]
 [15  4 14  6]
 [ 1 14  2 15]
 [15  6  6  9]
 [13 14  7 15]
 [15 14  4 13]
 [15  5 10 13]], 

=10 

=16 

=12 b8 a8

[debug] move action_id=19, action=((0, 1), (0, 0)), 
[debug] current_player=0 (R), 
[debug] board[(0, 1)]=14, board[(0, 0)]=13, 
[debug] board state:
[[13 14  8  8]
 [14 15  1  5]
 [15  4 14  6]
 [ 1 14  2 15]
 [15  6  6  9]
 [13 14  7 15]
 [15 14  4 13]
 [15  5 10 13]], 

=10 

=16 

[debug] move action_id=296, action=((6, 2), (6, 3)), 
[debug] current_player=1 (B), 
[debug] board[(6, 2)]=14, board[(6, 3)]=4, 
[debug] board state:
[[13 14  8  8]
 [14 15  1  5]
 [15  4 14  6]
 [ 1 14  2 15]
 [15  6  6  9]
 [13 14  7 15]
 [15 14 14  4]
 [15  5 10 13]], 

=10 

=16 

=12 a8 b8

[debug] move action_id=8, action=((0, 0), (0, 1)), 
[debug] current_player=0 (R), 
[debug] board[(0, 0)]=14, board[(0, 1)]=13, 
[debug] board state:
[[14 13  8  8]
 [14 15  1  5]
 [15  4 14  6]
 [ 1 14  2 15]
 [15  6  6  9]
 [13 14  7 15]
 [15 14 14  4]
 [15  5 10 13]], 

=10 

=16 

[debug] move action_id=307, action=((6, 3), (6, 2)), 
[debug] current_player=1 (B), 
[debug] board[(6, 3)]=14, board[(6, 2)]=4, 
[debug] board state:
[[14 13  8  8]
 [14 15  1  5]
 [15  4 14  6]
 [ 1 14  2 15]
 [15  6  6  9]
 [13 14  7 15]
 [15 14  4 14]
 [15  5 10 13]], 

=10 

=16 

=12 b8 a8

[debug] move action_id=19, action=((0, 1), (0, 0)), 
[debug] current_player=0 (R), 
[debug] board[(0, 1)]=14, board[(0, 0)]=13, 
[debug] board state:
[[13 14  8  8]
 [14 15  1  5]
 [15  4 14  6]
 [ 1 14  2 15]
 [15  6  6  9]
 [13 14  7 15]
 [15 14  4 14]
 [15  5 10 13]], 

=10 

=16 

[debug] move action_id=296, action=((6, 2), (6, 3)), 
[debug] current_player=1 (B), 
[debug] board[(6, 2)]=14, board[(6, 3)]=4, 
[debug] board state:
[[13 14  8  8]
 [14 15  1  5]
 [15  4 14  6]
 [ 1 14  2 15]
 [15  6  6  9]
 [13 14  7 15]
 [15 14 14  4]
 [15  5 10 13]], 

=10 

=16 

=12 a8 b8

[debug] move action_id=8, action=((0, 0), (0, 1)), 
[debug] current_player=0 (R), 
[debug] board[(0, 0)]=14, board[(0, 1)]=13, 
[debug] board state:
[[14 13  8  8]
 [14 15  1  5]
 [15  4 14  6]
 [ 1 14  2 15]
 [15  6  6  9]
 [13 14  7 15]
 [15 14 14  4]
 [15  5 10 13]], 

=10 

=16 

[debug] move action_id=307, action=((6, 3), (6, 2)), 
[debug] current_player=1 (B), 
[debug] board[(6, 3)]=14, board[(6, 2)]=4, 
[debug] board state:
[[14 13  8  8]
 [14 15  1  5]
 [15  4 14  6]
 [ 1 14  2 15]
 [15  6  6  9]
 [13 14  7 15]
 [15 14  4 14]
 [15  5 10 13]], 

=10 

=16 

=12 b8 a8

[debug] move action_id=19, action=((0, 1), (0, 0)), 
[debug] current_player=0 (R), 
[debug] board[(0, 1)]=14, board[(0, 0)]=13, 
[debug] board state:
[[13 14  8  8]
 [14 15  1  5]
 [15  4 14  6]
 [ 1 14  2 15]
 [15  6  6  9]
 [13 14  7 15]
 [15 14  4 14]
 [15  5 10 13]], 

=10 

=16 

[debug] move action_id=296, action=((6, 2), (6, 3)), 
[debug] current_player=1 (B), 
[debug] board[(6, 2)]=14, board[(6, 3)]=4, 
[debug] board state:
[[13 14  8  8]
 [14 15  1  5]
 [15  4 14  6]
 [ 1 14  2 15]
 [15  6  6  9]
 [13 14  7 15]
 [15 14 14  4]
 [15  5 10 13]], 

=10 

=16 

=12 a8 b8

[debug] move action_id=8, action=((0, 0), (0, 1)), 
[debug] current_player=0 (R), 
[debug] board[(0, 0)]=14, board[(0, 1)]=13, 
[debug] board state:
[[14 13  8  8]
 [14 15  1  5]
 [15  4 14  6]
 [ 1 14  2 15]
 [15  6  6  9]
 [13 14  7 15]
 [15 14 14  4]
 [15  5 10 13]], 

=10 

=16 

[debug] move action_id=307, action=((6, 3), (6, 2)), 
[debug] current_player=1 (B), 
[debug] board[(6, 3)]=14, board[(6, 2)]=4, 
[debug] board state:
[[14 13  8  8]
 [14 15  1  5]
 [15  4 14  6]
 [ 1 14  2 15]
 [15  6  6  9]
 [13 14  7 15]
 [15 14  4 14]
 [15  5 10 13]], 

=10 

=16 

=12 b8 a8

[debug] move action_id=19, action=((0, 1), (0, 0)), 
[debug] current_player=0 (R), 
[debug] board[(0, 1)]=14, board[(0, 0)]=13, 
[debug] board state:
[[13 14  8  8]
 [14 15  1  5]
 [15  4 14  6]
 [ 1 14  2 15]
 [15  6  6  9]
 [13 14  7 15]
 [15 14  4 14]
 [15  5 10 13]], 

=10 

=16 

[debug] move action_id=296, action=((6, 2), (6, 3)), 
[debug] current_player=1 (B), 
[debug] board[(6, 2)]=14, board[(6, 3)]=4, 
[debug] board state:
[[13 14  8  8]
 [14 15  1  5]
 [15  4 14  6]
 [ 1 14  2 15]
 [15  6  6  9]
 [13 14  7 15]
 [15 14 14  4]
 [15  5 10 13]], 

=10 

=16 


# 10 27 29 63 65 99 101 135 137 171 173 207 209 243 245 279 281 315 317 351 353 387 389 423 425 459 461 495 497 531 533 567 569 603 605 639 641 675 677 711 713 747 749 783 785 819 821 855 857 891 893 927 929 963 965 999 1001 1035 1037 1071 1073 1107 1109 1143 1145 #
/home/ntcucsk201/anaconda3/envs/darkchess/lib/python3.10/site-packages/treevalue/tree/integration/torch.py:23: FutureWarning: `torch.utils._pytree._register_pytree_node` is deprecated. Please use `torch.utils._pytree.register_pytree_node` instead.
  register_for_torch(TreeValue)
/home/ntcucsk201/anaconda3/envs/darkchess/lib/python3.10/site-packages/treevalue/tree/integration/torch.py:24: FutureWarning: `torch.utils._pytree._register_pytree_node` is deprecated. Please use `torch.utils._pytree.register_pytree_node` instead.
  register_for_torch(FastTreeValue)
Gym has been unmaintained since 2022 and does not support NumPy 2.0 amongst other critical functionality.
Please upgrade to Gymnasium, the maintained drop-in replacement of Gym, or contact the authors of your software and request that they upgrade.
See the migration guide at https://gymnasium.farama.org/introduction/migration_guide/ for additional information.
[DEBUG] Config loaded successfully
/home/ntcucsk201/DarkChess/LightZero/zoo/board_games/darkchess/alphazero_mgtp.py:38: FutureWarning: You are using `torch.load` with `weights_only=False` (the current default value), which uses the default pickle module implicitly. It is possible to construct malicious pickle data which will execute arbitrary code during unpickling (See https://github.com/pytorch/pytorch/blob/main/SECURITY.md#untrusted-models for more details). In a future release, the default value for `weights_only` will be flipped to `True`. This limits the functions that could be executed during unpickling. Arbitrary objects will no longer be allowed to be loaded via this mode unless they are explicitly allowlisted by the user via `torch.serialization.add_safe_globals`. We recommend you start setting `weights_only=True` for any use case where you don't have full control of the loaded file. Please open an issue on GitHub for any issues related to this experimental feature.
  checkpoint = torch.load(model_path, map_location='cpu')
[DEBUG] Model moved to device: cuda:0

###
Account: a1_alphazero
Mode: MGTP
Path: /home/ntcucsk201/anaconda3/envs/darkchess/bin/python
Arg: /home/ntcucsk201/DarkChess/LightZero/zoo/board_games/darkchess/alphazero_mgtp.py -model_path /home/ntcucsk201/DarkChess/LightZero/zoo/board_games/darkchess/data_alphazero/darkchess_alphazero_ns1000_upc50_rer0.2_bs512_260222_173317/ckpt/ckpt_best.pth.tar -config_path /home/ntcucsk201/DarkChess/LightZero/zoo/board_games/darkchess/data_alphazero/darkchess_alphazero_ns1000_upc50_rer0.2_bs512_260222_173317/formatted_total_config.py
Name: LightZero_DarkChess
Version: 1.0.0
###
