INITIAL
* 10:17pm Feb 22, 2026
* a1_alphazero vs a0_mu
* 1 2 2 2 2 2 5 1 2 2 2 2 2 5
* X X X X
* X X X X
* X X X X
* X X X X
* X X X X
* X X X X
* X X X X
* X X X X
* first 0
* time 900
* 1. a8(R) b1(N)
* 2. b8(p) c7(k)
* 3. a8-b8 a6(G)
* 4. b8-a8 c6(P)
* 5. a8-b8 d8(m)
* 6. b8-a8 a3(n)
* 7. a8-b8 c3(C)
* 8. b8-a8 c2(g)
* 9. a8-b8 c1(P)
* 10. b8-a8 a4(p)
* 11. a8-b8 c8(M)
* 12. b8-a8 a2(p)
* 13. a8-b8 d6(P)
* 14. b8-a8 d2(c)
* 15. a8-b8 b2(p)
* 16. b8-a8 a1(n)
* 17. a8-b8 d1(p)
* 18. b8-a8 b4(P)
* 19. a8-b8 d4(K)
* 20. b8-a8 b7(r)
* 21. a8-b8 c4(C)
* 22. b8-a8 c2-c3
* 23. a8-b8 c3-c4
* 24. b8-a8 b3(m)
* 25. a8-b8 b3-b4
* 26. b8-a8 a1-b1
* 27. a8-b8 c5(M)
* 28. b8-a8 d2-c2
* 29. a8-b8 d1-d2
* 30. b8-a8 c2-c3
* 31. a8-b8 d2-c2
* 32. b8-a8 c2-d2
* 33. a8-b8 d2-c2
* 34. b8-a8 c2-d2
* 35. a8-b8 d2-c2
* 36. b8-a8 c2-d2
* PositionRepetitionDraw,3,4 a1_alphazero Draw 0.500000,0.500000
* Comment 0 0
0. 1771769848233
1. 1771769848233
2. 1771769850418
3. 1771769850829
4. 1771769852823
5. 1771769853235
6. 1771769855228
7. 1771769855642
8. 1771769857633
9. 1771769858047
10. 1771769860038
11. 1771769860453
12. 1771769862444
13. 1771769862857
14. 1771769864849
15. 1771769865261
16. 1771769867254
17. 1771769867665
18. 1771769869659
19. 1771769870069
20. 1771769872064
21. 1771769872474
22. 1771769874519
23. 1771769874930
24. 1771769876974
25. 1771769877383
26. 1771769879329
27. 1771769879738
28. 1771769881734
29. 1771769882142
30. 1771769884090
31. 1771769884496
32. 1771769886496
33. 1771769886900
34. 1771769888903
35. 1771769889304
36. 1771769891309
37. 1771769891709
38. 1771769893714
39. 1771769894113
40. 1771769896121
41. 1771769896518
42. 1771769898527
43. 1771769898923
44. 1771769900933
45. 1771769901328
46. 1771769903339
47. 1771769903733
48. 1771769905744
49. 1771769906138
50. 1771769908150
51. 1771769908545
52. 1771769910555
53. 1771769910951
54. 1771769912961
55. 1771769913357
56. 1771769915365
57. 1771769915763
58. 1771769917770
59. 1771769918169
60. 1771769920175
61. 1771769920575
62. 1771769922580
63. 1771769922981
64. 1771769924985
65. 1771769925387
66. 1771769927391
67. 1771769927793
68. 1771769929796
69. 1771769930199
70. 1771769932201
71. 1771769932604
72. 1771769934606

# 10 12 46 48 82 84 118 120 154 156 190 192 226 228 262 264 298 300 334 336 370 372 406 408 442 444 478 480 514 516 550 552 586 588 622 624 658 660 694 696 730 732 766 768 802 804 838 840 874 876 910 912 946 948 982 984 1018 1020 1054 1056 1090 1092 1126 1128 1162 1164 1198 1200 1234 1236 1270 1272 #
LightZero MGTP Interface Ready
=1 LightZero_DarkChess

=2 1.0.0

=7 

=15 

=14 

=12 a8 a8

[debug] move action_id=0, action=((0, 0), (0, 0)), 
[debug] current_player=1 (B), 
[debug] board[(0, 0)]=3, board[(0, 0)]=3, 
[debug] board state:
[[ 3 15 15 15]
 [15 15 15 15]
 [15 15 15 15]
 [15 15 15 15]
 [15 15 15 15]
 [15 15 15 15]
 [15 15 15 15]
 [15 15 15 15]], 

=11 

=16 

[debug] move action_id=319, action=((7, 1), (7, 1)), 
[debug] current_player=0 (R), 
[debug] board[(7, 1)]=4, board[(7, 1)]=4, 
[debug] board state:
[[ 3 15 15 15]
 [15 15 15 15]
 [15 15 15 15]
 [15 15 15 15]
 [15 15 15 15]
 [15 15 15 15]
 [15 15 15 15]
 [15  4 15 15]], 

=11 

=16 

=12 b8 b8

[debug] move action_id=11, action=((0, 1), (0, 1)), 
[debug] current_player=1 (B), 
[debug] board[(0, 1)]=13, board[(0, 1)]=13, 
[debug] board state:
[[ 3 13 15 15]
 [15 15 15 15]
 [15 15 15 15]
 [15 15 15 15]
 [15 15 15 15]
 [15 15 15 15]
 [15 15 15 15]
 [15  4 15 15]], 

=11 

=16 

[debug] move action_id=66, action=((1, 2), (1, 2)), 
[debug] current_player=0 (R), 
[debug] board[(1, 2)]=7, board[(1, 2)]=7, 
[debug] board state:
[[ 3 13 15 15]
 [15 15  7 15]
 [15 15 15 15]
 [15 15 15 15]
 [15 15 15 15]
 [15 15 15 15]
 [15 15 15 15]
 [15  4 15 15]], 

=11 

=16 

=12 a8 b8

[debug] move action_id=8, action=((0, 0), (0, 1)), 
[debug] current_player=1 (B), 
[debug] board[(0, 0)]=14, board[(0, 1)]=3, 
[debug] board state:
[[14  3 15 15]
 [15 15  7 15]
 [15 15 15 15]
 [15 15 15 15]
 [15 15 15 15]
 [15 15 15 15]
 [15 15 15 15]
 [15  4 15 15]], 

=10 

=16 

[debug] move action_id=88, action=((2, 0), (2, 0)), 
[debug] current_player=0 (R), 
[debug] board[(2, 0)]=1, board[(2, 0)]=1, 
[debug] board state:
[[14  3 15 15]
 [15 15  7 15]
 [ 1 15 15 15]
 [15 15 15 15]
 [15 15 15 15]
 [15 15 15 15]
 [15 15 15 15]
 [15  4 15 15]], 

=11 

=16 

=12 b8 a8

[debug] move action_id=19, action=((0, 1), (0, 0)), 
[debug] current_player=1 (B), 
[debug] board[(0, 1)]=14, board[(0, 0)]=3, 
[debug] board state:
[[ 3 14 15 15]
 [15 15  7 15]
 [ 1 15 15 15]
 [15 15 15 15]
 [15 15 15 15]
 [15 15 15 15]
 [15 15 15 15]
 [15  4 15 15]], 

=10 

=16 

[debug] move action_id=110, action=((2, 2), (2, 2)), 
[debug] current_player=0 (R), 
[debug] board[(2, 2)]=6, board[(2, 2)]=6, 
[debug] board state:
[[ 3 14 15 15]
 [15 15  7 15]
 [ 1 15  6 15]
 [15 15 15 15]
 [15 15 15 15]
 [15 15 15 15]
 [15 15 15 15]
 [15  4 15 15]], 

=11 

=16 

=12 a8 b8

[debug] move action_id=8, action=((0, 0), (0, 1)), 
[debug] current_player=1 (B), 
[debug] board[(0, 0)]=14, board[(0, 1)]=3, 
[debug] board state:
[[14  3 15 15]
 [15 15  7 15]
 [ 1 15  6 15]
 [15 15 15 15]
 [15 15 15 15]
 [15 15 15 15]
 [15 15 15 15]
 [15  4 15 15]], 

=10 

=16 

[debug] move action_id=33, action=((0, 3), (0, 3)), 
[debug] current_player=0 (R), 
[debug] board[(0, 3)]=9, board[(0, 3)]=9, 
[debug] board state:
[[14  3 15  9]
 [15 15  7 15]
 [ 1 15  6 15]
 [15 15 15 15]
 [15 15 15 15]
 [15 15 15 15]
 [15 15 15 15]
 [15  4 15 15]], 

=11 

=16 

=12 b8 a8

[debug] move action_id=19, action=((0, 1), (0, 0)), 
[debug] current_player=1 (B), 
[debug] board[(0, 1)]=14, board[(0, 0)]=3, 
[debug] board state:
[[ 3 14 15  9]
 [15 15  7 15]
 [ 1 15  6 15]
 [15 15 15 15]
 [15 15 15 15]
 [15 15 15 15]
 [15 15 15 15]
 [15  4 15 15]], 

=10 

=16 

[debug] move action_id=220, action=((5, 0), (5, 0)), 
[debug] current_player=0 (R), 
[debug] board[(5, 0)]=11, board[(5, 0)]=11, 
[debug] board state:
[[ 3 14 15  9]
 [15 15  7 15]
 [ 1 15  6 15]
 [15 15 15 15]
 [15 15 15 15]
 [11 15 15 15]
 [15 15 15 15]
 [15  4 15 15]], 

=11 

=16 

=12 a8 b8

[debug] move action_id=8, action=((0, 0), (0, 1)), 
[debug] current_player=1 (B), 
[debug] board[(0, 0)]=14, board[(0, 1)]=3, 
[debug] board state:
[[14  3 15  9]
 [15 15  7 15]
 [ 1 15  6 15]
 [15 15 15 15]
 [15 15 15 15]
 [11 15 15 15]
 [15 15 15 15]
 [15  4 15 15]], 

=10 

=16 

[debug] move action_id=242, action=((5, 2), (5, 2)), 
[debug] current_player=0 (R), 
[debug] board[(5, 2)]=5, board[(5, 2)]=5, 
[debug] board state:
[[14  3 15  9]
 [15 15  7 15]
 [ 1 15  6 15]
 [15 15 15 15]
 [15 15 15 15]
 [11 15  5 15]
 [15 15 15 15]
 [15  4 15 15]], 

=11 

=16 

=12 b8 a8

[debug] move action_id=19, action=((0, 1), (0, 0)), 
[debug] current_player=1 (B), 
[debug] board[(0, 1)]=14, board[(0, 0)]=3, 
[debug] board state:
[[ 3 14 15  9]
 [15 15  7 15]
 [ 1 15  6 15]
 [15 15 15 15]
 [15 15 15 15]
 [11 15  5 15]
 [15 15 15 15]
 [15  4 15 15]], 

=10 

=16 

[debug] move action_id=286, action=((6, 2), (6, 2)), 
[debug] current_player=0 (R), 
[debug] board[(6, 2)]=8, board[(6, 2)]=8, 
[debug] board state:
[[ 3 14 15  9]
 [15 15  7 15]
 [ 1 15  6 15]
 [15 15 15 15]
 [15 15 15 15]
 [11 15  5 15]
 [15 15  8 15]
 [15  4 15 15]], 

=11 

=16 

=12 a8 b8

[debug] move action_id=8, action=((0, 0), (0, 1)), 
[debug] current_player=1 (B), 
[debug] board[(0, 0)]=14, board[(0, 1)]=3, 
[debug] board state:
[[14  3 15  9]
 [15 15  7 15]
 [ 1 15  6 15]
 [15 15 15 15]
 [15 15 15 15]
 [11 15  5 15]
 [15 15  8 15]
 [15  4 15 15]], 

=10 

=16 

[debug] move action_id=330, action=((7, 2), (7, 2)), 
[debug] current_player=0 (R), 
[debug] board[(7, 2)]=6, board[(7, 2)]=6, 
[debug] board state:
[[14  3 15  9]
 [15 15  7 15]
 [ 1 15  6 15]
 [15 15 15 15]
 [15 15 15 15]
 [11 15  5 15]
 [15 15  8 15]
 [15  4  6 15]], 

=11 

=16 

=12 b8 a8

[debug] move action_id=19, action=((0, 1), (0, 0)), 
[debug] current_player=1 (B), 
[debug] board[(0, 1)]=14, board[(0, 0)]=3, 
[debug] board state:
[[ 3 14 15  9]
 [15 15  7 15]
 [ 1 15  6 15]
 [15 15 15 15]
 [15 15 15 15]
 [11 15  5 15]
 [15 15  8 15]
 [15  4  6 15]], 

=10 

=16 

[debug] move action_id=176, action=((4, 0), (4, 0)), 
[debug] current_player=0 (R), 
[debug] board[(4, 0)]=13, board[(4, 0)]=13, 
[debug] board state:
[[ 3 14 15  9]
 [15 15  7 15]
 [ 1 15  6 15]
 [15 15 15 15]
 [13 15 15 15]
 [11 15  5 15]
 [15 15  8 15]
 [15  4  6 15]], 

=11 

=16 

=12 a8 b8

[debug] move action_id=8, action=((0, 0), (0, 1)), 
[debug] current_player=1 (B), 
[debug] board[(0, 0)]=14, board[(0, 1)]=3, 
[debug] board state:
[[14  3 15  9]
 [15 15  7 15]
 [ 1 15  6 15]
 [15 15 15 15]
 [13 15 15 15]
 [11 15  5 15]
 [15 15  8 15]
 [15  4  6 15]], 

=10 

=16 

[debug] move action_id=22, action=((0, 2), (0, 2)), 
[debug] current_player=0 (R), 
[debug] board[(0, 2)]=2, board[(0, 2)]=2, 
[debug] board state:
[[14  3  2  9]
 [15 15  7 15]
 [ 1 15  6 15]
 [15 15 15 15]
 [13 15 15 15]
 [11 15  5 15]
 [15 15  8 15]
 [15  4  6 15]], 

=11 

=16 

=12 b8 a8

[debug] move action_id=19, action=((0, 1), (0, 0)), 
[debug] current_player=1 (B), 
[debug] board[(0, 1)]=14, board[(0, 0)]=3, 
[debug] board state:
[[ 3 14  2  9]
 [15 15  7 15]
 [ 1 15  6 15]
 [15 15 15 15]
 [13 15 15 15]
 [11 15  5 15]
 [15 15  8 15]
 [15  4  6 15]], 

=10 

=16 

[debug] move action_id=264, action=((6, 0), (6, 0)), 
[debug] current_player=0 (R), 
[debug] board[(6, 0)]=13, board[(6, 0)]=13, 
[debug] board state:
[[ 3 14  2  9]
 [15 15  7 15]
 [ 1 15  6 15]
 [15 15 15 15]
 [13 15 15 15]
 [11 15  5 15]
 [13 15  8 15]
 [15  4  6 15]], 

=11 

=16 

=12 a8 b8

[debug] move action_id=8, action=((0, 0), (0, 1)), 
[debug] current_player=1 (B), 
[debug] board[(0, 0)]=14, board[(0, 1)]=3, 
[debug] board state:
[[14  3  2  9]
 [15 15  7 15]
 [ 1 15  6 15]
 [15 15 15 15]
 [13 15 15 15]
 [11 15  5 15]
 [13 15  8 15]
 [15  4  6 15]], 

=10 

=16 

[debug] move action_id=121, action=((2, 3), (2, 3)), 
[debug] current_player=0 (R), 
[debug] board[(2, 3)]=6, board[(2, 3)]=6, 
[debug] board state:
[[14  3  2  9]
 [15 15  7 15]
 [ 1 15  6  6]
 [15 15 15 15]
 [13 15 15 15]
 [11 15  5 15]
 [13 15  8 15]
 [15  4  6 15]], 

=11 

=16 

=12 b8 a8

[debug] move action_id=19, action=((0, 1), (0, 0)), 
[debug] current_player=1 (B), 
[debug] board[(0, 1)]=14, board[(0, 0)]=3, 
[debug] board state:
[[ 3 14  2  9]
 [15 15  7 15]
 [ 1 15  6  6]
 [15 15 15 15]
 [13 15 15 15]
 [11 15  5 15]
 [13 15  8 15]
 [15  4  6 15]], 

=10 

=16 

[debug] move action_id=297, action=((6, 3), (6, 3)), 
[debug] current_player=0 (R), 
[debug] board[(6, 3)]=12, board[(6, 3)]=12, 
[debug] board state:
[[ 3 14  2  9]
 [15 15  7 15]
 [ 1 15  6  6]
 [15 15 15 15]
 [13 15 15 15]
 [11 15  5 15]
 [13 15  8 12]
 [15  4  6 15]], 

=11 

=16 

=12 a8 b8

[debug] move action_id=8, action=((0, 0), (0, 1)), 
[debug] current_player=1 (B), 
[debug] board[(0, 0)]=14, board[(0, 1)]=3, 
[debug] board state:
[[14  3  2  9]
 [15 15  7 15]
 [ 1 15  6  6]
 [15 15 15 15]
 [13 15 15 15]
 [11 15  5 15]
 [13 15  8 12]
 [15  4  6 15]], 

=10 

=16 

[debug] move action_id=275, action=((6, 1), (6, 1)), 
[debug] current_player=0 (R), 
[debug] board[(6, 1)]=13, board[(6, 1)]=13, 
[debug] board state:
[[14  3  2  9]
 [15 15  7 15]
 [ 1 15  6  6]
 [15 15 15 15]
 [13 15 15 15]
 [11 15  5 15]
 [13 13  8 12]
 [15  4  6 15]], 

=11 

=16 

=12 b8 a8

[debug] move action_id=19, action=((0, 1), (0, 0)), 
[debug] current_player=1 (B), 
[debug] board[(0, 1)]=14, board[(0, 0)]=3, 
[debug] board state:
[[ 3 14  2  9]
 [15 15  7 15]
 [ 1 15  6  6]
 [15 15 15 15]
 [13 15 15 15]
 [11 15  5 15]
 [13 13  8 12]
 [15  4  6 15]], 

=10 

=16 

[debug] move action_id=308, action=((7, 0), (7, 0)), 
[debug] current_player=0 (R), 
[debug] board[(7, 0)]=11, board[(7, 0)]=11, 
[debug] board state:
[[ 3 14  2  9]
 [15 15  7 15]
 [ 1 15  6  6]
 [15 15 15 15]
 [13 15 15 15]
 [11 15  5 15]
 [13 13  8 12]
 [11  4  6 15]], 

=11 

=16 

=12 a8 b8

[debug] move action_id=8, action=((0, 0), (0, 1)), 
[debug] current_player=1 (B), 
[debug] board[(0, 0)]=14, board[(0, 1)]=3, 
[debug] board state:
[[14  3  2  9]
 [15 15  7 15]
 [ 1 15  6  6]
 [15 15 15 15]
 [13 15 15 15]
 [11 15  5 15]
 [13 13  8 12]
 [11  4  6 15]], 

=10 

=16 

[debug] move action_id=341, action=((7, 3), (7, 3)), 
[debug] current_player=0 (R), 
[debug] board[(7, 3)]=13, board[(7, 3)]=13, 
[debug] board state:
[[14  3  2  9]
 [15 15  7 15]
 [ 1 15  6  6]
 [15 15 15 15]
 [13 15 15 15]
 [11 15  5 15]
 [13 13  8 12]
 [11  4  6 13]], 

=11 

=16 

=12 b8 a8

[debug] move action_id=19, action=((0, 1), (0, 0)), 
[debug] current_player=1 (B), 
[debug] board[(0, 1)]=14, board[(0, 0)]=3, 
[debug] board state:
[[ 3 14  2  9]
 [15 15  7 15]
 [ 1 15  6  6]
 [15 15 15 15]
 [13 15 15 15]
 [11 15  5 15]
 [13 13  8 12]
 [11  4  6 13]], 

=10 

=16 

[debug] move action_id=187, action=((4, 1), (4, 1)), 
[debug] current_player=0 (R), 
[debug] board[(4, 1)]=6, board[(4, 1)]=6, 
[debug] board state:
[[ 3 14  2  9]
 [15 15  7 15]
 [ 1 15  6  6]
 [15 15 15 15]
 [13  6 15 15]
 [11 15  5 15]
 [13 13  8 12]
 [11  4  6 13]], 

=11 

=16 

=12 a8 b8

[debug] move action_id=8, action=((0, 0), (0, 1)), 
[debug] current_player=1 (B), 
[debug] board[(0, 0)]=14, board[(0, 1)]=3, 
[debug] board state:
[[14  3  2  9]
 [15 15  7 15]
 [ 1 15  6  6]
 [15 15 15 15]
 [13  6 15 15]
 [11 15  5 15]
 [13 13  8 12]
 [11  4  6 13]], 

=10 

=16 

[debug] move action_id=209, action=((4, 3), (4, 3)), 
[debug] current_player=0 (R), 
[debug] board[(4, 3)]=0, board[(4, 3)]=0, 
[debug] board state:
[[14  3  2  9]
 [15 15  7 15]
 [ 1 15  6  6]
 [15 15 15 15]
 [13  6 15  0]
 [11 15  5 15]
 [13 13  8 12]
 [11  4  6 13]], 

=11 

=16 

=12 b8 a8

[debug] move action_id=19, action=((0, 1), (0, 0)), 
[debug] current_player=1 (B), 
[debug] board[(0, 1)]=14, board[(0, 0)]=3, 
[debug] board state:
[[ 3 14  2  9]
 [15 15  7 15]
 [ 1 15  6  6]
 [15 15 15 15]
 [13  6 15  0]
 [11 15  5 15]
 [13 13  8 12]
 [11  4  6 13]], 

=10 

=16 

[debug] move action_id=55, action=((1, 1), (1, 1)), 
[debug] current_player=0 (R), 
[debug] board[(1, 1)]=10, board[(1, 1)]=10, 
[debug] board state:
[[ 3 14  2  9]
 [15 10  7 15]
 [ 1 15  6  6]
 [15 15 15 15]
 [13  6 15  0]
 [11 15  5 15]
 [13 13  8 12]
 [11  4  6 13]], 

=11 

=16 

=12 a8 b8

[debug] move action_id=8, action=((0, 0), (0, 1)), 
[debug] current_player=1 (B), 
[debug] board[(0, 0)]=14, board[(0, 1)]=3, 
[debug] board state:
[[14  3  2  9]
 [15 10  7 15]
 [ 1 15  6  6]
 [15 15 15 15]
 [13  6 15  0]
 [11 15  5 15]
 [13 13  8 12]
 [11  4  6 13]], 

=10 

=16 

[debug] move action_id=198, action=((4, 2), (4, 2)), 
[debug] current_player=0 (R), 
[debug] board[(4, 2)]=5, board[(4, 2)]=5, 
[debug] board state:
[[14  3  2  9]
 [15 10  7 15]
 [ 1 15  6  6]
 [15 15 15 15]
 [13  6  5  0]
 [11 15  5 15]
 [13 13  8 12]
 [11  4  6 13]], 

=11 

=16 

=12 b8 a8

[debug] move action_id=19, action=((0, 1), (0, 0)), 
[debug] current_player=1 (B), 
[debug] board[(0, 1)]=14, board[(0, 0)]=3, 
[debug] board state:
[[ 3 14  2  9]
 [15 10  7 15]
 [ 1 15  6  6]
 [15 15 15 15]
 [13  6  5  0]
 [11 15  5 15]
 [13 13  8 12]
 [11  4  6 13]], 

=10 

=16 

[debug] move action_id=248, action=((6, 2), (5, 2)), 
[debug] current_player=0 (R), 
[debug] board[(6, 2)]=14, board[(5, 2)]=8, 
[debug] board state:
[[ 3 14  2  9]
 [15 10  7 15]
 [ 1 15  6  6]
 [15 15 15 15]
 [13  6  5  0]
 [11 15  8 15]
 [13 13 14 12]
 [11  4  6 13]], 

=10 

=16 

=12 a8 b8

[debug] move action_id=8, action=((0, 0), (0, 1)), 
[debug] current_player=1 (B), 
[debug] board[(0, 0)]=14, board[(0, 1)]=3, 
[debug] board state:
[[14  3  2  9]
 [15 10  7 15]
 [ 1 15  6  6]
 [15 15 15 15]
 [13  6  5  0]
 [11 15  8 15]
 [13 13 14 12]
 [11  4  6 13]], 

=10 

=16 

[debug] move action_id=203, action=((5, 2), (4, 2)), 
[debug] current_player=0 (R), 
[debug] board[(5, 2)]=14, board[(4, 2)]=8, 
[debug] board state:
[[14  3  2  9]
 [15 10  7 15]
 [ 1 15  6  6]
 [15 15 15 15]
 [13  6  8  0]
 [11 15 14 15]
 [13 13 14 12]
 [11  4  6 13]], 

=10 

=16 

=12 b8 a8

[debug] move action_id=19, action=((0, 1), (0, 0)), 
[debug] current_player=1 (B), 
[debug] board[(0, 1)]=14, board[(0, 0)]=3, 
[debug] board state:
[[ 3 14  2  9]
 [15 10  7 15]
 [ 1 15  6  6]
 [15 15 15 15]
 [13  6  8  0]
 [11 15 14 15]
 [13 13 14 12]
 [11  4  6 13]], 

=10 

=16 

[debug] move action_id=231, action=((5, 1), (5, 1)), 
[debug] current_player=0 (R), 
[debug] board[(5, 1)]=9, board[(5, 1)]=9, 
[debug] board state:
[[ 3 14  2  9]
 [15 10  7 15]
 [ 1 15  6  6]
 [15 15 15 15]
 [13  6  8  0]
 [11  9 14 15]
 [13 13 14 12]
 [11  4  6 13]], 

=11 

=16 

=12 a8 b8

[debug] move action_id=8, action=((0, 0), (0, 1)), 
[debug] current_player=1 (B), 
[debug] board[(0, 0)]=14, board[(0, 1)]=3, 
[debug] board state:
[[14  3  2  9]
 [15 10  7 15]
 [ 1 15  6  6]
 [15 15 15 15]
 [13  6  8  0]
 [11  9 14 15]
 [13 13 14 12]
 [11  4  6 13]], 

=10 

=16 

[debug] move action_id=192, action=((5, 1), (4, 1)), 
[debug] current_player=0 (R), 
[debug] board[(5, 1)]=14, board[(4, 1)]=9, 
[debug] board state:
[[14  3  2  9]
 [15 10  7 15]
 [ 1 15  6  6]
 [15 15 15 15]
 [13  9  8  0]
 [11 14 14 15]
 [13 13 14 12]
 [11  4  6 13]], 

=10 

=16 

=12 b8 a8

[debug] move action_id=19, action=((0, 1), (0, 0)), 
[debug] current_player=1 (B), 
[debug] board[(0, 1)]=14, board[(0, 0)]=3, 
[debug] board state:
[[ 3 14  2  9]
 [15 10  7 15]
 [ 1 15  6  6]
 [15 15 15 15]
 [13  9  8  0]
 [11 14 14 15]
 [13 13 14 12]
 [11  4  6 13]], 

=10 

=16 

[debug] move action_id=316, action=((7, 0), (7, 1)), 
[debug] current_player=0 (R), 
[debug] board[(7, 0)]=14, board[(7, 1)]=11, 
[debug] board state:
[[ 3 14  2  9]
 [15 10  7 15]
 [ 1 15  6  6]
 [15 15 15 15]
 [13  9  8  0]
 [11 14 14 15]
 [13 13 14 12]
 [14 11  6 13]], 

=10 

=16 

=12 a8 b8

[debug] move action_id=8, action=((0, 0), (0, 1)), 
[debug] current_player=1 (B), 
[debug] board[(0, 0)]=14, board[(0, 1)]=3, 
[debug] board state:
[[14  3  2  9]
 [15 10  7 15]
 [ 1 15  6  6]
 [15 15 15 15]
 [13  9  8  0]
 [11 14 14 15]
 [13 13 14 12]
 [14 11  6 13]], 

=10 

=16 

[debug] move action_id=154, action=((3, 2), (3, 2)), 
[debug] current_player=0 (R), 
[debug] board[(3, 2)]=2, board[(3, 2)]=2, 
[debug] board state:
[[14  3  2  9]
 [15 10  7 15]
 [ 1 15  6  6]
 [15 15  2 15]
 [13  9  8  0]
 [11 14 14 15]
 [13 13 14 12]
 [14 11  6 13]], 

=11 

=16 

=12 b8 a8

[debug] move action_id=19, action=((0, 1), (0, 0)), 
[debug] current_player=1 (B), 
[debug] board[(0, 1)]=14, board[(0, 0)]=3, 
[debug] board state:
[[ 3 14  2  9]
 [15 10  7 15]
 [ 1 15  6  6]
 [15 15  2 15]
 [13  9  8  0]
 [11 14 14 15]
 [13 13 14 12]
 [14 11  6 13]], 

=10 

=16 

[debug] move action_id=307, action=((6, 3), (6, 2)), 
[debug] current_player=0 (R), 
[debug] board[(6, 3)]=14, board[(6, 2)]=12, 
[debug] board state:
[[ 3 14  2  9]
 [15 10  7 15]
 [ 1 15  6  6]
 [15 15  2 15]
 [13  9  8  0]
 [11 14 14 15]
 [13 13 12 14]
 [14 11  6 13]], 

=10 

=16 

=12 a8 b8

[debug] move action_id=8, action=((0, 0), (0, 1)), 
[debug] current_player=1 (B), 
[debug] board[(0, 0)]=14, board[(0, 1)]=3, 
[debug] board state:
[[14  3  2  9]
 [15 10  7 15]
 [ 1 15  6  6]
 [15 15  2 15]
 [13  9  8  0]
 [11 14 14 15]
 [13 13 12 14]
 [14 11  6 13]], 

=10 

=16 

[debug] move action_id=304, action=((7, 3), (6, 3)), 
[debug] current_player=0 (R), 
[debug] board[(7, 3)]=14, board[(6, 3)]=13, 
[debug] board state:
[[14  3  2  9]
 [15 10  7 15]
 [ 1 15  6  6]
 [15 15  2 15]
 [13  9  8  0]
 [11 14 14 15]
 [13 13 12 13]
 [14 11  6 14]], 

=10 

=16 

=12 b8 a8

[debug] move action_id=19, action=((0, 1), (0, 0)), 
[debug] current_player=1 (B), 
[debug] board[(0, 1)]=14, board[(0, 0)]=3, 
[debug] board state:
[[ 3 14  2  9]
 [15 10  7 15]
 [ 1 15  6  6]
 [15 15  2 15]
 [13  9  8  0]
 [11 14 14 15]
 [13 13 12 13]
 [14 11  6 14]], 

=10 

=16 

[debug] move action_id=248, action=((6, 2), (5, 2)), 
[debug] current_player=0 (R), 
[debug] board[(6, 2)]=14, board[(5, 2)]=12, 
[debug] board state:
[[ 3 14  2  9]
 [15 10  7 15]
 [ 1 15  6  6]
 [15 15  2 15]
 [13  9  8  0]
 [11 14 12 15]
 [13 13 14 13]
 [14 11  6 14]], 

=10 

=16 

=12 a8 b8

[debug] move action_id=8, action=((0, 0), (0, 1)), 
[debug] current_player=1 (B), 
[debug] board[(0, 0)]=14, board[(0, 1)]=3, 
[debug] board state:
[[14  3  2  9]
 [15 10  7 15]
 [ 1 15  6  6]
 [15 15  2 15]
 [13  9  8  0]
 [11 14 12 15]
 [13 13 14 13]
 [14 11  6 14]], 

=10 

=16 

[debug] move action_id=307, action=((6, 3), (6, 2)), 
[debug] current_player=0 (R), 
[debug] board[(6, 3)]=14, board[(6, 2)]=13, 
[debug] board state:
[[14  3  2  9]
 [15 10  7 15]
 [ 1 15  6  6]
 [15 15  2 15]
 [13  9  8  0]
 [11 14 12 15]
 [13 13 13 14]
 [14 11  6 14]], 

=10 

=16 

=12 b8 a8

[debug] move action_id=19, action=((0, 1), (0, 0)), 
[debug] current_player=1 (B), 
[debug] board[(0, 1)]=14, board[(0, 0)]=3, 
[debug] board state:
[[ 3 14  2  9]
 [15 10  7 15]
 [ 1 15  6  6]
 [15 15  2 15]
 [13  9  8  0]
 [11 14 12 15]
 [13 13 13 14]
 [14 11  6 14]], 

=10 

=16 

[debug] move action_id=296, action=((6, 2), (6, 3)), 
[debug] current_player=0 (R), 
[debug] board[(6, 2)]=14, board[(6, 3)]=13, 
[debug] board state:
[[ 3 14  2  9]
 [15 10  7 15]
 [ 1 15  6  6]
 [15 15  2 15]
 [13  9  8  0]
 [11 14 12 15]
 [13 13 14 13]
 [14 11  6 14]], 

=10 

=16 

=12 a8 b8

[debug] move action_id=8, action=((0, 0), (0, 1)), 
[debug] current_player=1 (B), 
[debug] board[(0, 0)]=14, board[(0, 1)]=3, 
[debug] board state:
[[14  3  2  9]
 [15 10  7 15]
 [ 1 15  6  6]
 [15 15  2 15]
 [13  9  8  0]
 [11 14 12 15]
 [13 13 14 13]
 [14 11  6 14]], 

=10 

=16 

[debug] move action_id=307, action=((6, 3), (6, 2)), 
[debug] current_player=0 (R), 
[debug] board[(6, 3)]=14, board[(6, 2)]=13, 
[debug] board state:
[[14  3  2  9]
 [15 10  7 15]
 [ 1 15  6  6]
 [15 15  2 15]
 [13  9  8  0]
 [11 14 12 15]
 [13 13 13 14]
 [14 11  6 14]], 

=10 

=16 

=12 b8 a8

[debug] move action_id=19, action=((0, 1), (0, 0)), 
[debug] current_player=1 (B), 
[debug] board[(0, 1)]=14, board[(0, 0)]=3, 
[debug] board state:
[[ 3 14  2  9]
 [15 10  7 15]
 [ 1 15  6  6]
 [15 15  2 15]
 [13  9  8  0]
 [11 14 12 15]
 [13 13 13 14]
 [14 11  6 14]], 

=10 

=16 

[debug] move action_id=296, action=((6, 2), (6, 3)), 
[debug] current_player=0 (R), 
[debug] board[(6, 2)]=14, board[(6, 3)]=13, 
[debug] board state:
[[ 3 14  2  9]
 [15 10  7 15]
 [ 1 15  6  6]
 [15 15  2 15]
 [13  9  8  0]
 [11 14 12 15]
 [13 13 14 13]
 [14 11  6 14]], 

=10 

=16 

=12 a8 b8

[debug] move action_id=8, action=((0, 0), (0, 1)), 
[debug] current_player=1 (B), 
[debug] board[(0, 0)]=14, board[(0, 1)]=3, 
[debug] board state:
[[14  3  2  9]
 [15 10  7 15]
 [ 1 15  6  6]
 [15 15  2 15]
 [13  9  8  0]
 [11 14 12 15]
 [13 13 14 13]
 [14 11  6 14]], 

=10 

=16 

[debug] move action_id=307, action=((6, 3), (6, 2)), 
[debug] current_player=0 (R), 
[debug] board[(6, 3)]=14, board[(6, 2)]=13, 
[debug] board state:
[[14  3  2  9]
 [15 10  7 15]
 [ 1 15  6  6]
 [15 15  2 15]
 [13  9  8  0]
 [11 14 12 15]
 [13 13 13 14]
 [14 11  6 14]], 

=10 

=16 

=12 b8 a8

[debug] move action_id=19, action=((0, 1), (0, 0)), 
[debug] current_player=1 (B), 
[debug] board[(0, 1)]=14, board[(0, 0)]=3, 
[debug] board state:
[[ 3 14  2  9]
 [15 10  7 15]
 [ 1 15  6  6]
 [15 15  2 15]
 [13  9  8  0]
 [11 14 12 15]
 [13 13 13 14]
 [14 11  6 14]], 

=10 

=16 

[debug] move action_id=296, action=((6, 2), (6, 3)), 
[debug] current_player=0 (R), 
[debug] board[(6, 2)]=14, board[(6, 3)]=13, 
[debug] board state:
[[ 3 14  2  9]
 [15 10  7 15]
 [ 1 15  6  6]
 [15 15  2 15]
 [13  9  8  0]
 [11 14 12 15]
 [13 13 14 13]
 [14 11  6 14]], 

=10 

=16 


# 10 12 46 48 82 84 118 120 154 156 190 192 226 228 262 264 298 300 334 336 370 372 406 408 442 444 478 480 514 516 550 552 586 588 622 624 658 660 694 696 730 732 766 768 802 804 838 840 874 876 910 912 946 948 982 984 1018 1020 1054 1056 1090 1092 1126 1128 1162 1164 1198 1200 1234 1236 1270 1272 #
/home/ntcucsk201/anaconda3/envs/darkchess/lib/python3.10/site-packages/treevalue/tree/integration/torch.py:23: FutureWarning: `torch.utils._pytree._register_pytree_node` is deprecated. Please use `torch.utils._pytree.register_pytree_node` instead.
  register_for_torch(TreeValue)
/home/ntcucsk201/anaconda3/envs/darkchess/lib/python3.10/site-packages/treevalue/tree/integration/torch.py:24: FutureWarning: `torch.utils._pytree._register_pytree_node` is deprecated. Please use `torch.utils._pytree.register_pytree_node` instead.
  register_for_torch(FastTreeValue)
Gym has been unmaintained since 2022 and does not support NumPy 2.0 amongst other critical functionality.
Please upgrade to Gymnasium, the maintained drop-in replacement of Gym, or contact the authors of your software and request that they upgrade.
See the migration guide at https://gymnasium.farama.org/introduction/migration_guide/ for additional information.
[DEBUG] Config loaded successfully
/home/ntcucsk201/DarkChess/LightZero/zoo/board_games/darkchess/alphazero_mgtp.py:38: FutureWarning: You are using `torch.load` with `weights_only=False` (the current default value), which uses the default pickle module implicitly. It is possible to construct malicious pickle data which will execute arbitrary code during unpickling (See https://github.com/pytorch/pytorch/blob/main/SECURITY.md#untrusted-models for more details). In a future release, the default value for `weights_only` will be flipped to `True`. This limits the functions that could be executed during unpickling. Arbitrary objects will no longer be allowed to be loaded via this mode unless they are explicitly allowlisted by the user via `torch.serialization.add_safe_globals`. We recommend you start setting `weights_only=True` for any use case where you don't have full control of the loaded file. Please open an issue on GitHub for any issues related to this experimental feature.
  checkpoint = torch.load(model_path, map_location='cpu')
[DEBUG] Model moved to device: cuda:0

###
Account: a1_alphazero
Mode: MGTP
Path: /home/ntcucsk201/anaconda3/envs/darkchess/bin/python
Arg: /home/ntcucsk201/DarkChess/LightZero/zoo/board_games/darkchess/alphazero_mgtp.py -model_path /home/ntcucsk201/DarkChess/LightZero/zoo/board_games/darkchess/data_alphazero/darkchess_alphazero_ns1000_upc50_rer0.2_bs512_260222_173317/ckpt/ckpt_best.pth.tar -config_path /home/ntcucsk201/DarkChess/LightZero/zoo/board_games/darkchess/data_alphazero/darkchess_alphazero_ns1000_upc50_rer0.2_bs512_260222_173317/formatted_total_config.py
Name: LightZero_DarkChess
Version: 1.0.0
###
