INITIAL
* 0:19am Feb 23, 2026
* a1_alphazero vs a0_mu
* 1 2 2 2 2 2 5 1 2 2 2 2 2 5
* X X X X
* X X X X
* X X X X
* X X X X
* X X X X
* X X X X
* X X X X
* X X X X
* first 0
* time 900
* 1. a8(R) b1(k)
* 2. b8(p) c7(c)
* 3. a8-b8 a6(N)
* 4. b8-a8 c6(G)
* 5. a8-b8 a5(r)
* 6. b8-a8 b5(p)
* 7. a8-b8 a3(r)
* 8. b8-a8 c3(M)
* 9. a8-b8 d6(M)
* 10. b8-a8 d2(p)
* 11. a8-b8 c5(P)
* 12. b8-a8 c2(n)
* 13. a8-b8 a1(R)
* 14. b8-a8 b6(m)
* 15. a8-b8 c4(c)
* 16. b8-a8 b7(P)
* 17. a8-b8 b3(P)
* 18. b8-a8 d5(K)
* 19. a8-b8 b6-b7
* 20. b8-a8 d1(g)
* 21. a8-b8 b2(n)
* 22. b8-a8 d4(G)
* 23. a8-b8 d7(N)
* 24. b8-a8 d3(C)
* 25. a8-b8 d8(p)
* 26. b8-a8 b5-c5
* 27. a8-b8 c8(P)
* 28. b8-a8 c5-d5
* 29. a8-b8 b7-b6
* 30. b8-a8 b6-b5
* 31. a8-b8 b5-c5
* 32. b8-a8 a5-b5
* 33. a8-b8 b5-b6
* 34. b8-a8 b6-b7
* 35. a8-b8 c1(g)
* 36. b8-a8 b7-b8
* 37. a8-b8 c5-b5
* 38. b8-a8 b5-c5
* 39. a8-b8 c5-b5
* 40. b8-a8 b5-c5
* 41. a8-b8 c5-b5
* 42. b8-a8 b5-c5
* 43. a8-b8
* PositionRepetitionDraw,3,4 a1_alphazero Draw 0.500000,0.500000
* Comment 0 0
0. 1771777184640
1. 1771777184640
2. 1771777186826
3. 1771777187237
4. 1771777189279
5. 1771777189691
6. 1771777191684
7. 1771777192097
8. 1771777194138
9. 1771777194552
10. 1771777196594
11. 1771777197009
12. 1771777199049
13. 1771777199464
14. 1771777201503
15. 1771777201919
16. 1771777203959
17. 1771777204375
18. 1771777206365
19. 1771777206781
20. 1771777208821
21. 1771777209236
22. 1771777211275
23. 1771777211691
24. 1771777213730
25. 1771777214146
26. 1771777216184
27. 1771777216601
28. 1771777218638
29. 1771777219058
30. 1771777221091
31. 1771777221513
32. 1771777223544
33. 1771777223969
34. 1771777225999
35. 1771777226425
36. 1771777228454
37. 1771777228881
38. 1771777230907
39. 1771777231337
40. 1771777233360
41. 1771777233793
42. 1771777235814
43. 1771777236247
44. 1771777238268
45. 1771777238701
46. 1771777240722
47. 1771777241154
48. 1771777243175
49. 1771777243608
50. 1771777245629
51. 1771777246061
52. 1771777248085
53. 1771777248516
54. 1771777250537
55. 1771777250969
56. 1771777252992
57. 1771777253424
58. 1771777255445
59. 1771777255876
60. 1771777257901
61. 1771777258330
62. 1771777260355
63. 1771777260782
64. 1771777262810
65. 1771777263238
66. 1771777265265
67. 1771777265690
68. 1771777267720
69. 1771777268143
70. 1771777270175
71. 1771777270597
72. 1771777272630
73. 1771777273052
74. 1771777275085
75. 1771777275508
76. 1771777277540
77. 1771777277962
78. 1771777279996
79. 1771777280416
80. 1771777282450
81. 1771777282871
82. 1771777284905
83. 1771777285326
84. 1771777287360
85. 1771777287781

# 10 12 46 48 82 84 118 120 154 156 190 192 226 228 262 264 298 300 334 336 370 372 406 408 442 444 478 480 514 516 550 552 586 588 622 624 658 660 694 696 730 732 766 768 802 804 838 840 874 876 910 912 946 948 982 984 1018 1020 1054 1056 1090 1092 1126 1128 1162 1164 1198 1200 1234 1236 1270 1272 1306 1308 1342 1344 1378 1380 1414 1416 1450 1452 1486 1488 1522 1524 #
LightZero MGTP Interface Ready
=1 LightZero_DarkChess

=2 1.0.0

=7 

=15 

=14 

=12 a8 a8

[debug] move action_id=0, action=((0, 0), (0, 0)), 
[debug] current_player=1 (B), 
[debug] board[(0, 0)]=3, board[(0, 0)]=3, 
[debug] board state:
[[ 3 15 15 15]
 [15 15 15 15]
 [15 15 15 15]
 [15 15 15 15]
 [15 15 15 15]
 [15 15 15 15]
 [15 15 15 15]
 [15 15 15 15]], 

=11 

=16 

[debug] move action_id=319, action=((7, 1), (7, 1)), 
[debug] current_player=0 (R), 
[debug] board[(7, 1)]=7, board[(7, 1)]=7, 
[debug] board state:
[[ 3 15 15 15]
 [15 15 15 15]
 [15 15 15 15]
 [15 15 15 15]
 [15 15 15 15]
 [15 15 15 15]
 [15 15 15 15]
 [15  7 15 15]], 

=11 

=16 

=12 b8 b8

[debug] move action_id=11, action=((0, 1), (0, 1)), 
[debug] current_player=1 (B), 
[debug] board[(0, 1)]=13, board[(0, 1)]=13, 
[debug] board state:
[[ 3 13 15 15]
 [15 15 15 15]
 [15 15 15 15]
 [15 15 15 15]
 [15 15 15 15]
 [15 15 15 15]
 [15 15 15 15]
 [15  7 15 15]], 

=11 

=16 

[debug] move action_id=66, action=((1, 2), (1, 2)), 
[debug] current_player=0 (R), 
[debug] board[(1, 2)]=12, board[(1, 2)]=12, 
[debug] board state:
[[ 3 13 15 15]
 [15 15 12 15]
 [15 15 15 15]
 [15 15 15 15]
 [15 15 15 15]
 [15 15 15 15]
 [15 15 15 15]
 [15  7 15 15]], 

=11 

=16 

=12 a8 b8

[debug] move action_id=8, action=((0, 0), (0, 1)), 
[debug] current_player=1 (B), 
[debug] board[(0, 0)]=14, board[(0, 1)]=3, 
[debug] board state:
[[14  3 15 15]
 [15 15 12 15]
 [15 15 15 15]
 [15 15 15 15]
 [15 15 15 15]
 [15 15 15 15]
 [15 15 15 15]
 [15  7 15 15]], 

=10 

=16 

[debug] move action_id=88, action=((2, 0), (2, 0)), 
[debug] current_player=0 (R), 
[debug] board[(2, 0)]=4, board[(2, 0)]=4, 
[debug] board state:
[[14  3 15 15]
 [15 15 12 15]
 [ 4 15 15 15]
 [15 15 15 15]
 [15 15 15 15]
 [15 15 15 15]
 [15 15 15 15]
 [15  7 15 15]], 

=11 

=16 

=12 b8 a8

[debug] move action_id=19, action=((0, 1), (0, 0)), 
[debug] current_player=1 (B), 
[debug] board[(0, 1)]=14, board[(0, 0)]=3, 
[debug] board state:
[[ 3 14 15 15]
 [15 15 12 15]
 [ 4 15 15 15]
 [15 15 15 15]
 [15 15 15 15]
 [15 15 15 15]
 [15 15 15 15]
 [15  7 15 15]], 

=10 

=16 

[debug] move action_id=110, action=((2, 2), (2, 2)), 
[debug] current_player=0 (R), 
[debug] board[(2, 2)]=1, board[(2, 2)]=1, 
[debug] board state:
[[ 3 14 15 15]
 [15 15 12 15]
 [ 4 15  1 15]
 [15 15 15 15]
 [15 15 15 15]
 [15 15 15 15]
 [15 15 15 15]
 [15  7 15 15]], 

=11 

=16 

=12 a8 b8

[debug] move action_id=8, action=((0, 0), (0, 1)), 
[debug] current_player=1 (B), 
[debug] board[(0, 0)]=14, board[(0, 1)]=3, 
[debug] board state:
[[14  3 15 15]
 [15 15 12 15]
 [ 4 15  1 15]
 [15 15 15 15]
 [15 15 15 15]
 [15 15 15 15]
 [15 15 15 15]
 [15  7 15 15]], 

=10 

=16 

[debug] move action_id=132, action=((3, 0), (3, 0)), 
[debug] current_player=0 (R), 
[debug] board[(3, 0)]=10, board[(3, 0)]=10, 
[debug] board state:
[[14  3 15 15]
 [15 15 12 15]
 [ 4 15  1 15]
 [10 15 15 15]
 [15 15 15 15]
 [15 15 15 15]
 [15 15 15 15]
 [15  7 15 15]], 

=11 

=16 

=12 b8 a8

[debug] move action_id=19, action=((0, 1), (0, 0)), 
[debug] current_player=1 (B), 
[debug] board[(0, 1)]=14, board[(0, 0)]=3, 
[debug] board state:
[[ 3 14 15 15]
 [15 15 12 15]
 [ 4 15  1 15]
 [10 15 15 15]
 [15 15 15 15]
 [15 15 15 15]
 [15 15 15 15]
 [15  7 15 15]], 

=10 

=16 

[debug] move action_id=143, action=((3, 1), (3, 1)), 
[debug] current_player=0 (R), 
[debug] board[(3, 1)]=13, board[(3, 1)]=13, 
[debug] board state:
[[ 3 14 15 15]
 [15 15 12 15]
 [ 4 15  1 15]
 [10 13 15 15]
 [15 15 15 15]
 [15 15 15 15]
 [15 15 15 15]
 [15  7 15 15]], 

=11 

=16 

=12 a8 b8

[debug] move action_id=8, action=((0, 0), (0, 1)), 
[debug] current_player=1 (B), 
[debug] board[(0, 0)]=14, board[(0, 1)]=3, 
[debug] board state:
[[14  3 15 15]
 [15 15 12 15]
 [ 4 15  1 15]
 [10 13 15 15]
 [15 15 15 15]
 [15 15 15 15]
 [15 15 15 15]
 [15  7 15 15]], 

=10 

=16 

[debug] move action_id=220, action=((5, 0), (5, 0)), 
[debug] current_player=0 (R), 
[debug] board[(5, 0)]=10, board[(5, 0)]=10, 
[debug] board state:
[[14  3 15 15]
 [15 15 12 15]
 [ 4 15  1 15]
 [10 13 15 15]
 [15 15 15 15]
 [10 15 15 15]
 [15 15 15 15]
 [15  7 15 15]], 

=11 

=16 

=12 b8 a8

[debug] move action_id=19, action=((0, 1), (0, 0)), 
[debug] current_player=1 (B), 
[debug] board[(0, 1)]=14, board[(0, 0)]=3, 
[debug] board state:
[[ 3 14 15 15]
 [15 15 12 15]
 [ 4 15  1 15]
 [10 13 15 15]
 [15 15 15 15]
 [10 15 15 15]
 [15 15 15 15]
 [15  7 15 15]], 

=10 

=16 

[debug] move action_id=242, action=((5, 2), (5, 2)), 
[debug] current_player=0 (R), 
[debug] board[(5, 2)]=2, board[(5, 2)]=2, 
[debug] board state:
[[ 3 14 15 15]
 [15 15 12 15]
 [ 4 15  1 15]
 [10 13 15 15]
 [15 15 15 15]
 [10 15  2 15]
 [15 15 15 15]
 [15  7 15 15]], 

=11 

=16 

=12 a8 b8

[debug] move action_id=8, action=((0, 0), (0, 1)), 
[debug] current_player=1 (B), 
[debug] board[(0, 0)]=14, board[(0, 1)]=3, 
[debug] board state:
[[14  3 15 15]
 [15 15 12 15]
 [ 4 15  1 15]
 [10 13 15 15]
 [15 15 15 15]
 [10 15  2 15]
 [15 15 15 15]
 [15  7 15 15]], 

=10 

=16 

[debug] move action_id=121, action=((2, 3), (2, 3)), 
[debug] current_player=0 (R), 
[debug] board[(2, 3)]=2, board[(2, 3)]=2, 
[debug] board state:
[[14  3 15 15]
 [15 15 12 15]
 [ 4 15  1  2]
 [10 13 15 15]
 [15 15 15 15]
 [10 15  2 15]
 [15 15 15 15]
 [15  7 15 15]], 

=11 

=16 

=12 b8 a8

[debug] move action_id=19, action=((0, 1), (0, 0)), 
[debug] current_player=1 (B), 
[debug] board[(0, 1)]=14, board[(0, 0)]=3, 
[debug] board state:
[[ 3 14 15 15]
 [15 15 12 15]
 [ 4 15  1  2]
 [10 13 15 15]
 [15 15 15 15]
 [10 15  2 15]
 [15 15 15 15]
 [15  7 15 15]], 

=10 

=16 

[debug] move action_id=297, action=((6, 3), (6, 3)), 
[debug] current_player=0 (R), 
[debug] board[(6, 3)]=13, board[(6, 3)]=13, 
[debug] board state:
[[ 3 14 15 15]
 [15 15 12 15]
 [ 4 15  1  2]
 [10 13 15 15]
 [15 15 15 15]
 [10 15  2 15]
 [15 15 15 13]
 [15  7 15 15]], 

=11 

=16 

=12 a8 b8

[debug] move action_id=8, action=((0, 0), (0, 1)), 
[debug] current_player=1 (B), 
[debug] board[(0, 0)]=14, board[(0, 1)]=3, 
[debug] board state:
[[14  3 15 15]
 [15 15 12 15]
 [ 4 15  1  2]
 [10 13 15 15]
 [15 15 15 15]
 [10 15  2 15]
 [15 15 15 13]
 [15  7 15 15]], 

=10 

=16 

[debug] move action_id=154, action=((3, 2), (3, 2)), 
[debug] current_player=0 (R), 
[debug] board[(3, 2)]=6, board[(3, 2)]=6, 
[debug] board state:
[[14  3 15 15]
 [15 15 12 15]
 [ 4 15  1  2]
 [10 13  6 15]
 [15 15 15 15]
 [10 15  2 15]
 [15 15 15 13]
 [15  7 15 15]], 

=11 

=16 

=12 b8 a8

[debug] move action_id=19, action=((0, 1), (0, 0)), 
[debug] current_player=1 (B), 
[debug] board[(0, 1)]=14, board[(0, 0)]=3, 
[debug] board state:
[[ 3 14 15 15]
 [15 15 12 15]
 [ 4 15  1  2]
 [10 13  6 15]
 [15 15 15 15]
 [10 15  2 15]
 [15 15 15 13]
 [15  7 15 15]], 

=10 

=16 

[debug] move action_id=286, action=((6, 2), (6, 2)), 
[debug] current_player=0 (R), 
[debug] board[(6, 2)]=11, board[(6, 2)]=11, 
[debug] board state:
[[ 3 14 15 15]
 [15 15 12 15]
 [ 4 15  1  2]
 [10 13  6 15]
 [15 15 15 15]
 [10 15  2 15]
 [15 15 11 13]
 [15  7 15 15]], 

=11 

=16 

=12 a8 b8

[debug] move action_id=8, action=((0, 0), (0, 1)), 
[debug] current_player=1 (B), 
[debug] board[(0, 0)]=14, board[(0, 1)]=3, 
[debug] board state:
[[14  3 15 15]
 [15 15 12 15]
 [ 4 15  1  2]
 [10 13  6 15]
 [15 15 15 15]
 [10 15  2 15]
 [15 15 11 13]
 [15  7 15 15]], 

=10 

=16 

[debug] move action_id=308, action=((7, 0), (7, 0)), 
[debug] current_player=0 (R), 
[debug] board[(7, 0)]=3, board[(7, 0)]=3, 
[debug] board state:
[[14  3 15 15]
 [15 15 12 15]
 [ 4 15  1  2]
 [10 13  6 15]
 [15 15 15 15]
 [10 15  2 15]
 [15 15 11 13]
 [ 3  7 15 15]], 

=11 

=16 

=12 b8 a8

[debug] move action_id=19, action=((0, 1), (0, 0)), 
[debug] current_player=1 (B), 
[debug] board[(0, 1)]=14, board[(0, 0)]=3, 
[debug] board state:
[[ 3 14 15 15]
 [15 15 12 15]
 [ 4 15  1  2]
 [10 13  6 15]
 [15 15 15 15]
 [10 15  2 15]
 [15 15 11 13]
 [ 3  7 15 15]], 

=10 

=16 

[debug] move action_id=99, action=((2, 1), (2, 1)), 
[debug] current_player=0 (R), 
[debug] board[(2, 1)]=9, board[(2, 1)]=9, 
[debug] board state:
[[ 3 14 15 15]
 [15 15 12 15]
 [ 4  9  1  2]
 [10 13  6 15]
 [15 15 15 15]
 [10 15  2 15]
 [15 15 11 13]
 [ 3  7 15 15]], 

=11 

=16 

=12 a8 b8

[debug] move action_id=8, action=((0, 0), (0, 1)), 
[debug] current_player=1 (B), 
[debug] board[(0, 0)]=14, board[(0, 1)]=3, 
[debug] board state:
[[14  3 15 15]
 [15 15 12 15]
 [ 4  9  1  2]
 [10 13  6 15]
 [15 15 15 15]
 [10 15  2 15]
 [15 15 11 13]
 [ 3  7 15 15]], 

=10 

=16 

[debug] move action_id=198, action=((4, 2), (4, 2)), 
[debug] current_player=0 (R), 
[debug] board[(4, 2)]=12, board[(4, 2)]=12, 
[debug] board state:
[[14  3 15 15]
 [15 15 12 15]
 [ 4  9  1  2]
 [10 13  6 15]
 [15 15 12 15]
 [10 15  2 15]
 [15 15 11 13]
 [ 3  7 15 15]], 

=11 

=16 

=12 b8 a8

[debug] move action_id=19, action=((0, 1), (0, 0)), 
[debug] current_player=1 (B), 
[debug] board[(0, 1)]=14, board[(0, 0)]=3, 
[debug] board state:
[[ 3 14 15 15]
 [15 15 12 15]
 [ 4  9  1  2]
 [10 13  6 15]
 [15 15 12 15]
 [10 15  2 15]
 [15 15 11 13]
 [ 3  7 15 15]], 

=10 

=16 

[debug] move action_id=55, action=((1, 1), (1, 1)), 
[debug] current_player=0 (R), 
[debug] board[(1, 1)]=6, board[(1, 1)]=6, 
[debug] board state:
[[ 3 14 15 15]
 [15  6 12 15]
 [ 4  9  1  2]
 [10 13  6 15]
 [15 15 12 15]
 [10 15  2 15]
 [15 15 11 13]
 [ 3  7 15 15]], 

=11 

=16 

=12 a8 b8

[debug] move action_id=8, action=((0, 0), (0, 1)), 
[debug] current_player=1 (B), 
[debug] board[(0, 0)]=14, board[(0, 1)]=3, 
[debug] board state:
[[14  3 15 15]
 [15  6 12 15]
 [ 4  9  1  2]
 [10 13  6 15]
 [15 15 12 15]
 [10 15  2 15]
 [15 15 11 13]
 [ 3  7 15 15]], 

=10 

=16 

[debug] move action_id=231, action=((5, 1), (5, 1)), 
[debug] current_player=0 (R), 
[debug] board[(5, 1)]=6, board[(5, 1)]=6, 
[debug] board state:
[[14  3 15 15]
 [15  6 12 15]
 [ 4  9  1  2]
 [10 13  6 15]
 [15 15 12 15]
 [10  6  2 15]
 [15 15 11 13]
 [ 3  7 15 15]], 

=11 

=16 

=12 b8 a8

[debug] move action_id=19, action=((0, 1), (0, 0)), 
[debug] current_player=1 (B), 
[debug] board[(0, 1)]=14, board[(0, 0)]=3, 
[debug] board state:
[[ 3 14 15 15]
 [15  6 12 15]
 [ 4  9  1  2]
 [10 13  6 15]
 [15 15 12 15]
 [10  6  2 15]
 [15 15 11 13]
 [ 3  7 15 15]], 

=10 

=16 

[debug] move action_id=165, action=((3, 3), (3, 3)), 
[debug] current_player=0 (R), 
[debug] board[(3, 3)]=0, board[(3, 3)]=0, 
[debug] board state:
[[ 3 14 15 15]
 [15  6 12 15]
 [ 4  9  1  2]
 [10 13  6  0]
 [15 15 12 15]
 [10  6  2 15]
 [15 15 11 13]
 [ 3  7 15 15]], 

=11 

=16 

=12 a8 b8

[debug] move action_id=8, action=((0, 0), (0, 1)), 
[debug] current_player=1 (B), 
[debug] board[(0, 0)]=14, board[(0, 1)]=3, 
[debug] board state:
[[14  3 15 15]
 [15  6 12 15]
 [ 4  9  1  2]
 [10 13  6  0]
 [15 15 12 15]
 [10  6  2 15]
 [15 15 11 13]
 [ 3  7 15 15]], 

=10 

=16 

[debug] move action_id=57, action=((2, 1), (1, 1)), 
[debug] current_player=0 (R), 
[debug] board[(2, 1)]=14, board[(1, 1)]=9, 
[debug] board state:
[[14  3 15 15]
 [15  9 12 15]
 [ 4 14  1  2]
 [10 13  6  0]
 [15 15 12 15]
 [10  6  2 15]
 [15 15 11 13]
 [ 3  7 15 15]], 

=10 

=16 

=12 b8 a8

[debug] move action_id=19, action=((0, 1), (0, 0)), 
[debug] current_player=1 (B), 
[debug] board[(0, 1)]=14, board[(0, 0)]=3, 
[debug] board state:
[[ 3 14 15 15]
 [15  9 12 15]
 [ 4 14  1  2]
 [10 13  6  0]
 [15 15 12 15]
 [10  6  2 15]
 [15 15 11 13]
 [ 3  7 15 15]], 

=10 

=16 

[debug] move action_id=341, action=((7, 3), (7, 3)), 
[debug] current_player=0 (R), 
[debug] board[(7, 3)]=8, board[(7, 3)]=8, 
[debug] board state:
[[ 3 14 15 15]
 [15  9 12 15]
 [ 4 14  1  2]
 [10 13  6  0]
 [15 15 12 15]
 [10  6  2 15]
 [15 15 11 13]
 [ 3  7 15  8]], 

=11 

=16 

=12 a8 b8

[debug] move action_id=8, action=((0, 0), (0, 1)), 
[debug] current_player=1 (B), 
[debug] board[(0, 0)]=14, board[(0, 1)]=3, 
[debug] board state:
[[14  3 15 15]
 [15  9 12 15]
 [ 4 14  1  2]
 [10 13  6  0]
 [15 15 12 15]
 [10  6  2 15]
 [15 15 11 13]
 [ 3  7 15  8]], 

=10 

=16 

[debug] move action_id=275, action=((6, 1), (6, 1)), 
[debug] current_player=0 (R), 
[debug] board[(6, 1)]=11, board[(6, 1)]=11, 
[debug] board state:
[[14  3 15 15]
 [15  9 12 15]
 [ 4 14  1  2]
 [10 13  6  0]
 [15 15 12 15]
 [10  6  2 15]
 [15 11 11 13]
 [ 3  7 15  8]], 

=11 

=16 

=12 b8 a8

[debug] move action_id=19, action=((0, 1), (0, 0)), 
[debug] current_player=1 (B), 
[debug] board[(0, 1)]=14, board[(0, 0)]=3, 
[debug] board state:
[[ 3 14 15 15]
 [15  9 12 15]
 [ 4 14  1  2]
 [10 13  6  0]
 [15 15 12 15]
 [10  6  2 15]
 [15 11 11 13]
 [ 3  7 15  8]], 

=10 

=16 

[debug] move action_id=209, action=((4, 3), (4, 3)), 
[debug] current_player=0 (R), 
[debug] board[(4, 3)]=1, board[(4, 3)]=1, 
[debug] board state:
[[ 3 14 15 15]
 [15  9 12 15]
 [ 4 14  1  2]
 [10 13  6  0]
 [15 15 12  1]
 [10  6  2 15]
 [15 11 11 13]
 [ 3  7 15  8]], 

=11 

=16 

=12 a8 b8

[debug] move action_id=8, action=((0, 0), (0, 1)), 
[debug] current_player=1 (B), 
[debug] board[(0, 0)]=14, board[(0, 1)]=3, 
[debug] board state:
[[14  3 15 15]
 [15  9 12 15]
 [ 4 14  1  2]
 [10 13  6  0]
 [15 15 12  1]
 [10  6  2 15]
 [15 11 11 13]
 [ 3  7 15  8]], 

=10 

=16 

[debug] move action_id=77, action=((1, 3), (1, 3)), 
[debug] current_player=0 (R), 
[debug] board[(1, 3)]=4, board[(1, 3)]=4, 
[debug] board state:
[[14  3 15 15]
 [15  9 12  4]
 [ 4 14  1  2]
 [10 13  6  0]
 [15 15 12  1]
 [10  6  2 15]
 [15 11 11 13]
 [ 3  7 15  8]], 

=11 

=16 

=12 b8 a8

[debug] move action_id=19, action=((0, 1), (0, 0)), 
[debug] current_player=1 (B), 
[debug] board[(0, 1)]=14, board[(0, 0)]=3, 
[debug] board state:
[[ 3 14 15 15]
 [15  9 12  4]
 [ 4 14  1  2]
 [10 13  6  0]
 [15 15 12  1]
 [10  6  2 15]
 [15 11 11 13]
 [ 3  7 15  8]], 

=10 

=16 

[debug] move action_id=253, action=((5, 3), (5, 3)), 
[debug] current_player=0 (R), 
[debug] board[(5, 3)]=5, board[(5, 3)]=5, 
[debug] board state:
[[ 3 14 15 15]
 [15  9 12  4]
 [ 4 14  1  2]
 [10 13  6  0]
 [15 15 12  1]
 [10  6  2  5]
 [15 11 11 13]
 [ 3  7 15  8]], 

=11 

=16 

=12 a8 b8

[debug] move action_id=8, action=((0, 0), (0, 1)), 
[debug] current_player=1 (B), 
[debug] board[(0, 0)]=14, board[(0, 1)]=3, 
[debug] board state:
[[14  3 15 15]
 [15  9 12  4]
 [ 4 14  1  2]
 [10 13  6  0]
 [15 15 12  1]
 [10  6  2  5]
 [15 11 11 13]
 [ 3  7 15  8]], 

=10 

=16 

[debug] move action_id=33, action=((0, 3), (0, 3)), 
[debug] current_player=0 (R), 
[debug] board[(0, 3)]=13, board[(0, 3)]=13, 
[debug] board state:
[[14  3 15 13]
 [15  9 12  4]
 [ 4 14  1  2]
 [10 13  6  0]
 [15 15 12  1]
 [10  6  2  5]
 [15 11 11 13]
 [ 3  7 15  8]], 

=11 

=16 

=12 b8 a8

[debug] move action_id=19, action=((0, 1), (0, 0)), 
[debug] current_player=1 (B), 
[debug] board[(0, 1)]=14, board[(0, 0)]=3, 
[debug] board state:
[[ 3 14 15 13]
 [15  9 12  4]
 [ 4 14  1  2]
 [10 13  6  0]
 [15 15 12  1]
 [10  6  2  5]
 [15 11 11 13]
 [ 3  7 15  8]], 

=10 

=16 

[debug] move action_id=152, action=((3, 1), (3, 2)), 
[debug] current_player=0 (R), 
[debug] board[(3, 1)]=14, board[(3, 2)]=13, 
[debug] board state:
[[ 3 14 15 13]
 [15  9 12  4]
 [ 4 14  1  2]
 [10 14 13  0]
 [15 15 12  1]
 [10  6  2  5]
 [15 11 11 13]
 [ 3  7 15  8]], 

=10 

=16 

=12 a8 b8

[debug] move action_id=8, action=((0, 0), (0, 1)), 
[debug] current_player=1 (B), 
[debug] board[(0, 0)]=14, board[(0, 1)]=3, 
[debug] board state:
[[14  3 15 13]
 [15  9 12  4]
 [ 4 14  1  2]
 [10 14 13  0]
 [15 15 12  1]
 [10  6  2  5]
 [15 11 11 13]
 [ 3  7 15  8]], 

=10 

=16 

[debug] move action_id=22, action=((0, 2), (0, 2)), 
[debug] current_player=0 (R), 
[debug] board[(0, 2)]=6, board[(0, 2)]=6, 
[debug] board state:
[[14  3  6 13]
 [15  9 12  4]
 [ 4 14  1  2]
 [10 14 13  0]
 [15 15 12  1]
 [10  6  2  5]
 [15 11 11 13]
 [ 3  7 15  8]], 

=11 

=16 

=12 b8 a8

[debug] move action_id=19, action=((0, 1), (0, 0)), 
[debug] current_player=1 (B), 
[debug] board[(0, 1)]=14, board[(0, 0)]=3, 
[debug] board state:
[[ 3 14  6 13]
 [15  9 12  4]
 [ 4 14  1  2]
 [10 14 13  0]
 [15 15 12  1]
 [10  6  2  5]
 [15 11 11 13]
 [ 3  7 15  8]], 

=10 

=16 

[debug] move action_id=164, action=((3, 2), (3, 3)), 
[debug] current_player=0 (R), 
[debug] board[(3, 2)]=14, board[(3, 3)]=13, 
[debug] board state:
[[ 3 14  6 13]
 [15  9 12  4]
 [ 4 14  1  2]
 [10 14 14 13]
 [15 15 12  1]
 [10  6  2  5]
 [15 11 11 13]
 [ 3  7 15  8]], 

=10 

=16 

=12 a8 b8

[debug] move action_id=8, action=((0, 0), (0, 1)), 
[debug] current_player=1 (B), 
[debug] board[(0, 0)]=14, board[(0, 1)]=3, 
[debug] board state:
[[14  3  6 13]
 [15  9 12  4]
 [ 4 14  1  2]
 [10 14 14 13]
 [15 15 12  1]
 [10  6  2  5]
 [15 11 11 13]
 [ 3  7 15  8]], 

=10 

=16 

[debug] move action_id=101, action=((1, 1), (2, 1)), 
[debug] current_player=0 (R), 
[debug] board[(1, 1)]=14, board[(2, 1)]=9, 
[debug] board state:
[[14  3  6 13]
 [15 14 12  4]
 [ 4  9  1  2]
 [10 14 14 13]
 [15 15 12  1]
 [10  6  2  5]
 [15 11 11 13]
 [ 3  7 15  8]], 

=10 

=16 

=12 b8 a8

[debug] move action_id=19, action=((0, 1), (0, 0)), 
[debug] current_player=1 (B), 
[debug] board[(0, 1)]=14, board[(0, 0)]=3, 
[debug] board state:
[[ 3 14  6 13]
 [15 14 12  4]
 [ 4  9  1  2]
 [10 14 14 13]
 [15 15 12  1]
 [10  6  2  5]
 [15 11 11 13]
 [ 3  7 15  8]], 

=10 

=16 

[debug] move action_id=146, action=((2, 1), (3, 1)), 
[debug] current_player=0 (R), 
[debug] board[(2, 1)]=14, board[(3, 1)]=9, 
[debug] board state:
[[ 3 14  6 13]
 [15 14 12  4]
 [ 4 14  1  2]
 [10  9 14 13]
 [15 15 12  1]
 [10  6  2  5]
 [15 11 11 13]
 [ 3  7 15  8]], 

=10 

=16 

=12 a8 b8

[debug] move action_id=8, action=((0, 0), (0, 1)), 
[debug] current_player=1 (B), 
[debug] board[(0, 0)]=14, board[(0, 1)]=3, 
[debug] board state:
[[14  3  6 13]
 [15 14 12  4]
 [ 4 14  1  2]
 [10  9 14 13]
 [15 15 12  1]
 [10  6  2  5]
 [15 11 11 13]
 [ 3  7 15  8]], 

=10 

=16 

[debug] move action_id=152, action=((3, 1), (3, 2)), 
[debug] current_player=0 (R), 
[debug] board[(3, 1)]=14, board[(3, 2)]=9, 
[debug] board state:
[[14  3  6 13]
 [15 14 12  4]
 [ 4 14  1  2]
 [10 14  9 13]
 [15 15 12  1]
 [10  6  2  5]
 [15 11 11 13]
 [ 3  7 15  8]], 

=10 

=16 

=12 b8 a8

[debug] move action_id=19, action=((0, 1), (0, 0)), 
[debug] current_player=1 (B), 
[debug] board[(0, 1)]=14, board[(0, 0)]=3, 
[debug] board state:
[[ 3 14  6 13]
 [15 14 12  4]
 [ 4 14  1  2]
 [10 14  9 13]
 [15 15 12  1]
 [10  6  2  5]
 [15 11 11 13]
 [ 3  7 15  8]], 

=10 

=16 

[debug] move action_id=140, action=((3, 0), (3, 1)), 
[debug] current_player=0 (R), 
[debug] board[(3, 0)]=14, board[(3, 1)]=10, 
[debug] board state:
[[ 3 14  6 13]
 [15 14 12  4]
 [ 4 14  1  2]
 [14 10  9 13]
 [15 15 12  1]
 [10  6  2  5]
 [15 11 11 13]
 [ 3  7 15  8]], 

=10 

=16 

=12 a8 b8

[debug] move action_id=8, action=((0, 0), (0, 1)), 
[debug] current_player=1 (B), 
[debug] board[(0, 0)]=14, board[(0, 1)]=3, 
[debug] board state:
[[14  3  6 13]
 [15 14 12  4]
 [ 4 14  1  2]
 [14 10  9 13]
 [15 15 12  1]
 [10  6  2  5]
 [15 11 11 13]
 [ 3  7 15  8]], 

=10 

=16 

[debug] move action_id=102, action=((3, 1), (2, 1)), 
[debug] current_player=0 (R), 
[debug] board[(3, 1)]=14, board[(2, 1)]=10, 
[debug] board state:
[[14  3  6 13]
 [15 14 12  4]
 [ 4 10  1  2]
 [14 14  9 13]
 [15 15 12  1]
 [10  6  2  5]
 [15 11 11 13]
 [ 3  7 15  8]], 

=10 

=16 

=12 b8 a8

[debug] move action_id=19, action=((0, 1), (0, 0)), 
[debug] current_player=1 (B), 
[debug] board[(0, 1)]=14, board[(0, 0)]=3, 
[debug] board state:
[[ 3 14  6 13]
 [15 14 12  4]
 [ 4 10  1  2]
 [14 14  9 13]
 [15 15 12  1]
 [10  6  2  5]
 [15 11 11 13]
 [ 3  7 15  8]], 

=10 

=16 

[debug] move action_id=57, action=((2, 1), (1, 1)), 
[debug] current_player=0 (R), 
[debug] board[(2, 1)]=14, board[(1, 1)]=10, 
[debug] board state:
[[ 3 14  6 13]
 [15 10 12  4]
 [ 4 14  1  2]
 [14 14  9 13]
 [15 15 12  1]
 [10  6  2  5]
 [15 11 11 13]
 [ 3  7 15  8]], 

=10 

=16 

=12 a8 b8

[debug] move action_id=8, action=((0, 0), (0, 1)), 
[debug] current_player=1 (B), 
[debug] board[(0, 0)]=14, board[(0, 1)]=3, 
[debug] board state:
[[14  3  6 13]
 [15 10 12  4]
 [ 4 14  1  2]
 [14 14  9 13]
 [15 15 12  1]
 [10  6  2  5]
 [15 11 11 13]
 [ 3  7 15  8]], 

=10 

=16 

[debug] move action_id=330, action=((7, 2), (7, 2)), 
[debug] current_player=0 (R), 
[debug] board[(7, 2)]=8, board[(7, 2)]=8, 
[debug] board state:
[[14  3  6 13]
 [15 10 12  4]
 [ 4 14  1  2]
 [14 14  9 13]
 [15 15 12  1]
 [10  6  2  5]
 [15 11 11 13]
 [ 3  7  8  8]], 

=11 

=16 

=12 b8 a8

[debug] move action_id=19, action=((0, 1), (0, 0)), 
[debug] current_player=1 (B), 
[debug] board[(0, 1)]=14, board[(0, 0)]=3, 
[debug] board state:
[[ 3 14  6 13]
 [15 10 12  4]
 [ 4 14  1  2]
 [14 14  9 13]
 [15 15 12  1]
 [10  6  2  5]
 [15 11 11 13]
 [ 3  7  8  8]], 

=10 

=16 

[debug] move action_id=12, action=((1, 1), (0, 1)), 
[debug] current_player=0 (R), 
[debug] board[(1, 1)]=14, board[(0, 1)]=10, 
[debug] board state:
[[ 3 10  6 13]
 [15 14 12  4]
 [ 4 14  1  2]
 [14 14  9 13]
 [15 15 12  1]
 [10  6  2  5]
 [15 11 11 13]
 [ 3  7  8  8]], 

=10 

=16 

=12 a8 b8

[debug] move action_id=8, action=((0, 0), (0, 1)), 
[debug] current_player=1 (B), 
[debug] board[(0, 0)]=14, board[(0, 1)]=3, 
[debug] board state:
[[14  3  6 13]
 [15 14 12  4]
 [ 4 14  1  2]
 [14 14  9 13]
 [15 15 12  1]
 [10  6  2  5]
 [15 11 11 13]
 [ 3  7  8  8]], 

=10 

=16 

[debug] move action_id=163, action=((3, 2), (3, 1)), 
[debug] current_player=0 (R), 
[debug] board[(3, 2)]=14, board[(3, 1)]=9, 
[debug] board state:
[[14  3  6 13]
 [15 14 12  4]
 [ 4 14  1  2]
 [14  9 14 13]
 [15 15 12  1]
 [10  6  2  5]
 [15 11 11 13]
 [ 3  7  8  8]], 

=10 

=16 

=12 b8 a8

[debug] move action_id=19, action=((0, 1), (0, 0)), 
[debug] current_player=1 (B), 
[debug] board[(0, 1)]=14, board[(0, 0)]=3, 
[debug] board state:
[[ 3 14  6 13]
 [15 14 12  4]
 [ 4 14  1  2]
 [14  9 14 13]
 [15 15 12  1]
 [10  6  2  5]
 [15 11 11 13]
 [ 3  7  8  8]], 

=10 

=16 

[debug] move action_id=152, action=((3, 1), (3, 2)), 
[debug] current_player=0 (R), 
[debug] board[(3, 1)]=14, board[(3, 2)]=9, 
[debug] board state:
[[ 3 14  6 13]
 [15 14 12  4]
 [ 4 14  1  2]
 [14 14  9 13]
 [15 15 12  1]
 [10  6  2  5]
 [15 11 11 13]
 [ 3  7  8  8]], 

=10 

=16 

=12 a8 b8

[debug] move action_id=8, action=((0, 0), (0, 1)), 
[debug] current_player=1 (B), 
[debug] board[(0, 0)]=14, board[(0, 1)]=3, 
[debug] board state:
[[14  3  6 13]
 [15 14 12  4]
 [ 4 14  1  2]
 [14 14  9 13]
 [15 15 12  1]
 [10  6  2  5]
 [15 11 11 13]
 [ 3  7  8  8]], 

=10 

=16 

[debug] move action_id=163, action=((3, 2), (3, 1)), 
[debug] current_player=0 (R), 
[debug] board[(3, 2)]=14, board[(3, 1)]=9, 
[debug] board state:
[[14  3  6 13]
 [15 14 12  4]
 [ 4 14  1  2]
 [14  9 14 13]
 [15 15 12  1]
 [10  6  2  5]
 [15 11 11 13]
 [ 3  7  8  8]], 

=10 

=16 

=12 b8 a8

[debug] move action_id=19, action=((0, 1), (0, 0)), 
[debug] current_player=1 (B), 
[debug] board[(0, 1)]=14, board[(0, 0)]=3, 
[debug] board state:
[[ 3 14  6 13]
 [15 14 12  4]
 [ 4 14  1  2]
 [14  9 14 13]
 [15 15 12  1]
 [10  6  2  5]
 [15 11 11 13]
 [ 3  7  8  8]], 

=10 

=16 

[debug] move action_id=152, action=((3, 1), (3, 2)), 
[debug] current_player=0 (R), 
[debug] board[(3, 1)]=14, board[(3, 2)]=9, 
[debug] board state:
[[ 3 14  6 13]
 [15 14 12  4]
 [ 4 14  1  2]
 [14 14  9 13]
 [15 15 12  1]
 [10  6  2  5]
 [15 11 11 13]
 [ 3  7  8  8]], 

=10 

=16 

=12 a8 b8

[debug] move action_id=8, action=((0, 0), (0, 1)), 
[debug] current_player=1 (B), 
[debug] board[(0, 0)]=14, board[(0, 1)]=3, 
[debug] board state:
[[14  3  6 13]
 [15 14 12  4]
 [ 4 14  1  2]
 [14 14  9 13]
 [15 15 12  1]
 [10  6  2  5]
 [15 11 11 13]
 [ 3  7  8  8]], 

=10 

=16 

[debug] move action_id=163, action=((3, 2), (3, 1)), 
[debug] current_player=0 (R), 
[debug] board[(3, 2)]=14, board[(3, 1)]=9, 
[debug] board state:
[[14  3  6 13]
 [15 14 12  4]
 [ 4 14  1  2]
 [14  9 14 13]
 [15 15 12  1]
 [10  6  2  5]
 [15 11 11 13]
 [ 3  7  8  8]], 

=10 

=16 

=12 b8 a8

[debug] move action_id=19, action=((0, 1), (0, 0)), 
[debug] current_player=1 (B), 
[debug] board[(0, 1)]=14, board[(0, 0)]=3, 
[debug] board state:
[[ 3 14  6 13]
 [15 14 12  4]
 [ 4 14  1  2]
 [14  9 14 13]
 [15 15 12  1]
 [10  6  2  5]
 [15 11 11 13]
 [ 3  7  8  8]], 

=10 

=16 

[debug] move action_id=152, action=((3, 1), (3, 2)), 
[debug] current_player=0 (R), 
[debug] board[(3, 1)]=14, board[(3, 2)]=9, 
[debug] board state:
[[ 3 14  6 13]
 [15 14 12  4]
 [ 4 14  1  2]
 [14 14  9 13]
 [15 15 12  1]
 [10  6  2  5]
 [15 11 11 13]
 [ 3  7  8  8]], 

=10 

=16 

=12 a8 b8

[debug] move action_id=8, action=((0, 0), (0, 1)), 
[debug] current_player=1 (B), 
[debug] board[(0, 0)]=14, board[(0, 1)]=3, 
[debug] board state:
[[14  3  6 13]
 [15 14 12  4]
 [ 4 14  1  2]
 [14 14  9 13]
 [15 15 12  1]
 [10  6  2  5]
 [15 11 11 13]
 [ 3  7  8  8]], 

=10 

=16 


# 10 12 46 48 82 84 118 120 154 156 190 192 226 228 262 264 298 300 334 336 370 372 406 408 442 444 478 480 514 516 550 552 586 588 622 624 658 660 694 696 730 732 766 768 802 804 838 840 874 876 910 912 946 948 982 984 1018 1020 1054 1056 1090 1092 1126 1128 1162 1164 1198 1200 1234 1236 1270 1272 1306 1308 1342 1344 1378 1380 1414 1416 1450 1452 1486 1488 1522 1524 #
/home/ntcucsk201/anaconda3/envs/darkchess/lib/python3.10/site-packages/treevalue/tree/integration/torch.py:23: FutureWarning: `torch.utils._pytree._register_pytree_node` is deprecated. Please use `torch.utils._pytree.register_pytree_node` instead.
  register_for_torch(TreeValue)
/home/ntcucsk201/anaconda3/envs/darkchess/lib/python3.10/site-packages/treevalue/tree/integration/torch.py:24: FutureWarning: `torch.utils._pytree._register_pytree_node` is deprecated. Please use `torch.utils._pytree.register_pytree_node` instead.
  register_for_torch(FastTreeValue)
Gym has been unmaintained since 2022 and does not support NumPy 2.0 amongst other critical functionality.
Please upgrade to Gymnasium, the maintained drop-in replacement of Gym, or contact the authors of your software and request that they upgrade.
See the migration guide at https://gymnasium.farama.org/introduction/migration_guide/ for additional information.
[DEBUG] Config loaded successfully
/home/ntcucsk201/DarkChess/LightZero/zoo/board_games/darkchess/alphazero_mgtp.py:38: FutureWarning: You are using `torch.load` with `weights_only=False` (the current default value), which uses the default pickle module implicitly. It is possible to construct malicious pickle data which will execute arbitrary code during unpickling (See https://github.com/pytorch/pytorch/blob/main/SECURITY.md#untrusted-models for more details). In a future release, the default value for `weights_only` will be flipped to `True`. This limits the functions that could be executed during unpickling. Arbitrary objects will no longer be allowed to be loaded via this mode unless they are explicitly allowlisted by the user via `torch.serialization.add_safe_globals`. We recommend you start setting `weights_only=True` for any use case where you don't have full control of the loaded file. Please open an issue on GitHub for any issues related to this experimental feature.
  checkpoint = torch.load(model_path, map_location='cpu')
[DEBUG] Model moved to device: cuda:0

###
Account: a1_alphazero
Mode: MGTP
Path: /home/ntcucsk201/anaconda3/envs/darkchess/bin/python
Arg: /home/ntcucsk201/DarkChess/LightZero/zoo/board_games/darkchess/alphazero_mgtp.py -model_path /home/ntcucsk201/DarkChess/LightZero/zoo/board_games/darkchess/data_alphazero/darkchess_alphazero_ns1000_upc50_rer0.2_bs512_260222_173317/ckpt/ckpt_best.pth.tar -config_path /home/ntcucsk201/DarkChess/LightZero/zoo/board_games/darkchess/data_alphazero/darkchess_alphazero_ns1000_upc50_rer0.2_bs512_260222_173317/formatted_total_config.py
Name: LightZero_DarkChess
Version: 1.0.0
###
