INITIAL
* 10:5pm Feb 22, 2026
* a1_alphazero vs a0_mu
* 1 2 2 2 2 2 5 1 2 2 2 2 2 5
* X X X X
* X X X X
* X X X X
* X X X X
* X X X X
* X X X X
* X X X X
* X X X X
* first 0
* time 900
* 1. a8(N) b1(C)
* 2. b8(p) c7(G)
* 3. a8-b8 a6(c)
* 4. b8-a8 c6(n)
* 5. a8-b8 d8(p)
* 6. b8-a8 d2(P)
* 7. a8-b8 c3(R)
* 8. b8-a8 a3(N)
* 9. a8-b8 d6(P)
* 10. b8-a8 b5(k)
* 11. a8-b8 a5(m)
* 12. b8-a8 b6(M)
* 13. a8-b8 c2(g)
* 14. b8-a8 d5(P)
* 15. a8-b8 b2(p)
* 16. b8-a8 d7(n)
* 17. a8-b8 d3(p)
* 18. b8-a8 d1(g)
* 19. a8-b8 c8(P)
* 20. b8-a8 a4(M)
* 21. a8-b8 b4(r)
* 22. b8-a8 a1(m)
* 23. a8-b8 c5(c)
* 24. b8-a8 a2(p)
* 25. a8-b8 c4(R)
* 26. b8-a8 b7(G)
* 27. a8-b8 d4(P)
* 28. b8-a8 b3(K)
* 29. a8-b8 a1-b1
* 30. b8-a8 c6-d6
* 31. a8-b8 c5-c6
* 32. b8-a8 c6-c5
* 33. a8-b8 c5-c6
* 34. b8-a8 c6-c5
* 35. a8-b8 c5-c6
* 36. b8-a8 c6-c5
* PositionRepetitionDraw,3,4 a1_alphazero Draw 0.500000,0.500000
* Comment 0 0
0. 1771769114762
1. 1771769114762
2. 1771769116908
3. 1771769117309
4. 1771769119314
5. 1771769119715
6. 1771769121721
7. 1771769122122
8. 1771769124125
9. 1771769124527
10. 1771769126531
11. 1771769126933
12. 1771769128938
13. 1771769129338
14. 1771769131293
15. 1771769131694
16. 1771769133698
17. 1771769134099
18. 1771769136105
19. 1771769136505
20. 1771769138511
21. 1771769138910
22. 1771769140918
23. 1771769141315
24. 1771769143275
25. 1771769143671
26. 1771769145631
27. 1771769146025
28. 1771769148038
29. 1771769148481
30. 1771769150493
31. 1771769150887
32. 1771769152899
33. 1771769153343
34. 1771769155355
35. 1771769155798
36. 1771769157810
37. 1771769158252
38. 1771769160216
39. 1771769160659
40. 1771769162672
41. 1771769163116
42. 1771769165127
43. 1771769165523
44. 1771769167532
45. 1771769167930
46. 1771769169938
47. 1771769170335
48. 1771769172343
49. 1771769172742
50. 1771769174748
51. 1771769175148
52. 1771769177154
53. 1771769177556
54. 1771769179559
55. 1771769179960
56. 1771769181964
57. 1771769182367
58. 1771769184369
59. 1771769184773
60. 1771769186774
61. 1771769187179
62. 1771769189180
63. 1771769189586
64. 1771769191587
65. 1771769191993
66. 1771769193993
67. 1771769194399
68. 1771769196400
69. 1771769196804
70. 1771769198807
71. 1771769199210
72. 1771769201212

# 10 27 29 63 65 99 101 135 137 171 173 207 209 243 245 279 281 315 317 351 353 387 389 423 425 459 461 495 497 531 533 567 569 603 605 639 641 675 677 711 713 747 749 783 785 819 821 855 857 891 893 927 929 963 965 999 1001 1035 1037 1071 1073 1107 1109 1143 1145 1179 1181 1215 1217 1251 1253 1287 1289 #
LightZero MGTP Interface Ready
=1 LightZero_DarkChess

=2 1.0.0

=7 

=15 

=14 

[debug] move action_id=0, action=((0, 0), (0, 0)), 
[debug] current_player=1 (B), 
[debug] board[(0, 0)]=4, board[(0, 0)]=4, 
[debug] board state:
[[ 4 15 15 15]
 [15 15 15 15]
 [15 15 15 15]
 [15 15 15 15]
 [15 15 15 15]
 [15 15 15 15]
 [15 15 15 15]
 [15 15 15 15]], 

=11 

=16 

=12 b1 b1

[debug] move action_id=319, action=((7, 1), (7, 1)), 
[debug] current_player=0 (R), 
[debug] board[(7, 1)]=5, board[(7, 1)]=5, 
[debug] board state:
[[ 4 15 15 15]
 [15 15 15 15]
 [15 15 15 15]
 [15 15 15 15]
 [15 15 15 15]
 [15 15 15 15]
 [15 15 15 15]
 [15  5 15 15]], 

=11 

=16 

[debug] move action_id=11, action=((0, 1), (0, 1)), 
[debug] current_player=1 (B), 
[debug] board[(0, 1)]=13, board[(0, 1)]=13, 
[debug] board state:
[[ 4 13 15 15]
 [15 15 15 15]
 [15 15 15 15]
 [15 15 15 15]
 [15 15 15 15]
 [15 15 15 15]
 [15 15 15 15]
 [15  5 15 15]], 

=11 

=16 

=12 c7 c7

[debug] move action_id=66, action=((1, 2), (1, 2)), 
[debug] current_player=0 (R), 
[debug] board[(1, 2)]=1, board[(1, 2)]=1, 
[debug] board state:
[[ 4 13 15 15]
 [15 15  1 15]
 [15 15 15 15]
 [15 15 15 15]
 [15 15 15 15]
 [15 15 15 15]
 [15 15 15 15]
 [15  5 15 15]], 

=11 

=16 

[debug] move action_id=8, action=((0, 0), (0, 1)), 
[debug] current_player=1 (B), 
[debug] board[(0, 0)]=14, board[(0, 1)]=4, 
[debug] board state:
[[14  4 15 15]
 [15 15  1 15]
 [15 15 15 15]
 [15 15 15 15]
 [15 15 15 15]
 [15 15 15 15]
 [15 15 15 15]
 [15  5 15 15]], 

=10 

=16 

=12 a6 a6

[debug] move action_id=88, action=((2, 0), (2, 0)), 
[debug] current_player=0 (R), 
[debug] board[(2, 0)]=12, board[(2, 0)]=12, 
[debug] board state:
[[14  4 15 15]
 [15 15  1 15]
 [12 15 15 15]
 [15 15 15 15]
 [15 15 15 15]
 [15 15 15 15]
 [15 15 15 15]
 [15  5 15 15]], 

=11 

=16 

[debug] move action_id=19, action=((0, 1), (0, 0)), 
[debug] current_player=1 (B), 
[debug] board[(0, 1)]=14, board[(0, 0)]=4, 
[debug] board state:
[[ 4 14 15 15]
 [15 15  1 15]
 [12 15 15 15]
 [15 15 15 15]
 [15 15 15 15]
 [15 15 15 15]
 [15 15 15 15]
 [15  5 15 15]], 

=10 

=16 

=12 c6 c6

[debug] move action_id=110, action=((2, 2), (2, 2)), 
[debug] current_player=0 (R), 
[debug] board[(2, 2)]=11, board[(2, 2)]=11, 
[debug] board state:
[[ 4 14 15 15]
 [15 15  1 15]
 [12 15 11 15]
 [15 15 15 15]
 [15 15 15 15]
 [15 15 15 15]
 [15 15 15 15]
 [15  5 15 15]], 

=11 

=16 

[debug] move action_id=8, action=((0, 0), (0, 1)), 
[debug] current_player=1 (B), 
[debug] board[(0, 0)]=14, board[(0, 1)]=4, 
[debug] board state:
[[14  4 15 15]
 [15 15  1 15]
 [12 15 11 15]
 [15 15 15 15]
 [15 15 15 15]
 [15 15 15 15]
 [15 15 15 15]
 [15  5 15 15]], 

=10 

=16 

=12 d8 d8

[debug] move action_id=33, action=((0, 3), (0, 3)), 
[debug] current_player=0 (R), 
[debug] board[(0, 3)]=13, board[(0, 3)]=13, 
[debug] board state:
[[14  4 15 13]
 [15 15  1 15]
 [12 15 11 15]
 [15 15 15 15]
 [15 15 15 15]
 [15 15 15 15]
 [15 15 15 15]
 [15  5 15 15]], 

=11 

=16 

[debug] move action_id=19, action=((0, 1), (0, 0)), 
[debug] current_player=1 (B), 
[debug] board[(0, 1)]=14, board[(0, 0)]=4, 
[debug] board state:
[[ 4 14 15 13]
 [15 15  1 15]
 [12 15 11 15]
 [15 15 15 15]
 [15 15 15 15]
 [15 15 15 15]
 [15 15 15 15]
 [15  5 15 15]], 

=10 

=16 

=12 d2 d2

[debug] move action_id=297, action=((6, 3), (6, 3)), 
[debug] current_player=0 (R), 
[debug] board[(6, 3)]=6, board[(6, 3)]=6, 
[debug] board state:
[[ 4 14 15 13]
 [15 15  1 15]
 [12 15 11 15]
 [15 15 15 15]
 [15 15 15 15]
 [15 15 15 15]
 [15 15 15  6]
 [15  5 15 15]], 

=11 

=16 

[debug] move action_id=8, action=((0, 0), (0, 1)), 
[debug] current_player=1 (B), 
[debug] board[(0, 0)]=14, board[(0, 1)]=4, 
[debug] board state:
[[14  4 15 13]
 [15 15  1 15]
 [12 15 11 15]
 [15 15 15 15]
 [15 15 15 15]
 [15 15 15 15]
 [15 15 15  6]
 [15  5 15 15]], 

=10 

=16 

=12 c3 c3

[debug] move action_id=242, action=((5, 2), (5, 2)), 
[debug] current_player=0 (R), 
[debug] board[(5, 2)]=3, board[(5, 2)]=3, 
[debug] board state:
[[14  4 15 13]
 [15 15  1 15]
 [12 15 11 15]
 [15 15 15 15]
 [15 15 15 15]
 [15 15  3 15]
 [15 15 15  6]
 [15  5 15 15]], 

=11 

=16 

[debug] move action_id=19, action=((0, 1), (0, 0)), 
[debug] current_player=1 (B), 
[debug] board[(0, 1)]=14, board[(0, 0)]=4, 
[debug] board state:
[[ 4 14 15 13]
 [15 15  1 15]
 [12 15 11 15]
 [15 15 15 15]
 [15 15 15 15]
 [15 15  3 15]
 [15 15 15  6]
 [15  5 15 15]], 

=10 

=16 

=12 a3 a3

[debug] move action_id=220, action=((5, 0), (5, 0)), 
[debug] current_player=0 (R), 
[debug] board[(5, 0)]=4, board[(5, 0)]=4, 
[debug] board state:
[[ 4 14 15 13]
 [15 15  1 15]
 [12 15 11 15]
 [15 15 15 15]
 [15 15 15 15]
 [ 4 15  3 15]
 [15 15 15  6]
 [15  5 15 15]], 

=11 

=16 

[debug] move action_id=8, action=((0, 0), (0, 1)), 
[debug] current_player=1 (B), 
[debug] board[(0, 0)]=14, board[(0, 1)]=4, 
[debug] board state:
[[14  4 15 13]
 [15 15  1 15]
 [12 15 11 15]
 [15 15 15 15]
 [15 15 15 15]
 [ 4 15  3 15]
 [15 15 15  6]
 [15  5 15 15]], 

=10 

=16 

=12 d6 d6

[debug] move action_id=121, action=((2, 3), (2, 3)), 
[debug] current_player=0 (R), 
[debug] board[(2, 3)]=6, board[(2, 3)]=6, 
[debug] board state:
[[14  4 15 13]
 [15 15  1 15]
 [12 15 11  6]
 [15 15 15 15]
 [15 15 15 15]
 [ 4 15  3 15]
 [15 15 15  6]
 [15  5 15 15]], 

=11 

=16 

[debug] move action_id=19, action=((0, 1), (0, 0)), 
[debug] current_player=1 (B), 
[debug] board[(0, 1)]=14, board[(0, 0)]=4, 
[debug] board state:
[[ 4 14 15 13]
 [15 15  1 15]
 [12 15 11  6]
 [15 15 15 15]
 [15 15 15 15]
 [ 4 15  3 15]
 [15 15 15  6]
 [15  5 15 15]], 

=10 

=16 

=12 b5 b5

[debug] move action_id=143, action=((3, 1), (3, 1)), 
[debug] current_player=0 (R), 
[debug] board[(3, 1)]=7, board[(3, 1)]=7, 
[debug] board state:
[[ 4 14 15 13]
 [15 15  1 15]
 [12 15 11  6]
 [15  7 15 15]
 [15 15 15 15]
 [ 4 15  3 15]
 [15 15 15  6]
 [15  5 15 15]], 

=11 

=16 

[debug] move action_id=8, action=((0, 0), (0, 1)), 
[debug] current_player=1 (B), 
[debug] board[(0, 0)]=14, board[(0, 1)]=4, 
[debug] board state:
[[14  4 15 13]
 [15 15  1 15]
 [12 15 11  6]
 [15  7 15 15]
 [15 15 15 15]
 [ 4 15  3 15]
 [15 15 15  6]
 [15  5 15 15]], 

=10 

=16 

=12 a5 a5

[debug] move action_id=132, action=((3, 0), (3, 0)), 
[debug] current_player=0 (R), 
[debug] board[(3, 0)]=9, board[(3, 0)]=9, 
[debug] board state:
[[14  4 15 13]
 [15 15  1 15]
 [12 15 11  6]
 [ 9  7 15 15]
 [15 15 15 15]
 [ 4 15  3 15]
 [15 15 15  6]
 [15  5 15 15]], 

=11 

=16 

[debug] move action_id=19, action=((0, 1), (0, 0)), 
[debug] current_player=1 (B), 
[debug] board[(0, 1)]=14, board[(0, 0)]=4, 
[debug] board state:
[[ 4 14 15 13]
 [15 15  1 15]
 [12 15 11  6]
 [ 9  7 15 15]
 [15 15 15 15]
 [ 4 15  3 15]
 [15 15 15  6]
 [15  5 15 15]], 

=10 

=16 

=12 b6 b6

[debug] move action_id=99, action=((2, 1), (2, 1)), 
[debug] current_player=0 (R), 
[debug] board[(2, 1)]=2, board[(2, 1)]=2, 
[debug] board state:
[[ 4 14 15 13]
 [15 15  1 15]
 [12  2 11  6]
 [ 9  7 15 15]
 [15 15 15 15]
 [ 4 15  3 15]
 [15 15 15  6]
 [15  5 15 15]], 

=11 

=16 

[debug] move action_id=8, action=((0, 0), (0, 1)), 
[debug] current_player=1 (B), 
[debug] board[(0, 0)]=14, board[(0, 1)]=4, 
[debug] board state:
[[14  4 15 13]
 [15 15  1 15]
 [12  2 11  6]
 [ 9  7 15 15]
 [15 15 15 15]
 [ 4 15  3 15]
 [15 15 15  6]
 [15  5 15 15]], 

=10 

=16 

=12 c2 c2

[debug] move action_id=286, action=((6, 2), (6, 2)), 
[debug] current_player=0 (R), 
[debug] board[(6, 2)]=8, board[(6, 2)]=8, 
[debug] board state:
[[14  4 15 13]
 [15 15  1 15]
 [12  2 11  6]
 [ 9  7 15 15]
 [15 15 15 15]
 [ 4 15  3 15]
 [15 15  8  6]
 [15  5 15 15]], 

=11 

=16 

[debug] move action_id=19, action=((0, 1), (0, 0)), 
[debug] current_player=1 (B), 
[debug] board[(0, 1)]=14, board[(0, 0)]=4, 
[debug] board state:
[[ 4 14 15 13]
 [15 15  1 15]
 [12  2 11  6]
 [ 9  7 15 15]
 [15 15 15 15]
 [ 4 15  3 15]
 [15 15  8  6]
 [15  5 15 15]], 

=10 

=16 

=12 d5 d5

[debug] move action_id=165, action=((3, 3), (3, 3)), 
[debug] current_player=0 (R), 
[debug] board[(3, 3)]=6, board[(3, 3)]=6, 
[debug] board state:
[[ 4 14 15 13]
 [15 15  1 15]
 [12  2 11  6]
 [ 9  7 15  6]
 [15 15 15 15]
 [ 4 15  3 15]
 [15 15  8  6]
 [15  5 15 15]], 

=11 

=16 

[debug] move action_id=8, action=((0, 0), (0, 1)), 
[debug] current_player=1 (B), 
[debug] board[(0, 0)]=14, board[(0, 1)]=4, 
[debug] board state:
[[14  4 15 13]
 [15 15  1 15]
 [12  2 11  6]
 [ 9  7 15  6]
 [15 15 15 15]
 [ 4 15  3 15]
 [15 15  8  6]
 [15  5 15 15]], 

=10 

=16 

=12 b2 b2

[debug] move action_id=275, action=((6, 1), (6, 1)), 
[debug] current_player=0 (R), 
[debug] board[(6, 1)]=13, board[(6, 1)]=13, 
[debug] board state:
[[14  4 15 13]
 [15 15  1 15]
 [12  2 11  6]
 [ 9  7 15  6]
 [15 15 15 15]
 [ 4 15  3 15]
 [15 13  8  6]
 [15  5 15 15]], 

=11 

=16 

[debug] move action_id=19, action=((0, 1), (0, 0)), 
[debug] current_player=1 (B), 
[debug] board[(0, 1)]=14, board[(0, 0)]=4, 
[debug] board state:
[[ 4 14 15 13]
 [15 15  1 15]
 [12  2 11  6]
 [ 9  7 15  6]
 [15 15 15 15]
 [ 4 15  3 15]
 [15 13  8  6]
 [15  5 15 15]], 

=10 

=16 

=12 d7 d7

[debug] move action_id=77, action=((1, 3), (1, 3)), 
[debug] current_player=0 (R), 
[debug] board[(1, 3)]=11, board[(1, 3)]=11, 
[debug] board state:
[[ 4 14 15 13]
 [15 15  1 11]
 [12  2 11  6]
 [ 9  7 15  6]
 [15 15 15 15]
 [ 4 15  3 15]
 [15 13  8  6]
 [15  5 15 15]], 

=11 

=16 

[debug] move action_id=8, action=((0, 0), (0, 1)), 
[debug] current_player=1 (B), 
[debug] board[(0, 0)]=14, board[(0, 1)]=4, 
[debug] board state:
[[14  4 15 13]
 [15 15  1 11]
 [12  2 11  6]
 [ 9  7 15  6]
 [15 15 15 15]
 [ 4 15  3 15]
 [15 13  8  6]
 [15  5 15 15]], 

=10 

=16 

=12 d3 d3

[debug] move action_id=253, action=((5, 3), (5, 3)), 
[debug] current_player=0 (R), 
[debug] board[(5, 3)]=13, board[(5, 3)]=13, 
[debug] board state:
[[14  4 15 13]
 [15 15  1 11]
 [12  2 11  6]
 [ 9  7 15  6]
 [15 15 15 15]
 [ 4 15  3 13]
 [15 13  8  6]
 [15  5 15 15]], 

=11 

=16 

[debug] move action_id=19, action=((0, 1), (0, 0)), 
[debug] current_player=1 (B), 
[debug] board[(0, 1)]=14, board[(0, 0)]=4, 
[debug] board state:
[[ 4 14 15 13]
 [15 15  1 11]
 [12  2 11  6]
 [ 9  7 15  6]
 [15 15 15 15]
 [ 4 15  3 13]
 [15 13  8  6]
 [15  5 15 15]], 

=10 

=16 

=12 d1 d1

[debug] move action_id=341, action=((7, 3), (7, 3)), 
[debug] current_player=0 (R), 
[debug] board[(7, 3)]=8, board[(7, 3)]=8, 
[debug] board state:
[[ 4 14 15 13]
 [15 15  1 11]
 [12  2 11  6]
 [ 9  7 15  6]
 [15 15 15 15]
 [ 4 15  3 13]
 [15 13  8  6]
 [15  5 15  8]], 

=11 

=16 

[debug] move action_id=8, action=((0, 0), (0, 1)), 
[debug] current_player=1 (B), 
[debug] board[(0, 0)]=14, board[(0, 1)]=4, 
[debug] board state:
[[14  4 15 13]
 [15 15  1 11]
 [12  2 11  6]
 [ 9  7 15  6]
 [15 15 15 15]
 [ 4 15  3 13]
 [15 13  8  6]
 [15  5 15  8]], 

=10 

=16 

=12 c8 c8

[debug] move action_id=22, action=((0, 2), (0, 2)), 
[debug] current_player=0 (R), 
[debug] board[(0, 2)]=6, board[(0, 2)]=6, 
[debug] board state:
[[14  4  6 13]
 [15 15  1 11]
 [12  2 11  6]
 [ 9  7 15  6]
 [15 15 15 15]
 [ 4 15  3 13]
 [15 13  8  6]
 [15  5 15  8]], 

=11 

=16 

[debug] move action_id=19, action=((0, 1), (0, 0)), 
[debug] current_player=1 (B), 
[debug] board[(0, 1)]=14, board[(0, 0)]=4, 
[debug] board state:
[[ 4 14  6 13]
 [15 15  1 11]
 [12  2 11  6]
 [ 9  7 15  6]
 [15 15 15 15]
 [ 4 15  3 13]
 [15 13  8  6]
 [15  5 15  8]], 

=10 

=16 

=12 a4 a4

[debug] move action_id=176, action=((4, 0), (4, 0)), 
[debug] current_player=0 (R), 
[debug] board[(4, 0)]=2, board[(4, 0)]=2, 
[debug] board state:
[[ 4 14  6 13]
 [15 15  1 11]
 [12  2 11  6]
 [ 9  7 15  6]
 [ 2 15 15 15]
 [ 4 15  3 13]
 [15 13  8  6]
 [15  5 15  8]], 

=11 

=16 

[debug] move action_id=8, action=((0, 0), (0, 1)), 
[debug] current_player=1 (B), 
[debug] board[(0, 0)]=14, board[(0, 1)]=4, 
[debug] board state:
[[14  4  6 13]
 [15 15  1 11]
 [12  2 11  6]
 [ 9  7 15  6]
 [ 2 15 15 15]
 [ 4 15  3 13]
 [15 13  8  6]
 [15  5 15  8]], 

=10 

=16 

=12 b4 b4

[debug] move action_id=187, action=((4, 1), (4, 1)), 
[debug] current_player=0 (R), 
[debug] board[(4, 1)]=10, board[(4, 1)]=10, 
[debug] board state:
[[14  4  6 13]
 [15 15  1 11]
 [12  2 11  6]
 [ 9  7 15  6]
 [ 2 10 15 15]
 [ 4 15  3 13]
 [15 13  8  6]
 [15  5 15  8]], 

=11 

=16 

[debug] move action_id=19, action=((0, 1), (0, 0)), 
[debug] current_player=1 (B), 
[debug] board[(0, 1)]=14, board[(0, 0)]=4, 
[debug] board state:
[[ 4 14  6 13]
 [15 15  1 11]
 [12  2 11  6]
 [ 9  7 15  6]
 [ 2 10 15 15]
 [ 4 15  3 13]
 [15 13  8  6]
 [15  5 15  8]], 

=10 

=16 

=12 a1 a1

[debug] move action_id=308, action=((7, 0), (7, 0)), 
[debug] current_player=0 (R), 
[debug] board[(7, 0)]=9, board[(7, 0)]=9, 
[debug] board state:
[[ 4 14  6 13]
 [15 15  1 11]
 [12  2 11  6]
 [ 9  7 15  6]
 [ 2 10 15 15]
 [ 4 15  3 13]
 [15 13  8  6]
 [ 9  5 15  8]], 

=11 

=16 

[debug] move action_id=8, action=((0, 0), (0, 1)), 
[debug] current_player=1 (B), 
[debug] board[(0, 0)]=14, board[(0, 1)]=4, 
[debug] board state:
[[14  4  6 13]
 [15 15  1 11]
 [12  2 11  6]
 [ 9  7 15  6]
 [ 2 10 15 15]
 [ 4 15  3 13]
 [15 13  8  6]
 [ 9  5 15  8]], 

=10 

=16 

=12 c5 c5

[debug] move action_id=154, action=((3, 2), (3, 2)), 
[debug] current_player=0 (R), 
[debug] board[(3, 2)]=12, board[(3, 2)]=12, 
[debug] board state:
[[14  4  6 13]
 [15 15  1 11]
 [12  2 11  6]
 [ 9  7 12  6]
 [ 2 10 15 15]
 [ 4 15  3 13]
 [15 13  8  6]
 [ 9  5 15  8]], 

=11 

=16 

[debug] move action_id=19, action=((0, 1), (0, 0)), 
[debug] current_player=1 (B), 
[debug] board[(0, 1)]=14, board[(0, 0)]=4, 
[debug] board state:
[[ 4 14  6 13]
 [15 15  1 11]
 [12  2 11  6]
 [ 9  7 12  6]
 [ 2 10 15 15]
 [ 4 15  3 13]
 [15 13  8  6]
 [ 9  5 15  8]], 

=10 

=16 

=12 a2 a2

[debug] move action_id=264, action=((6, 0), (6, 0)), 
[debug] current_player=0 (R), 
[debug] board[(6, 0)]=13, board[(6, 0)]=13, 
[debug] board state:
[[ 4 14  6 13]
 [15 15  1 11]
 [12  2 11  6]
 [ 9  7 12  6]
 [ 2 10 15 15]
 [ 4 15  3 13]
 [13 13  8  6]
 [ 9  5 15  8]], 

=11 

=16 

[debug] move action_id=8, action=((0, 0), (0, 1)), 
[debug] current_player=1 (B), 
[debug] board[(0, 0)]=14, board[(0, 1)]=4, 
[debug] board state:
[[14  4  6 13]
 [15 15  1 11]
 [12  2 11  6]
 [ 9  7 12  6]
 [ 2 10 15 15]
 [ 4 15  3 13]
 [13 13  8  6]
 [ 9  5 15  8]], 

=10 

=16 

=12 c4 c4

[debug] move action_id=198, action=((4, 2), (4, 2)), 
[debug] current_player=0 (R), 
[debug] board[(4, 2)]=3, board[(4, 2)]=3, 
[debug] board state:
[[14  4  6 13]
 [15 15  1 11]
 [12  2 11  6]
 [ 9  7 12  6]
 [ 2 10  3 15]
 [ 4 15  3 13]
 [13 13  8  6]
 [ 9  5 15  8]], 

=11 

=16 

[debug] move action_id=19, action=((0, 1), (0, 0)), 
[debug] current_player=1 (B), 
[debug] board[(0, 1)]=14, board[(0, 0)]=4, 
[debug] board state:
[[ 4 14  6 13]
 [15 15  1 11]
 [12  2 11  6]
 [ 9  7 12  6]
 [ 2 10  3 15]
 [ 4 15  3 13]
 [13 13  8  6]
 [ 9  5 15  8]], 

=10 

=16 

=12 b7 b7

[debug] move action_id=55, action=((1, 1), (1, 1)), 
[debug] current_player=0 (R), 
[debug] board[(1, 1)]=1, board[(1, 1)]=1, 
[debug] board state:
[[ 4 14  6 13]
 [15  1  1 11]
 [12  2 11  6]
 [ 9  7 12  6]
 [ 2 10  3 15]
 [ 4 15  3 13]
 [13 13  8  6]
 [ 9  5 15  8]], 

=11 

=16 

[debug] move action_id=8, action=((0, 0), (0, 1)), 
[debug] current_player=1 (B), 
[debug] board[(0, 0)]=14, board[(0, 1)]=4, 
[debug] board state:
[[14  4  6 13]
 [15  1  1 11]
 [12  2 11  6]
 [ 9  7 12  6]
 [ 2 10  3 15]
 [ 4 15  3 13]
 [13 13  8  6]
 [ 9  5 15  8]], 

=10 

=16 

=12 d4 d4

[debug] move action_id=209, action=((4, 3), (4, 3)), 
[debug] current_player=0 (R), 
[debug] board[(4, 3)]=6, board[(4, 3)]=6, 
[debug] board state:
[[14  4  6 13]
 [15  1  1 11]
 [12  2 11  6]
 [ 9  7 12  6]
 [ 2 10  3  6]
 [ 4 15  3 13]
 [13 13  8  6]
 [ 9  5 15  8]], 

=11 

=16 

[debug] move action_id=19, action=((0, 1), (0, 0)), 
[debug] current_player=1 (B), 
[debug] board[(0, 1)]=14, board[(0, 0)]=4, 
[debug] board state:
[[ 4 14  6 13]
 [15  1  1 11]
 [12  2 11  6]
 [ 9  7 12  6]
 [ 2 10  3  6]
 [ 4 15  3 13]
 [13 13  8  6]
 [ 9  5 15  8]], 

=10 

=16 

=12 b3 b3

[debug] move action_id=231, action=((5, 1), (5, 1)), 
[debug] current_player=0 (R), 
[debug] board[(5, 1)]=0, board[(5, 1)]=0, 
[debug] board state:
[[ 4 14  6 13]
 [15  1  1 11]
 [12  2 11  6]
 [ 9  7 12  6]
 [ 2 10  3  6]
 [ 4  0  3 13]
 [13 13  8  6]
 [ 9  5 15  8]], 

=11 

=16 

[debug] move action_id=8, action=((0, 0), (0, 1)), 
[debug] current_player=1 (B), 
[debug] board[(0, 0)]=14, board[(0, 1)]=4, 
[debug] board state:
[[14  4  6 13]
 [15  1  1 11]
 [12  2 11  6]
 [ 9  7 12  6]
 [ 2 10  3  6]
 [ 4  0  3 13]
 [13 13  8  6]
 [ 9  5 15  8]], 

=10 

=16 

=12 a1 b1

[debug] move action_id=316, action=((7, 0), (7, 1)), 
[debug] current_player=0 (R), 
[debug] board[(7, 0)]=14, board[(7, 1)]=9, 
[debug] board state:
[[14  4  6 13]
 [15  1  1 11]
 [12  2 11  6]
 [ 9  7 12  6]
 [ 2 10  3  6]
 [ 4  0  3 13]
 [13 13  8  6]
 [14  9 15  8]], 

=10 

=16 

[debug] move action_id=19, action=((0, 1), (0, 0)), 
[debug] current_player=1 (B), 
[debug] board[(0, 1)]=14, board[(0, 0)]=4, 
[debug] board state:
[[ 4 14  6 13]
 [15  1  1 11]
 [12  2 11  6]
 [ 9  7 12  6]
 [ 2 10  3  6]
 [ 4  0  3 13]
 [13 13  8  6]
 [14  9 15  8]], 

=10 

=16 

=12 c6 d6

[debug] move action_id=120, action=((2, 2), (2, 3)), 
[debug] current_player=0 (R), 
[debug] board[(2, 2)]=14, board[(2, 3)]=11, 
[debug] board state:
[[ 4 14  6 13]
 [15  1  1 11]
 [12  2 14 11]
 [ 9  7 12  6]
 [ 2 10  3  6]
 [ 4  0  3 13]
 [13 13  8  6]
 [14  9 15  8]], 

=10 

=16 

[debug] move action_id=8, action=((0, 0), (0, 1)), 
[debug] current_player=1 (B), 
[debug] board[(0, 0)]=14, board[(0, 1)]=4, 
[debug] board state:
[[14  4  6 13]
 [15  1  1 11]
 [12  2 14 11]
 [ 9  7 12  6]
 [ 2 10  3  6]
 [ 4  0  3 13]
 [13 13  8  6]
 [14  9 15  8]], 

=10 

=16 

=12 c5 c6

[debug] move action_id=113, action=((3, 2), (2, 2)), 
[debug] current_player=0 (R), 
[debug] board[(3, 2)]=14, board[(2, 2)]=12, 
[debug] board state:
[[14  4  6 13]
 [15  1  1 11]
 [12  2 12 11]
 [ 9  7 14  6]
 [ 2 10  3  6]
 [ 4  0  3 13]
 [13 13  8  6]
 [14  9 15  8]], 

=10 

=16 

[debug] move action_id=19, action=((0, 1), (0, 0)), 
[debug] current_player=1 (B), 
[debug] board[(0, 1)]=14, board[(0, 0)]=4, 
[debug] board state:
[[ 4 14  6 13]
 [15  1  1 11]
 [12  2 12 11]
 [ 9  7 14  6]
 [ 2 10  3  6]
 [ 4  0  3 13]
 [13 13  8  6]
 [14  9 15  8]], 

=10 

=16 

=12 c6 c5

[debug] move action_id=157, action=((2, 2), (3, 2)), 
[debug] current_player=0 (R), 
[debug] board[(2, 2)]=14, board[(3, 2)]=12, 
[debug] board state:
[[ 4 14  6 13]
 [15  1  1 11]
 [12  2 14 11]
 [ 9  7 12  6]
 [ 2 10  3  6]
 [ 4  0  3 13]
 [13 13  8  6]
 [14  9 15  8]], 

=10 

=16 

[debug] move action_id=8, action=((0, 0), (0, 1)), 
[debug] current_player=1 (B), 
[debug] board[(0, 0)]=14, board[(0, 1)]=4, 
[debug] board state:
[[14  4  6 13]
 [15  1  1 11]
 [12  2 14 11]
 [ 9  7 12  6]
 [ 2 10  3  6]
 [ 4  0  3 13]
 [13 13  8  6]
 [14  9 15  8]], 

=10 

=16 

=12 c5 c6

[debug] move action_id=113, action=((3, 2), (2, 2)), 
[debug] current_player=0 (R), 
[debug] board[(3, 2)]=14, board[(2, 2)]=12, 
[debug] board state:
[[14  4  6 13]
 [15  1  1 11]
 [12  2 12 11]
 [ 9  7 14  6]
 [ 2 10  3  6]
 [ 4  0  3 13]
 [13 13  8  6]
 [14  9 15  8]], 

=10 

=16 

[debug] move action_id=19, action=((0, 1), (0, 0)), 
[debug] current_player=1 (B), 
[debug] board[(0, 1)]=14, board[(0, 0)]=4, 
[debug] board state:
[[ 4 14  6 13]
 [15  1  1 11]
 [12  2 12 11]
 [ 9  7 14  6]
 [ 2 10  3  6]
 [ 4  0  3 13]
 [13 13  8  6]
 [14  9 15  8]], 

=10 

=16 

=12 c6 c5

[debug] move action_id=157, action=((2, 2), (3, 2)), 
[debug] current_player=0 (R), 
[debug] board[(2, 2)]=14, board[(3, 2)]=12, 
[debug] board state:
[[ 4 14  6 13]
 [15  1  1 11]
 [12  2 14 11]
 [ 9  7 12  6]
 [ 2 10  3  6]
 [ 4  0  3 13]
 [13 13  8  6]
 [14  9 15  8]], 

=10 

=16 

[debug] move action_id=8, action=((0, 0), (0, 1)), 
[debug] current_player=1 (B), 
[debug] board[(0, 0)]=14, board[(0, 1)]=4, 
[debug] board state:
[[14  4  6 13]
 [15  1  1 11]
 [12  2 14 11]
 [ 9  7 12  6]
 [ 2 10  3  6]
 [ 4  0  3 13]
 [13 13  8  6]
 [14  9 15  8]], 

=10 

=16 

=12 c5 c6

[debug] move action_id=113, action=((3, 2), (2, 2)), 
[debug] current_player=0 (R), 
[debug] board[(3, 2)]=14, board[(2, 2)]=12, 
[debug] board state:
[[14  4  6 13]
 [15  1  1 11]
 [12  2 12 11]
 [ 9  7 14  6]
 [ 2 10  3  6]
 [ 4  0  3 13]
 [13 13  8  6]
 [14  9 15  8]], 

=10 

=16 

[debug] move action_id=19, action=((0, 1), (0, 0)), 
[debug] current_player=1 (B), 
[debug] board[(0, 1)]=14, board[(0, 0)]=4, 
[debug] board state:
[[ 4 14  6 13]
 [15  1  1 11]
 [12  2 12 11]
 [ 9  7 14  6]
 [ 2 10  3  6]
 [ 4  0  3 13]
 [13 13  8  6]
 [14  9 15  8]], 

=10 

=16 

=12 c6 c5

[debug] move action_id=157, action=((2, 2), (3, 2)), 
[debug] current_player=0 (R), 
[debug] board[(2, 2)]=14, board[(3, 2)]=12, 
[debug] board state:
[[ 4 14  6 13]
 [15  1  1 11]
 [12  2 14 11]
 [ 9  7 12  6]
 [ 2 10  3  6]
 [ 4  0  3 13]
 [13 13  8  6]
 [14  9 15  8]], 

=10 

=16 


# 10 27 29 63 65 99 101 135 137 171 173 207 209 243 245 279 281 315 317 351 353 387 389 423 425 459 461 495 497 531 533 567 569 603 605 639 641 675 677 711 713 747 749 783 785 819 821 855 857 891 893 927 929 963 965 999 1001 1035 1037 1071 1073 1107 1109 1143 1145 1179 1181 1215 1217 1251 1253 1287 1289 #
/home/ntcucsk201/anaconda3/envs/darkchess/lib/python3.10/site-packages/treevalue/tree/integration/torch.py:23: FutureWarning: `torch.utils._pytree._register_pytree_node` is deprecated. Please use `torch.utils._pytree.register_pytree_node` instead.
  register_for_torch(TreeValue)
/home/ntcucsk201/anaconda3/envs/darkchess/lib/python3.10/site-packages/treevalue/tree/integration/torch.py:24: FutureWarning: `torch.utils._pytree._register_pytree_node` is deprecated. Please use `torch.utils._pytree.register_pytree_node` instead.
  register_for_torch(FastTreeValue)
Gym has been unmaintained since 2022 and does not support NumPy 2.0 amongst other critical functionality.
Please upgrade to Gymnasium, the maintained drop-in replacement of Gym, or contact the authors of your software and request that they upgrade.
See the migration guide at https://gymnasium.farama.org/introduction/migration_guide/ for additional information.
[DEBUG] Config loaded successfully
/home/ntcucsk201/DarkChess/LightZero/zoo/board_games/darkchess/muzero_mgtp.py:38: FutureWarning: You are using `torch.load` with `weights_only=False` (the current default value), which uses the default pickle module implicitly. It is possible to construct malicious pickle data which will execute arbitrary code during unpickling (See https://github.com/pytorch/pytorch/blob/main/SECURITY.md#untrusted-models for more details). In a future release, the default value for `weights_only` will be flipped to `True`. This limits the functions that could be executed during unpickling. Arbitrary objects will no longer be allowed to be loaded via this mode unless they are explicitly allowlisted by the user via `torch.serialization.add_safe_globals`. We recommend you start setting `weights_only=True` for any use case where you don't have full control of the loaded file. Please open an issue on GitHub for any issues related to this experimental feature.
  checkpoint = torch.load(model_path, map_location='cpu')
[DEBUG] Model moved to device: cuda:0

###
Account: a0_mu
Mode: MGTP
Path: /home/ntcucsk201/anaconda3/envs/darkchess/bin/python
Arg: /home/ntcucsk201/DarkChess/LightZero/zoo/board_games/darkchess/muzero_mgtp.py -model_path /home/ntcucsk201/DarkChess/LightZero/zoo/board_games/darkchess/data_muzero/darkchess_muzero_ns1000_upc50_rer0.0_bs512/ckpt/ckpt_best.pth.tar -config_path /home/ntcucsk201/DarkChess/LightZero/zoo/board_games/darkchess/data_muzero/darkchess_muzero_ns1000_upc50_rer0.0_bs512/formatted_total_config.py
Name: LightZero_DarkChess
Version: 1.0.0
###
