INITIAL
* 0:34am Feb 23, 2026
* a0_mu vs a1_alphazero
* 1 2 2 2 2 2 5 1 2 2 2 2 2 5
* X X X X
* X X X X
* X X X X
* X X X X
* X X X X
* X X X X
* X X X X
* X X X X
* first 0
* time 900
* 1. b1(R) a8(r)
* 2. c7(k) b8(m)
* 3. a6(M) c8(N)
* 4. a4(p) b8-c8
* 5. d7(p) a8-b8
* 6. a5(p) b8-a8
* 7. b5(R) a8-b8
* 8. c5(c) b8-a8
* 9. d8(n) a8-b8
* 10. d6(C) b8-a8
* 11. c2(P) a8-b8
* 12. c3(m) b8-a8
* 13. c1(K) a8-b8
* 14. d2(c) b8-a8
* 15. a3(G) a8-b8
* 16. b6(p) b8-a8
* 17. d1(P) a8-b8
* 18. d4(P) b8-a8
* 19. b2(P) a8-b8
* 20. a2(r) b8-a8
* 21. b3(G) a8-b8
* 22. b4(N) b8-a8
* 23. b3-c3 a8-b8
* 24. b5-c5 b8-a8
* 25. b4-b5 a8-b8
* 26. b5-b4 b8-a8
* 27. b4-b5 a8-b8
* 28. b5-b4 b8-a8
* 29. b4-b5 a8-b8
* 30. b5-b4
* PositionRepetitionDraw,3,4 a0_mu Draw 0.500000,0.500000
* Comment 0 0
0. 1771778054340
1. 1771778054340
2. 1771778054920
3. 1771778056936
4. 1771778057376
5. 1771778059392
6. 1771778059832
7. 1771778061847
8. 1771778062287
9. 1771778064301
10. 1771778064743
11. 1771778066756
12. 1771778067149
13. 1771778069211
14. 1771778069605
15. 1771778071615
16. 1771778072011
17. 1771778074021
18. 1771778074416
19. 1771778076426
20. 1771778076821
21. 1771778078831
22. 1771778079226
23. 1771778081236
24. 1771778081631
25. 1771778083641
26. 1771778084036
27. 1771778086046
28. 1771778086441
29. 1771778088451
30. 1771778088846
31. 1771778090855
32. 1771778091249
33. 1771778093210
34. 1771778093604
35. 1771778095564
36. 1771778095960
37. 1771778097869
38. 1771778098266
39. 1771778100225
40. 1771778100620
41. 1771778102528
42. 1771778102924
43. 1771778104883
44. 1771778105228
45. 1771778107137
46. 1771778107533
47. 1771778109492
48. 1771778109888
49. 1771778111847
50. 1771778112243
51. 1771778114203
52. 1771778114597
53. 1771778116556
54. 1771778116952
55. 1771778118910
56. 1771778119308
57. 1771778121266
58. 1771778121664
59. 1771778123621

# 10 12 46 48 82 84 118 120 154 156 190 192 226 228 262 264 298 300 334 336 370 372 406 408 442 444 478 480 514 516 550 552 586 588 622 624 658 660 694 696 730 732 766 768 802 804 838 840 874 876 910 912 946 948 982 984 1018 1020 1054 1056 #
LightZero MGTP Interface Ready
=1 LightZero_DarkChess

=2 1.0.0

=7 

=15 

=14 

=12 b1 b1

[debug] move action_id=319, action=((7, 1), (7, 1)), 
[debug] current_player=1 (B), 
[debug] board[(7, 1)]=3, board[(7, 1)]=3, 
[debug] board state:
[[15 15 15 15]
 [15 15 15 15]
 [15 15 15 15]
 [15 15 15 15]
 [15 15 15 15]
 [15 15 15 15]
 [15 15 15 15]
 [15  3 15 15]], 

=11 

=16 

[debug] move action_id=0, action=((0, 0), (0, 0)), 
[debug] current_player=0 (R), 
[debug] board[(0, 0)]=10, board[(0, 0)]=10, 
[debug] board state:
[[10 15 15 15]
 [15 15 15 15]
 [15 15 15 15]
 [15 15 15 15]
 [15 15 15 15]
 [15 15 15 15]
 [15 15 15 15]
 [15  3 15 15]], 

=11 

=16 

=12 c7 c7

[debug] move action_id=66, action=((1, 2), (1, 2)), 
[debug] current_player=1 (B), 
[debug] board[(1, 2)]=7, board[(1, 2)]=7, 
[debug] board state:
[[10 15 15 15]
 [15 15  7 15]
 [15 15 15 15]
 [15 15 15 15]
 [15 15 15 15]
 [15 15 15 15]
 [15 15 15 15]
 [15  3 15 15]], 

=11 

=16 

[debug] move action_id=11, action=((0, 1), (0, 1)), 
[debug] current_player=0 (R), 
[debug] board[(0, 1)]=9, board[(0, 1)]=9, 
[debug] board state:
[[10  9 15 15]
 [15 15  7 15]
 [15 15 15 15]
 [15 15 15 15]
 [15 15 15 15]
 [15 15 15 15]
 [15 15 15 15]
 [15  3 15 15]], 

=11 

=16 

=12 a6 a6

[debug] move action_id=88, action=((2, 0), (2, 0)), 
[debug] current_player=1 (B), 
[debug] board[(2, 0)]=2, board[(2, 0)]=2, 
[debug] board state:
[[10  9 15 15]
 [15 15  7 15]
 [ 2 15 15 15]
 [15 15 15 15]
 [15 15 15 15]
 [15 15 15 15]
 [15 15 15 15]
 [15  3 15 15]], 

=11 

=16 

[debug] move action_id=22, action=((0, 2), (0, 2)), 
[debug] current_player=0 (R), 
[debug] board[(0, 2)]=4, board[(0, 2)]=4, 
[debug] board state:
[[10  9  4 15]
 [15 15  7 15]
 [ 2 15 15 15]
 [15 15 15 15]
 [15 15 15 15]
 [15 15 15 15]
 [15 15 15 15]
 [15  3 15 15]], 

=11 

=16 

=12 a4 a4

[debug] move action_id=176, action=((4, 0), (4, 0)), 
[debug] current_player=1 (B), 
[debug] board[(4, 0)]=13, board[(4, 0)]=13, 
[debug] board state:
[[10  9  4 15]
 [15 15  7 15]
 [ 2 15 15 15]
 [15 15 15 15]
 [13 15 15 15]
 [15 15 15 15]
 [15 15 15 15]
 [15  3 15 15]], 

=11 

=16 

[debug] move action_id=20, action=((0, 1), (0, 2)), 
[debug] current_player=0 (R), 
[debug] board[(0, 1)]=14, board[(0, 2)]=9, 
[debug] board state:
[[10 14  9 15]
 [15 15  7 15]
 [ 2 15 15 15]
 [15 15 15 15]
 [13 15 15 15]
 [15 15 15 15]
 [15 15 15 15]
 [15  3 15 15]], 

=10 

=16 

=12 d7 d7

[debug] move action_id=77, action=((1, 3), (1, 3)), 
[debug] current_player=1 (B), 
[debug] board[(1, 3)]=13, board[(1, 3)]=13, 
[debug] board state:
[[10 14  9 15]
 [15 15  7 13]
 [ 2 15 15 15]
 [15 15 15 15]
 [13 15 15 15]
 [15 15 15 15]
 [15 15 15 15]
 [15  3 15 15]], 

=11 

=16 

[debug] move action_id=8, action=((0, 0), (0, 1)), 
[debug] current_player=0 (R), 
[debug] board[(0, 0)]=14, board[(0, 1)]=10, 
[debug] board state:
[[14 10  9 15]
 [15 15  7 13]
 [ 2 15 15 15]
 [15 15 15 15]
 [13 15 15 15]
 [15 15 15 15]
 [15 15 15 15]
 [15  3 15 15]], 

=10 

=16 

=12 a5 a5

[debug] move action_id=132, action=((3, 0), (3, 0)), 
[debug] current_player=1 (B), 
[debug] board[(3, 0)]=13, board[(3, 0)]=13, 
[debug] board state:
[[14 10  9 15]
 [15 15  7 13]
 [ 2 15 15 15]
 [13 15 15 15]
 [13 15 15 15]
 [15 15 15 15]
 [15 15 15 15]
 [15  3 15 15]], 

=11 

=16 

[debug] move action_id=19, action=((0, 1), (0, 0)), 
[debug] current_player=0 (R), 
[debug] board[(0, 1)]=14, board[(0, 0)]=10, 
[debug] board state:
[[10 14  9 15]
 [15 15  7 13]
 [ 2 15 15 15]
 [13 15 15 15]
 [13 15 15 15]
 [15 15 15 15]
 [15 15 15 15]
 [15  3 15 15]], 

=10 

=16 

=12 b5 b5

[debug] move action_id=143, action=((3, 1), (3, 1)), 
[debug] current_player=1 (B), 
[debug] board[(3, 1)]=3, board[(3, 1)]=3, 
[debug] board state:
[[10 14  9 15]
 [15 15  7 13]
 [ 2 15 15 15]
 [13  3 15 15]
 [13 15 15 15]
 [15 15 15 15]
 [15 15 15 15]
 [15  3 15 15]], 

=11 

=16 

[debug] move action_id=8, action=((0, 0), (0, 1)), 
[debug] current_player=0 (R), 
[debug] board[(0, 0)]=14, board[(0, 1)]=10, 
[debug] board state:
[[14 10  9 15]
 [15 15  7 13]
 [ 2 15 15 15]
 [13  3 15 15]
 [13 15 15 15]
 [15 15 15 15]
 [15 15 15 15]
 [15  3 15 15]], 

=10 

=16 

=12 c5 c5

[debug] move action_id=154, action=((3, 2), (3, 2)), 
[debug] current_player=1 (B), 
[debug] board[(3, 2)]=12, board[(3, 2)]=12, 
[debug] board state:
[[14 10  9 15]
 [15 15  7 13]
 [ 2 15 15 15]
 [13  3 12 15]
 [13 15 15 15]
 [15 15 15 15]
 [15 15 15 15]
 [15  3 15 15]], 

=11 

=16 

[debug] move action_id=19, action=((0, 1), (0, 0)), 
[debug] current_player=0 (R), 
[debug] board[(0, 1)]=14, board[(0, 0)]=10, 
[debug] board state:
[[10 14  9 15]
 [15 15  7 13]
 [ 2 15 15 15]
 [13  3 12 15]
 [13 15 15 15]
 [15 15 15 15]
 [15 15 15 15]
 [15  3 15 15]], 

=10 

=16 

=12 d8 d8

[debug] move action_id=33, action=((0, 3), (0, 3)), 
[debug] current_player=1 (B), 
[debug] board[(0, 3)]=11, board[(0, 3)]=11, 
[debug] board state:
[[10 14  9 11]
 [15 15  7 13]
 [ 2 15 15 15]
 [13  3 12 15]
 [13 15 15 15]
 [15 15 15 15]
 [15 15 15 15]
 [15  3 15 15]], 

=11 

=16 

[debug] move action_id=8, action=((0, 0), (0, 1)), 
[debug] current_player=0 (R), 
[debug] board[(0, 0)]=14, board[(0, 1)]=10, 
[debug] board state:
[[14 10  9 11]
 [15 15  7 13]
 [ 2 15 15 15]
 [13  3 12 15]
 [13 15 15 15]
 [15 15 15 15]
 [15 15 15 15]
 [15  3 15 15]], 

=10 

=16 

=12 d6 d6

[debug] move action_id=121, action=((2, 3), (2, 3)), 
[debug] current_player=1 (B), 
[debug] board[(2, 3)]=5, board[(2, 3)]=5, 
[debug] board state:
[[14 10  9 11]
 [15 15  7 13]
 [ 2 15 15  5]
 [13  3 12 15]
 [13 15 15 15]
 [15 15 15 15]
 [15 15 15 15]
 [15  3 15 15]], 

=11 

=16 

[debug] move action_id=19, action=((0, 1), (0, 0)), 
[debug] current_player=0 (R), 
[debug] board[(0, 1)]=14, board[(0, 0)]=10, 
[debug] board state:
[[10 14  9 11]
 [15 15  7 13]
 [ 2 15 15  5]
 [13  3 12 15]
 [13 15 15 15]
 [15 15 15 15]
 [15 15 15 15]
 [15  3 15 15]], 

=10 

=16 

=12 c2 c2

[debug] move action_id=286, action=((6, 2), (6, 2)), 
[debug] current_player=1 (B), 
[debug] board[(6, 2)]=6, board[(6, 2)]=6, 
[debug] board state:
[[10 14  9 11]
 [15 15  7 13]
 [ 2 15 15  5]
 [13  3 12 15]
 [13 15 15 15]
 [15 15 15 15]
 [15 15  6 15]
 [15  3 15 15]], 

=11 

=16 

[debug] move action_id=8, action=((0, 0), (0, 1)), 
[debug] current_player=0 (R), 
[debug] board[(0, 0)]=14, board[(0, 1)]=10, 
[debug] board state:
[[14 10  9 11]
 [15 15  7 13]
 [ 2 15 15  5]
 [13  3 12 15]
 [13 15 15 15]
 [15 15 15 15]
 [15 15  6 15]
 [15  3 15 15]], 

=10 

=16 

=12 c3 c3

[debug] move action_id=242, action=((5, 2), (5, 2)), 
[debug] current_player=1 (B), 
[debug] board[(5, 2)]=9, board[(5, 2)]=9, 
[debug] board state:
[[14 10  9 11]
 [15 15  7 13]
 [ 2 15 15  5]
 [13  3 12 15]
 [13 15 15 15]
 [15 15  9 15]
 [15 15  6 15]
 [15  3 15 15]], 

=11 

=16 

[debug] move action_id=19, action=((0, 1), (0, 0)), 
[debug] current_player=0 (R), 
[debug] board[(0, 1)]=14, board[(0, 0)]=10, 
[debug] board state:
[[10 14  9 11]
 [15 15  7 13]
 [ 2 15 15  5]
 [13  3 12 15]
 [13 15 15 15]
 [15 15  9 15]
 [15 15  6 15]
 [15  3 15 15]], 

=10 

=16 

=12 c1 c1

[debug] move action_id=330, action=((7, 2), (7, 2)), 
[debug] current_player=1 (B), 
[debug] board[(7, 2)]=0, board[(7, 2)]=0, 
[debug] board state:
[[10 14  9 11]
 [15 15  7 13]
 [ 2 15 15  5]
 [13  3 12 15]
 [13 15 15 15]
 [15 15  9 15]
 [15 15  6 15]
 [15  3  0 15]], 

=11 

=16 

[debug] move action_id=8, action=((0, 0), (0, 1)), 
[debug] current_player=0 (R), 
[debug] board[(0, 0)]=14, board[(0, 1)]=10, 
[debug] board state:
[[14 10  9 11]
 [15 15  7 13]
 [ 2 15 15  5]
 [13  3 12 15]
 [13 15 15 15]
 [15 15  9 15]
 [15 15  6 15]
 [15  3  0 15]], 

=10 

=16 

=12 d2 d2

[debug] move action_id=297, action=((6, 3), (6, 3)), 
[debug] current_player=1 (B), 
[debug] board[(6, 3)]=12, board[(6, 3)]=12, 
[debug] board state:
[[14 10  9 11]
 [15 15  7 13]
 [ 2 15 15  5]
 [13  3 12 15]
 [13 15 15 15]
 [15 15  9 15]
 [15 15  6 12]
 [15  3  0 15]], 

=11 

=16 

[debug] move action_id=19, action=((0, 1), (0, 0)), 
[debug] current_player=0 (R), 
[debug] board[(0, 1)]=14, board[(0, 0)]=10, 
[debug] board state:
[[10 14  9 11]
 [15 15  7 13]
 [ 2 15 15  5]
 [13  3 12 15]
 [13 15 15 15]
 [15 15  9 15]
 [15 15  6 12]
 [15  3  0 15]], 

=10 

=16 

=12 a3 a3

[debug] move action_id=220, action=((5, 0), (5, 0)), 
[debug] current_player=1 (B), 
[debug] board[(5, 0)]=1, board[(5, 0)]=1, 
[debug] board state:
[[10 14  9 11]
 [15 15  7 13]
 [ 2 15 15  5]
 [13  3 12 15]
 [13 15 15 15]
 [ 1 15  9 15]
 [15 15  6 12]
 [15  3  0 15]], 

=11 

=16 

[debug] move action_id=8, action=((0, 0), (0, 1)), 
[debug] current_player=0 (R), 
[debug] board[(0, 0)]=14, board[(0, 1)]=10, 
[debug] board state:
[[14 10  9 11]
 [15 15  7 13]
 [ 2 15 15  5]
 [13  3 12 15]
 [13 15 15 15]
 [ 1 15  9 15]
 [15 15  6 12]
 [15  3  0 15]], 

=10 

=16 

=12 b6 b6

[debug] move action_id=99, action=((2, 1), (2, 1)), 
[debug] current_player=1 (B), 
[debug] board[(2, 1)]=13, board[(2, 1)]=13, 
[debug] board state:
[[14 10  9 11]
 [15 15  7 13]
 [ 2 13 15  5]
 [13  3 12 15]
 [13 15 15 15]
 [ 1 15  9 15]
 [15 15  6 12]
 [15  3  0 15]], 

=11 

=16 

[debug] move action_id=19, action=((0, 1), (0, 0)), 
[debug] current_player=0 (R), 
[debug] board[(0, 1)]=14, board[(0, 0)]=10, 
[debug] board state:
[[10 14  9 11]
 [15 15  7 13]
 [ 2 13 15  5]
 [13  3 12 15]
 [13 15 15 15]
 [ 1 15  9 15]
 [15 15  6 12]
 [15  3  0 15]], 

=10 

=16 

=12 d1 d1

[debug] move action_id=341, action=((7, 3), (7, 3)), 
[debug] current_player=1 (B), 
[debug] board[(7, 3)]=6, board[(7, 3)]=6, 
[debug] board state:
[[10 14  9 11]
 [15 15  7 13]
 [ 2 13 15  5]
 [13  3 12 15]
 [13 15 15 15]
 [ 1 15  9 15]
 [15 15  6 12]
 [15  3  0  6]], 

=11 

=16 

[debug] move action_id=8, action=((0, 0), (0, 1)), 
[debug] current_player=0 (R), 
[debug] board[(0, 0)]=14, board[(0, 1)]=10, 
[debug] board state:
[[14 10  9 11]
 [15 15  7 13]
 [ 2 13 15  5]
 [13  3 12 15]
 [13 15 15 15]
 [ 1 15  9 15]
 [15 15  6 12]
 [15  3  0  6]], 

=10 

=16 

=12 d4 d4

[debug] move action_id=209, action=((4, 3), (4, 3)), 
[debug] current_player=1 (B), 
[debug] board[(4, 3)]=6, board[(4, 3)]=6, 
[debug] board state:
[[14 10  9 11]
 [15 15  7 13]
 [ 2 13 15  5]
 [13  3 12 15]
 [13 15 15  6]
 [ 1 15  9 15]
 [15 15  6 12]
 [15  3  0  6]], 

=11 

=16 

[debug] move action_id=19, action=((0, 1), (0, 0)), 
[debug] current_player=0 (R), 
[debug] board[(0, 1)]=14, board[(0, 0)]=10, 
[debug] board state:
[[10 14  9 11]
 [15 15  7 13]
 [ 2 13 15  5]
 [13  3 12 15]
 [13 15 15  6]
 [ 1 15  9 15]
 [15 15  6 12]
 [15  3  0  6]], 

=10 

=16 

=12 b2 b2

[debug] move action_id=275, action=((6, 1), (6, 1)), 
[debug] current_player=1 (B), 
[debug] board[(6, 1)]=6, board[(6, 1)]=6, 
[debug] board state:
[[10 14  9 11]
 [15 15  7 13]
 [ 2 13 15  5]
 [13  3 12 15]
 [13 15 15  6]
 [ 1 15  9 15]
 [15  6  6 12]
 [15  3  0  6]], 

=11 

=16 

[debug] move action_id=8, action=((0, 0), (0, 1)), 
[debug] current_player=0 (R), 
[debug] board[(0, 0)]=14, board[(0, 1)]=10, 
[debug] board state:
[[14 10  9 11]
 [15 15  7 13]
 [ 2 13 15  5]
 [13  3 12 15]
 [13 15 15  6]
 [ 1 15  9 15]
 [15  6  6 12]
 [15  3  0  6]], 

=10 

=16 

=12 a2 a2

[debug] move action_id=264, action=((6, 0), (6, 0)), 
[debug] current_player=1 (B), 
[debug] board[(6, 0)]=10, board[(6, 0)]=10, 
[debug] board state:
[[14 10  9 11]
 [15 15  7 13]
 [ 2 13 15  5]
 [13  3 12 15]
 [13 15 15  6]
 [ 1 15  9 15]
 [10  6  6 12]
 [15  3  0  6]], 

=11 

=16 

[debug] move action_id=19, action=((0, 1), (0, 0)), 
[debug] current_player=0 (R), 
[debug] board[(0, 1)]=14, board[(0, 0)]=10, 
[debug] board state:
[[10 14  9 11]
 [15 15  7 13]
 [ 2 13 15  5]
 [13  3 12 15]
 [13 15 15  6]
 [ 1 15  9 15]
 [10  6  6 12]
 [15  3  0  6]], 

=10 

=16 

=12 b3 b3

[debug] move action_id=231, action=((5, 1), (5, 1)), 
[debug] current_player=1 (B), 
[debug] board[(5, 1)]=1, board[(5, 1)]=1, 
[debug] board state:
[[10 14  9 11]
 [15 15  7 13]
 [ 2 13 15  5]
 [13  3 12 15]
 [13 15 15  6]
 [ 1  1  9 15]
 [10  6  6 12]
 [15  3  0  6]], 

=11 

=16 

[debug] move action_id=8, action=((0, 0), (0, 1)), 
[debug] current_player=0 (R), 
[debug] board[(0, 0)]=14, board[(0, 1)]=10, 
[debug] board state:
[[14 10  9 11]
 [15 15  7 13]
 [ 2 13 15  5]
 [13  3 12 15]
 [13 15 15  6]
 [ 1  1  9 15]
 [10  6  6 12]
 [15  3  0  6]], 

=10 

=16 

=12 b4 b4

[debug] move action_id=187, action=((4, 1), (4, 1)), 
[debug] current_player=1 (B), 
[debug] board[(4, 1)]=4, board[(4, 1)]=4, 
[debug] board state:
[[14 10  9 11]
 [15 15  7 13]
 [ 2 13 15  5]
 [13  3 12 15]
 [13  4 15  6]
 [ 1  1  9 15]
 [10  6  6 12]
 [15  3  0  6]], 

=11 

=16 

[debug] move action_id=19, action=((0, 1), (0, 0)), 
[debug] current_player=0 (R), 
[debug] board[(0, 1)]=14, board[(0, 0)]=10, 
[debug] board state:
[[10 14  9 11]
 [15 15  7 13]
 [ 2 13 15  5]
 [13  3 12 15]
 [13  4 15  6]
 [ 1  1  9 15]
 [10  6  6 12]
 [15  3  0  6]], 

=10 

=16 

=12 b3 c3

[debug] move action_id=240, action=((5, 1), (5, 2)), 
[debug] current_player=1 (B), 
[debug] board[(5, 1)]=14, board[(5, 2)]=1, 
[debug] board state:
[[10 14  9 11]
 [15 15  7 13]
 [ 2 13 15  5]
 [13  3 12 15]
 [13  4 15  6]
 [ 1 14  1 15]
 [10  6  6 12]
 [15  3  0  6]], 

=10 

=16 

[debug] move action_id=8, action=((0, 0), (0, 1)), 
[debug] current_player=0 (R), 
[debug] board[(0, 0)]=14, board[(0, 1)]=10, 
[debug] board state:
[[14 10  9 11]
 [15 15  7 13]
 [ 2 13 15  5]
 [13  3 12 15]
 [13  4 15  6]
 [ 1 14  1 15]
 [10  6  6 12]
 [15  3  0  6]], 

=10 

=16 

=12 b5 c5

[debug] move action_id=152, action=((3, 1), (3, 2)), 
[debug] current_player=1 (B), 
[debug] board[(3, 1)]=14, board[(3, 2)]=3, 
[debug] board state:
[[14 10  9 11]
 [15 15  7 13]
 [ 2 13 15  5]
 [13 14  3 15]
 [13  4 15  6]
 [ 1 14  1 15]
 [10  6  6 12]
 [15  3  0  6]], 

=10 

=16 

[debug] move action_id=19, action=((0, 1), (0, 0)), 
[debug] current_player=0 (R), 
[debug] board[(0, 1)]=14, board[(0, 0)]=10, 
[debug] board state:
[[10 14  9 11]
 [15 15  7 13]
 [ 2 13 15  5]
 [13 14  3 15]
 [13  4 15  6]
 [ 1 14  1 15]
 [10  6  6 12]
 [15  3  0  6]], 

=10 

=16 

=12 b4 b5

[debug] move action_id=147, action=((4, 1), (3, 1)), 
[debug] current_player=1 (B), 
[debug] board[(4, 1)]=14, board[(3, 1)]=4, 
[debug] board state:
[[10 14  9 11]
 [15 15  7 13]
 [ 2 13 15  5]
 [13  4  3 15]
 [13 14 15  6]
 [ 1 14  1 15]
 [10  6  6 12]
 [15  3  0  6]], 

=10 

=16 

[debug] move action_id=8, action=((0, 0), (0, 1)), 
[debug] current_player=0 (R), 
[debug] board[(0, 0)]=14, board[(0, 1)]=10, 
[debug] board state:
[[14 10  9 11]
 [15 15  7 13]
 [ 2 13 15  5]
 [13  4  3 15]
 [13 14 15  6]
 [ 1 14  1 15]
 [10  6  6 12]
 [15  3  0  6]], 

=10 

=16 

=12 b5 b4

[debug] move action_id=191, action=((3, 1), (4, 1)), 
[debug] current_player=1 (B), 
[debug] board[(3, 1)]=14, board[(4, 1)]=4, 
[debug] board state:
[[14 10  9 11]
 [15 15  7 13]
 [ 2 13 15  5]
 [13 14  3 15]
 [13  4 15  6]
 [ 1 14  1 15]
 [10  6  6 12]
 [15  3  0  6]], 

=10 

=16 

[debug] move action_id=19, action=((0, 1), (0, 0)), 
[debug] current_player=0 (R), 
[debug] board[(0, 1)]=14, board[(0, 0)]=10, 
[debug] board state:
[[10 14  9 11]
 [15 15  7 13]
 [ 2 13 15  5]
 [13 14  3 15]
 [13  4 15  6]
 [ 1 14  1 15]
 [10  6  6 12]
 [15  3  0  6]], 

=10 

=16 

=12 b4 b5

[debug] move action_id=147, action=((4, 1), (3, 1)), 
[debug] current_player=1 (B), 
[debug] board[(4, 1)]=14, board[(3, 1)]=4, 
[debug] board state:
[[10 14  9 11]
 [15 15  7 13]
 [ 2 13 15  5]
 [13  4  3 15]
 [13 14 15  6]
 [ 1 14  1 15]
 [10  6  6 12]
 [15  3  0  6]], 

=10 

=16 

[debug] move action_id=8, action=((0, 0), (0, 1)), 
[debug] current_player=0 (R), 
[debug] board[(0, 0)]=14, board[(0, 1)]=10, 
[debug] board state:
[[14 10  9 11]
 [15 15  7 13]
 [ 2 13 15  5]
 [13  4  3 15]
 [13 14 15  6]
 [ 1 14  1 15]
 [10  6  6 12]
 [15  3  0  6]], 

=10 

=16 

=12 b5 b4

[debug] move action_id=191, action=((3, 1), (4, 1)), 
[debug] current_player=1 (B), 
[debug] board[(3, 1)]=14, board[(4, 1)]=4, 
[debug] board state:
[[14 10  9 11]
 [15 15  7 13]
 [ 2 13 15  5]
 [13 14  3 15]
 [13  4 15  6]
 [ 1 14  1 15]
 [10  6  6 12]
 [15  3  0  6]], 

=10 

=16 

[debug] move action_id=19, action=((0, 1), (0, 0)), 
[debug] current_player=0 (R), 
[debug] board[(0, 1)]=14, board[(0, 0)]=10, 
[debug] board state:
[[10 14  9 11]
 [15 15  7 13]
 [ 2 13 15  5]
 [13 14  3 15]
 [13  4 15  6]
 [ 1 14  1 15]
 [10  6  6 12]
 [15  3  0  6]], 

=10 

=16 

=12 b4 b5

[debug] move action_id=147, action=((4, 1), (3, 1)), 
[debug] current_player=1 (B), 
[debug] board[(4, 1)]=14, board[(3, 1)]=4, 
[debug] board state:
[[10 14  9 11]
 [15 15  7 13]
 [ 2 13 15  5]
 [13  4  3 15]
 [13 14 15  6]
 [ 1 14  1 15]
 [10  6  6 12]
 [15  3  0  6]], 

=10 

=16 

[debug] move action_id=8, action=((0, 0), (0, 1)), 
[debug] current_player=0 (R), 
[debug] board[(0, 0)]=14, board[(0, 1)]=10, 
[debug] board state:
[[14 10  9 11]
 [15 15  7 13]
 [ 2 13 15  5]
 [13  4  3 15]
 [13 14 15  6]
 [ 1 14  1 15]
 [10  6  6 12]
 [15  3  0  6]], 

=10 

=16 

=12 b5 b4

[debug] move action_id=191, action=((3, 1), (4, 1)), 
[debug] current_player=1 (B), 
[debug] board[(3, 1)]=14, board[(4, 1)]=4, 
[debug] board state:
[[14 10  9 11]
 [15 15  7 13]
 [ 2 13 15  5]
 [13 14  3 15]
 [13  4 15  6]
 [ 1 14  1 15]
 [10  6  6 12]
 [15  3  0  6]], 

=10 

=16 


# 10 12 46 48 82 84 118 120 154 156 190 192 226 228 262 264 298 300 334 336 370 372 406 408 442 444 478 480 514 516 550 552 586 588 622 624 658 660 694 696 730 732 766 768 802 804 838 840 874 876 910 912 946 948 982 984 1018 1020 1054 1056 #
/home/ntcucsk201/anaconda3/envs/darkchess/lib/python3.10/site-packages/treevalue/tree/integration/torch.py:23: FutureWarning: `torch.utils._pytree._register_pytree_node` is deprecated. Please use `torch.utils._pytree.register_pytree_node` instead.
  register_for_torch(TreeValue)
/home/ntcucsk201/anaconda3/envs/darkchess/lib/python3.10/site-packages/treevalue/tree/integration/torch.py:24: FutureWarning: `torch.utils._pytree._register_pytree_node` is deprecated. Please use `torch.utils._pytree.register_pytree_node` instead.
  register_for_torch(FastTreeValue)
Gym has been unmaintained since 2022 and does not support NumPy 2.0 amongst other critical functionality.
Please upgrade to Gymnasium, the maintained drop-in replacement of Gym, or contact the authors of your software and request that they upgrade.
See the migration guide at https://gymnasium.farama.org/introduction/migration_guide/ for additional information.
[DEBUG] Config loaded successfully
/home/ntcucsk201/DarkChess/LightZero/zoo/board_games/darkchess/muzero_mgtp.py:38: FutureWarning: You are using `torch.load` with `weights_only=False` (the current default value), which uses the default pickle module implicitly. It is possible to construct malicious pickle data which will execute arbitrary code during unpickling (See https://github.com/pytorch/pytorch/blob/main/SECURITY.md#untrusted-models for more details). In a future release, the default value for `weights_only` will be flipped to `True`. This limits the functions that could be executed during unpickling. Arbitrary objects will no longer be allowed to be loaded via this mode unless they are explicitly allowlisted by the user via `torch.serialization.add_safe_globals`. We recommend you start setting `weights_only=True` for any use case where you don't have full control of the loaded file. Please open an issue on GitHub for any issues related to this experimental feature.
  checkpoint = torch.load(model_path, map_location='cpu')
[DEBUG] Model moved to device: cuda:0

###
Account: a0_mu
Mode: MGTP
Path: /home/ntcucsk201/anaconda3/envs/darkchess/bin/python
Arg: /home/ntcucsk201/DarkChess/LightZero/zoo/board_games/darkchess/muzero_mgtp.py -model_path /home/ntcucsk201/DarkChess/LightZero/zoo/board_games/darkchess/data_muzero/darkchess_muzero_ns1000_upc50_rer0.0_bs512/ckpt/ckpt_best.pth.tar -config_path /home/ntcucsk201/DarkChess/LightZero/zoo/board_games/darkchess/data_muzero/darkchess_muzero_ns1000_upc50_rer0.0_bs512/formatted_total_config.py
Name: LightZero_DarkChess
Version: 1.0.0
###
