INITIAL
* 10:38pm Feb 22, 2026
* a1_alphazero vs a0_mu
* 1 2 2 2 2 2 5 1 2 2 2 2 2 5
* X X X X
* X X X X
* X X X X
* X X X X
* X X X X
* X X X X
* X X X X
* X X X X
* first 0
* time 900
* 1. a8(P) b1(G)
* 2. b8(p) c7(N)
* 3. a8-b8 b5(n)
* 4. b8-a8 c6(c)
* 5. a8-b8 a7(P)
* 6. a7-a8 c5(p)
* 7. c8(k) d7(n)
* 8. b8-c8 a5(p)
* 9. a8-b8 d1(K)
* 10. b8-a8 a4(p)
* 11. a8-b8 c3(M)
* 12. b8-a8 c2(m)
* 13. a8-b8 d4(R)
* 14. b8-a8 a3(m)
* 15. a8-b8 b2(r)
* 16. b8-a8 d2(P)
* 17. a8-b8 c2-d2
* 18. b8-a8 b4(C)
* 19. a8-b8 c4(P)
* 20. b8-a8 a2(N)
* 21. a8-b8 d6(g)
* 22. b8-a8 d7-c7
* 23. a8-b8 b6(r)
* 24. b8-a8 a1(c)
* 25. a8-b8 b3(G)
* 26. b8-a8 b2-c2
* 27. a8-b8 a3-a2
* 28. b8-a8 a2-a3
* 29. a8-b8 a1-a2
* 30. b8-a8 a2-a1
* 31. a8-b8 a1-a2
* 32. b8-a8 a2-a1
* 33. a8-b8 a1-a2
* 34. b8-a8 a2-a1
* PositionRepetitionDraw,3,4 a1_alphazero Draw 0.500000,0.500000
* Comment 0 0
0. 1771771117889
1. 1771771117889
2. 1771771120077
3. 1771771120485
4. 1771771122483
5. 1771771122892
6. 1771771124889
7. 1771771125298
8. 1771771127295
9. 1771771127704
10. 1771771129700
11. 1771771130109
12. 1771771132107
13. 1771771132516
14. 1771771134561
15. 1771771134972
16. 1771771137016
17. 1771771137429
18. 1771771139471
19. 1771771139885
20. 1771771141926
21. 1771771142341
22. 1771771144381
23. 1771771144795
24. 1771771146835
25. 1771771147250
26. 1771771149291
27. 1771771149705
28. 1771771151746
29. 1771771152160
30. 1771771154200
31. 1771771154615
32. 1771771156655
33. 1771771157069
34. 1771771159060
35. 1771771159474
36. 1771771161517
37. 1771771161930
38. 1771771163971
39. 1771771164385
40. 1771771166427
41. 1771771166840
42. 1771771168882
43. 1771771169295
44. 1771771171338
45. 1771771171750
46. 1771771173793
47. 1771771174205
48. 1771771176149
49. 1771771176560
50. 1771771178502
51. 1771771178914
52. 1771771180855
53. 1771771181269
54. 1771771183207
55. 1771771183625
56. 1771771185561
57. 1771771185978
58. 1771771187964
59. 1771771188384
60. 1771771190368
61. 1771771190788
62. 1771771192771
63. 1771771193193
64. 1771771195173
65. 1771771195599
66. 1771771197578
67. 1771771198005
68. 1771771199982

# 10 27 29 63 65 99 101 135 137 171 173 207 209 243 245 279 281 315 317 351 353 387 389 423 425 459 461 495 497 531 533 567 569 603 605 639 641 675 677 711 713 747 749 783 785 819 821 855 857 891 893 927 929 963 965 999 1001 1035 1037 1071 1073 1107 1109 1143 1145 1179 1181 1215 1217 #
LightZero MGTP Interface Ready
=1 LightZero_DarkChess

=2 1.0.0

=7 

=15 

=14 

[debug] move action_id=0, action=((0, 0), (0, 0)), 
[debug] current_player=1 (B), 
[debug] board[(0, 0)]=6, board[(0, 0)]=6, 
[debug] board state:
[[ 6 15 15 15]
 [15 15 15 15]
 [15 15 15 15]
 [15 15 15 15]
 [15 15 15 15]
 [15 15 15 15]
 [15 15 15 15]
 [15 15 15 15]], 

=11 

=16 

=12 b1 b1

[debug] move action_id=319, action=((7, 1), (7, 1)), 
[debug] current_player=0 (R), 
[debug] board[(7, 1)]=1, board[(7, 1)]=1, 
[debug] board state:
[[ 6 15 15 15]
 [15 15 15 15]
 [15 15 15 15]
 [15 15 15 15]
 [15 15 15 15]
 [15 15 15 15]
 [15 15 15 15]
 [15  1 15 15]], 

=11 

=16 

[debug] move action_id=11, action=((0, 1), (0, 1)), 
[debug] current_player=1 (B), 
[debug] board[(0, 1)]=13, board[(0, 1)]=13, 
[debug] board state:
[[ 6 13 15 15]
 [15 15 15 15]
 [15 15 15 15]
 [15 15 15 15]
 [15 15 15 15]
 [15 15 15 15]
 [15 15 15 15]
 [15  1 15 15]], 

=11 

=16 

=12 c7 c7

[debug] move action_id=66, action=((1, 2), (1, 2)), 
[debug] current_player=0 (R), 
[debug] board[(1, 2)]=4, board[(1, 2)]=4, 
[debug] board state:
[[ 6 13 15 15]
 [15 15  4 15]
 [15 15 15 15]
 [15 15 15 15]
 [15 15 15 15]
 [15 15 15 15]
 [15 15 15 15]
 [15  1 15 15]], 

=11 

=16 

[debug] move action_id=8, action=((0, 0), (0, 1)), 
[debug] current_player=1 (B), 
[debug] board[(0, 0)]=14, board[(0, 1)]=6, 
[debug] board state:
[[14  6 15 15]
 [15 15  4 15]
 [15 15 15 15]
 [15 15 15 15]
 [15 15 15 15]
 [15 15 15 15]
 [15 15 15 15]
 [15  1 15 15]], 

=10 

=16 

=12 b5 b5

[debug] move action_id=143, action=((3, 1), (3, 1)), 
[debug] current_player=0 (R), 
[debug] board[(3, 1)]=11, board[(3, 1)]=11, 
[debug] board state:
[[14  6 15 15]
 [15 15  4 15]
 [15 15 15 15]
 [15 11 15 15]
 [15 15 15 15]
 [15 15 15 15]
 [15 15 15 15]
 [15  1 15 15]], 

=11 

=16 

[debug] move action_id=19, action=((0, 1), (0, 0)), 
[debug] current_player=1 (B), 
[debug] board[(0, 1)]=14, board[(0, 0)]=6, 
[debug] board state:
[[ 6 14 15 15]
 [15 15  4 15]
 [15 15 15 15]
 [15 11 15 15]
 [15 15 15 15]
 [15 15 15 15]
 [15 15 15 15]
 [15  1 15 15]], 

=10 

=16 

=12 c6 c6

[debug] move action_id=110, action=((2, 2), (2, 2)), 
[debug] current_player=0 (R), 
[debug] board[(2, 2)]=12, board[(2, 2)]=12, 
[debug] board state:
[[ 6 14 15 15]
 [15 15  4 15]
 [15 15 12 15]
 [15 11 15 15]
 [15 15 15 15]
 [15 15 15 15]
 [15 15 15 15]
 [15  1 15 15]], 

=11 

=16 

[debug] move action_id=8, action=((0, 0), (0, 1)), 
[debug] current_player=1 (B), 
[debug] board[(0, 0)]=14, board[(0, 1)]=6, 
[debug] board state:
[[14  6 15 15]
 [15 15  4 15]
 [15 15 12 15]
 [15 11 15 15]
 [15 15 15 15]
 [15 15 15 15]
 [15 15 15 15]
 [15  1 15 15]], 

=10 

=16 

=12 a7 a7

[debug] move action_id=44, action=((1, 0), (1, 0)), 
[debug] current_player=0 (R), 
[debug] board[(1, 0)]=6, board[(1, 0)]=6, 
[debug] board state:
[[14  6 15 15]
 [ 6 15  4 15]
 [15 15 12 15]
 [15 11 15 15]
 [15 15 15 15]
 [15 15 15 15]
 [15 15 15 15]
 [15  1 15 15]], 

=11 

=16 

[debug] move action_id=1, action=((1, 0), (0, 0)), 
[debug] current_player=1 (B), 
[debug] board[(1, 0)]=14, board[(0, 0)]=6, 
[debug] board state:
[[ 6  6 15 15]
 [14 15  4 15]
 [15 15 12 15]
 [15 11 15 15]
 [15 15 15 15]
 [15 15 15 15]
 [15 15 15 15]
 [15  1 15 15]], 

=10 

=16 

=12 c5 c5

[debug] move action_id=154, action=((3, 2), (3, 2)), 
[debug] current_player=0 (R), 
[debug] board[(3, 2)]=13, board[(3, 2)]=13, 
[debug] board state:
[[ 6  6 15 15]
 [14 15  4 15]
 [15 15 12 15]
 [15 11 13 15]
 [15 15 15 15]
 [15 15 15 15]
 [15 15 15 15]
 [15  1 15 15]], 

=11 

=16 

[debug] move action_id=22, action=((0, 2), (0, 2)), 
[debug] current_player=1 (B), 
[debug] board[(0, 2)]=7, board[(0, 2)]=7, 
[debug] board state:
[[ 6  6  7 15]
 [14 15  4 15]
 [15 15 12 15]
 [15 11 13 15]
 [15 15 15 15]
 [15 15 15 15]
 [15 15 15 15]
 [15  1 15 15]], 

=11 

=16 

=12 d7 d7

[debug] move action_id=77, action=((1, 3), (1, 3)), 
[debug] current_player=0 (R), 
[debug] board[(1, 3)]=11, board[(1, 3)]=11, 
[debug] board state:
[[ 6  6  7 15]
 [14 15  4 11]
 [15 15 12 15]
 [15 11 13 15]
 [15 15 15 15]
 [15 15 15 15]
 [15 15 15 15]
 [15  1 15 15]], 

=11 

=16 

[debug] move action_id=20, action=((0, 1), (0, 2)), 
[debug] current_player=1 (B), 
[debug] board[(0, 1)]=14, board[(0, 2)]=6, 
[debug] board state:
[[ 6 14  6 15]
 [14 15  4 11]
 [15 15 12 15]
 [15 11 13 15]
 [15 15 15 15]
 [15 15 15 15]
 [15 15 15 15]
 [15  1 15 15]], 

=10 

=16 

=12 a5 a5

[debug] move action_id=132, action=((3, 0), (3, 0)), 
[debug] current_player=0 (R), 
[debug] board[(3, 0)]=13, board[(3, 0)]=13, 
[debug] board state:
[[ 6 14  6 15]
 [14 15  4 11]
 [15 15 12 15]
 [13 11 13 15]
 [15 15 15 15]
 [15 15 15 15]
 [15 15 15 15]
 [15  1 15 15]], 

=11 

=16 

[debug] move action_id=8, action=((0, 0), (0, 1)), 
[debug] current_player=1 (B), 
[debug] board[(0, 0)]=14, board[(0, 1)]=6, 
[debug] board state:
[[14  6  6 15]
 [14 15  4 11]
 [15 15 12 15]
 [13 11 13 15]
 [15 15 15 15]
 [15 15 15 15]
 [15 15 15 15]
 [15  1 15 15]], 

=10 

=16 

=12 d1 d1

[debug] move action_id=341, action=((7, 3), (7, 3)), 
[debug] current_player=0 (R), 
[debug] board[(7, 3)]=0, board[(7, 3)]=0, 
[debug] board state:
[[14  6  6 15]
 [14 15  4 11]
 [15 15 12 15]
 [13 11 13 15]
 [15 15 15 15]
 [15 15 15 15]
 [15 15 15 15]
 [15  1 15  0]], 

=11 

=16 

[debug] move action_id=19, action=((0, 1), (0, 0)), 
[debug] current_player=1 (B), 
[debug] board[(0, 1)]=14, board[(0, 0)]=6, 
[debug] board state:
[[ 6 14  6 15]
 [14 15  4 11]
 [15 15 12 15]
 [13 11 13 15]
 [15 15 15 15]
 [15 15 15 15]
 [15 15 15 15]
 [15  1 15  0]], 

=10 

=16 

=12 a4 a4

[debug] move action_id=176, action=((4, 0), (4, 0)), 
[debug] current_player=0 (R), 
[debug] board[(4, 0)]=13, board[(4, 0)]=13, 
[debug] board state:
[[ 6 14  6 15]
 [14 15  4 11]
 [15 15 12 15]
 [13 11 13 15]
 [13 15 15 15]
 [15 15 15 15]
 [15 15 15 15]
 [15  1 15  0]], 

=11 

=16 

[debug] move action_id=8, action=((0, 0), (0, 1)), 
[debug] current_player=1 (B), 
[debug] board[(0, 0)]=14, board[(0, 1)]=6, 
[debug] board state:
[[14  6  6 15]
 [14 15  4 11]
 [15 15 12 15]
 [13 11 13 15]
 [13 15 15 15]
 [15 15 15 15]
 [15 15 15 15]
 [15  1 15  0]], 

=10 

=16 

=12 c3 c3

[debug] move action_id=242, action=((5, 2), (5, 2)), 
[debug] current_player=0 (R), 
[debug] board[(5, 2)]=2, board[(5, 2)]=2, 
[debug] board state:
[[14  6  6 15]
 [14 15  4 11]
 [15 15 12 15]
 [13 11 13 15]
 [13 15 15 15]
 [15 15  2 15]
 [15 15 15 15]
 [15  1 15  0]], 

=11 

=16 

[debug] move action_id=19, action=((0, 1), (0, 0)), 
[debug] current_player=1 (B), 
[debug] board[(0, 1)]=14, board[(0, 0)]=6, 
[debug] board state:
[[ 6 14  6 15]
 [14 15  4 11]
 [15 15 12 15]
 [13 11 13 15]
 [13 15 15 15]
 [15 15  2 15]
 [15 15 15 15]
 [15  1 15  0]], 

=10 

=16 

=12 c2 c2

[debug] move action_id=286, action=((6, 2), (6, 2)), 
[debug] current_player=0 (R), 
[debug] board[(6, 2)]=9, board[(6, 2)]=9, 
[debug] board state:
[[ 6 14  6 15]
 [14 15  4 11]
 [15 15 12 15]
 [13 11 13 15]
 [13 15 15 15]
 [15 15  2 15]
 [15 15  9 15]
 [15  1 15  0]], 

=11 

=16 

[debug] move action_id=8, action=((0, 0), (0, 1)), 
[debug] current_player=1 (B), 
[debug] board[(0, 0)]=14, board[(0, 1)]=6, 
[debug] board state:
[[14  6  6 15]
 [14 15  4 11]
 [15 15 12 15]
 [13 11 13 15]
 [13 15 15 15]
 [15 15  2 15]
 [15 15  9 15]
 [15  1 15  0]], 

=10 

=16 

=12 d4 d4

[debug] move action_id=209, action=((4, 3), (4, 3)), 
[debug] current_player=0 (R), 
[debug] board[(4, 3)]=3, board[(4, 3)]=3, 
[debug] board state:
[[14  6  6 15]
 [14 15  4 11]
 [15 15 12 15]
 [13 11 13 15]
 [13 15 15  3]
 [15 15  2 15]
 [15 15  9 15]
 [15  1 15  0]], 

=11 

=16 

[debug] move action_id=19, action=((0, 1), (0, 0)), 
[debug] current_player=1 (B), 
[debug] board[(0, 1)]=14, board[(0, 0)]=6, 
[debug] board state:
[[ 6 14  6 15]
 [14 15  4 11]
 [15 15 12 15]
 [13 11 13 15]
 [13 15 15  3]
 [15 15  2 15]
 [15 15  9 15]
 [15  1 15  0]], 

=10 

=16 

=12 a3 a3

[debug] move action_id=220, action=((5, 0), (5, 0)), 
[debug] current_player=0 (R), 
[debug] board[(5, 0)]=9, board[(5, 0)]=9, 
[debug] board state:
[[ 6 14  6 15]
 [14 15  4 11]
 [15 15 12 15]
 [13 11 13 15]
 [13 15 15  3]
 [ 9 15  2 15]
 [15 15  9 15]
 [15  1 15  0]], 

=11 

=16 

[debug] move action_id=8, action=((0, 0), (0, 1)), 
[debug] current_player=1 (B), 
[debug] board[(0, 0)]=14, board[(0, 1)]=6, 
[debug] board state:
[[14  6  6 15]
 [14 15  4 11]
 [15 15 12 15]
 [13 11 13 15]
 [13 15 15  3]
 [ 9 15  2 15]
 [15 15  9 15]
 [15  1 15  0]], 

=10 

=16 

=12 b2 b2

[debug] move action_id=275, action=((6, 1), (6, 1)), 
[debug] current_player=0 (R), 
[debug] board[(6, 1)]=10, board[(6, 1)]=10, 
[debug] board state:
[[14  6  6 15]
 [14 15  4 11]
 [15 15 12 15]
 [13 11 13 15]
 [13 15 15  3]
 [ 9 15  2 15]
 [15 10  9 15]
 [15  1 15  0]], 

=11 

=16 

[debug] move action_id=19, action=((0, 1), (0, 0)), 
[debug] current_player=1 (B), 
[debug] board[(0, 1)]=14, board[(0, 0)]=6, 
[debug] board state:
[[ 6 14  6 15]
 [14 15  4 11]
 [15 15 12 15]
 [13 11 13 15]
 [13 15 15  3]
 [ 9 15  2 15]
 [15 10  9 15]
 [15  1 15  0]], 

=10 

=16 

=12 d2 d2

[debug] move action_id=297, action=((6, 3), (6, 3)), 
[debug] current_player=0 (R), 
[debug] board[(6, 3)]=6, board[(6, 3)]=6, 
[debug] board state:
[[ 6 14  6 15]
 [14 15  4 11]
 [15 15 12 15]
 [13 11 13 15]
 [13 15 15  3]
 [ 9 15  2 15]
 [15 10  9  6]
 [15  1 15  0]], 

=11 

=16 

[debug] move action_id=8, action=((0, 0), (0, 1)), 
[debug] current_player=1 (B), 
[debug] board[(0, 0)]=14, board[(0, 1)]=6, 
[debug] board state:
[[14  6  6 15]
 [14 15  4 11]
 [15 15 12 15]
 [13 11 13 15]
 [13 15 15  3]
 [ 9 15  2 15]
 [15 10  9  6]
 [15  1 15  0]], 

=10 

=16 

=12 c2 d2

[debug] move action_id=296, action=((6, 2), (6, 3)), 
[debug] current_player=0 (R), 
[debug] board[(6, 2)]=14, board[(6, 3)]=9, 
[debug] board state:
[[14  6  6 15]
 [14 15  4 11]
 [15 15 12 15]
 [13 11 13 15]
 [13 15 15  3]
 [ 9 15  2 15]
 [15 10 14  9]
 [15  1 15  0]], 

=10 

=16 

[debug] move action_id=19, action=((0, 1), (0, 0)), 
[debug] current_player=1 (B), 
[debug] board[(0, 1)]=14, board[(0, 0)]=6, 
[debug] board state:
[[ 6 14  6 15]
 [14 15  4 11]
 [15 15 12 15]
 [13 11 13 15]
 [13 15 15  3]
 [ 9 15  2 15]
 [15 10 14  9]
 [15  1 15  0]], 

=10 

=16 

=12 b4 b4

[debug] move action_id=187, action=((4, 1), (4, 1)), 
[debug] current_player=0 (R), 
[debug] board[(4, 1)]=5, board[(4, 1)]=5, 
[debug] board state:
[[ 6 14  6 15]
 [14 15  4 11]
 [15 15 12 15]
 [13 11 13 15]
 [13  5 15  3]
 [ 9 15  2 15]
 [15 10 14  9]
 [15  1 15  0]], 

=11 

=16 

[debug] move action_id=8, action=((0, 0), (0, 1)), 
[debug] current_player=1 (B), 
[debug] board[(0, 0)]=14, board[(0, 1)]=6, 
[debug] board state:
[[14  6  6 15]
 [14 15  4 11]
 [15 15 12 15]
 [13 11 13 15]
 [13  5 15  3]
 [ 9 15  2 15]
 [15 10 14  9]
 [15  1 15  0]], 

=10 

=16 

=12 c4 c4

[debug] move action_id=198, action=((4, 2), (4, 2)), 
[debug] current_player=0 (R), 
[debug] board[(4, 2)]=6, board[(4, 2)]=6, 
[debug] board state:
[[14  6  6 15]
 [14 15  4 11]
 [15 15 12 15]
 [13 11 13 15]
 [13  5  6  3]
 [ 9 15  2 15]
 [15 10 14  9]
 [15  1 15  0]], 

=11 

=16 

[debug] move action_id=19, action=((0, 1), (0, 0)), 
[debug] current_player=1 (B), 
[debug] board[(0, 1)]=14, board[(0, 0)]=6, 
[debug] board state:
[[ 6 14  6 15]
 [14 15  4 11]
 [15 15 12 15]
 [13 11 13 15]
 [13  5  6  3]
 [ 9 15  2 15]
 [15 10 14  9]
 [15  1 15  0]], 

=10 

=16 

=12 a2 a2

[debug] move action_id=264, action=((6, 0), (6, 0)), 
[debug] current_player=0 (R), 
[debug] board[(6, 0)]=4, board[(6, 0)]=4, 
[debug] board state:
[[ 6 14  6 15]
 [14 15  4 11]
 [15 15 12 15]
 [13 11 13 15]
 [13  5  6  3]
 [ 9 15  2 15]
 [ 4 10 14  9]
 [15  1 15  0]], 

=11 

=16 

[debug] move action_id=8, action=((0, 0), (0, 1)), 
[debug] current_player=1 (B), 
[debug] board[(0, 0)]=14, board[(0, 1)]=6, 
[debug] board state:
[[14  6  6 15]
 [14 15  4 11]
 [15 15 12 15]
 [13 11 13 15]
 [13  5  6  3]
 [ 9 15  2 15]
 [ 4 10 14  9]
 [15  1 15  0]], 

=10 

=16 

=12 d6 d6

[debug] move action_id=121, action=((2, 3), (2, 3)), 
[debug] current_player=0 (R), 
[debug] board[(2, 3)]=8, board[(2, 3)]=8, 
[debug] board state:
[[14  6  6 15]
 [14 15  4 11]
 [15 15 12  8]
 [13 11 13 15]
 [13  5  6  3]
 [ 9 15  2 15]
 [ 4 10 14  9]
 [15  1 15  0]], 

=11 

=16 

[debug] move action_id=19, action=((0, 1), (0, 0)), 
[debug] current_player=1 (B), 
[debug] board[(0, 1)]=14, board[(0, 0)]=6, 
[debug] board state:
[[ 6 14  6 15]
 [14 15  4 11]
 [15 15 12  8]
 [13 11 13 15]
 [13  5  6  3]
 [ 9 15  2 15]
 [ 4 10 14  9]
 [15  1 15  0]], 

=10 

=16 

=12 d7 c7

[debug] move action_id=87, action=((1, 3), (1, 2)), 
[debug] current_player=0 (R), 
[debug] board[(1, 3)]=14, board[(1, 2)]=11, 
[debug] board state:
[[ 6 14  6 15]
 [14 15 11 14]
 [15 15 12  8]
 [13 11 13 15]
 [13  5  6  3]
 [ 9 15  2 15]
 [ 4 10 14  9]
 [15  1 15  0]], 

=10 

=16 

[debug] move action_id=8, action=((0, 0), (0, 1)), 
[debug] current_player=1 (B), 
[debug] board[(0, 0)]=14, board[(0, 1)]=6, 
[debug] board state:
[[14  6  6 15]
 [14 15 11 14]
 [15 15 12  8]
 [13 11 13 15]
 [13  5  6  3]
 [ 9 15  2 15]
 [ 4 10 14  9]
 [15  1 15  0]], 

=10 

=16 

=12 b6 b6

[debug] move action_id=99, action=((2, 1), (2, 1)), 
[debug] current_player=0 (R), 
[debug] board[(2, 1)]=10, board[(2, 1)]=10, 
[debug] board state:
[[14  6  6 15]
 [14 15 11 14]
 [15 10 12  8]
 [13 11 13 15]
 [13  5  6  3]
 [ 9 15  2 15]
 [ 4 10 14  9]
 [15  1 15  0]], 

=11 

=16 

[debug] move action_id=19, action=((0, 1), (0, 0)), 
[debug] current_player=1 (B), 
[debug] board[(0, 1)]=14, board[(0, 0)]=6, 
[debug] board state:
[[ 6 14  6 15]
 [14 15 11 14]
 [15 10 12  8]
 [13 11 13 15]
 [13  5  6  3]
 [ 9 15  2 15]
 [ 4 10 14  9]
 [15  1 15  0]], 

=10 

=16 

=12 a1 a1

[debug] move action_id=308, action=((7, 0), (7, 0)), 
[debug] current_player=0 (R), 
[debug] board[(7, 0)]=12, board[(7, 0)]=12, 
[debug] board state:
[[ 6 14  6 15]
 [14 15 11 14]
 [15 10 12  8]
 [13 11 13 15]
 [13  5  6  3]
 [ 9 15  2 15]
 [ 4 10 14  9]
 [12  1 15  0]], 

=11 

=16 

[debug] move action_id=8, action=((0, 0), (0, 1)), 
[debug] current_player=1 (B), 
[debug] board[(0, 0)]=14, board[(0, 1)]=6, 
[debug] board state:
[[14  6  6 15]
 [14 15 11 14]
 [15 10 12  8]
 [13 11 13 15]
 [13  5  6  3]
 [ 9 15  2 15]
 [ 4 10 14  9]
 [12  1 15  0]], 

=10 

=16 

=12 b3 b3

[debug] move action_id=231, action=((5, 1), (5, 1)), 
[debug] current_player=0 (R), 
[debug] board[(5, 1)]=1, board[(5, 1)]=1, 
[debug] board state:
[[14  6  6 15]
 [14 15 11 14]
 [15 10 12  8]
 [13 11 13 15]
 [13  5  6  3]
 [ 9  1  2 15]
 [ 4 10 14  9]
 [12  1 15  0]], 

=11 

=16 

[debug] move action_id=19, action=((0, 1), (0, 0)), 
[debug] current_player=1 (B), 
[debug] board[(0, 1)]=14, board[(0, 0)]=6, 
[debug] board state:
[[ 6 14  6 15]
 [14 15 11 14]
 [15 10 12  8]
 [13 11 13 15]
 [13  5  6  3]
 [ 9  1  2 15]
 [ 4 10 14  9]
 [12  1 15  0]], 

=10 

=16 

=12 b2 c2

[debug] move action_id=284, action=((6, 1), (6, 2)), 
[debug] current_player=0 (R), 
[debug] board[(6, 1)]=14, board[(6, 2)]=10, 
[debug] board state:
[[ 6 14  6 15]
 [14 15 11 14]
 [15 10 12  8]
 [13 11 13 15]
 [13  5  6  3]
 [ 9  1  2 15]
 [ 4 14 10  9]
 [12  1 15  0]], 

=10 

=16 

[debug] move action_id=8, action=((0, 0), (0, 1)), 
[debug] current_player=1 (B), 
[debug] board[(0, 0)]=14, board[(0, 1)]=6, 
[debug] board state:
[[14  6  6 15]
 [14 15 11 14]
 [15 10 12  8]
 [13 11 13 15]
 [13  5  6  3]
 [ 9  1  2 15]
 [ 4 14 10  9]
 [12  1 15  0]], 

=10 

=16 

=12 a3 a2

[debug] move action_id=270, action=((5, 0), (6, 0)), 
[debug] current_player=0 (R), 
[debug] board[(5, 0)]=14, board[(6, 0)]=9, 
[debug] board state:
[[14  6  6 15]
 [14 15 11 14]
 [15 10 12  8]
 [13 11 13 15]
 [13  5  6  3]
 [14  1  2 15]
 [ 9 14 10  9]
 [12  1 15  0]], 

=10 

=16 

[debug] move action_id=19, action=((0, 1), (0, 0)), 
[debug] current_player=1 (B), 
[debug] board[(0, 1)]=14, board[(0, 0)]=6, 
[debug] board state:
[[ 6 14  6 15]
 [14 15 11 14]
 [15 10 12  8]
 [13 11 13 15]
 [13  5  6  3]
 [14  1  2 15]
 [ 9 14 10  9]
 [12  1 15  0]], 

=10 

=16 

=12 a2 a3

[debug] move action_id=226, action=((6, 0), (5, 0)), 
[debug] current_player=0 (R), 
[debug] board[(6, 0)]=14, board[(5, 0)]=9, 
[debug] board state:
[[ 6 14  6 15]
 [14 15 11 14]
 [15 10 12  8]
 [13 11 13 15]
 [13  5  6  3]
 [ 9  1  2 15]
 [14 14 10  9]
 [12  1 15  0]], 

=10 

=16 

[debug] move action_id=8, action=((0, 0), (0, 1)), 
[debug] current_player=1 (B), 
[debug] board[(0, 0)]=14, board[(0, 1)]=6, 
[debug] board state:
[[14  6  6 15]
 [14 15 11 14]
 [15 10 12  8]
 [13 11 13 15]
 [13  5  6  3]
 [ 9  1  2 15]
 [14 14 10  9]
 [12  1 15  0]], 

=10 

=16 

=12 a1 a2

[debug] move action_id=271, action=((7, 0), (6, 0)), 
[debug] current_player=0 (R), 
[debug] board[(7, 0)]=14, board[(6, 0)]=12, 
[debug] board state:
[[14  6  6 15]
 [14 15 11 14]
 [15 10 12  8]
 [13 11 13 15]
 [13  5  6  3]
 [ 9  1  2 15]
 [12 14 10  9]
 [14  1 15  0]], 

=10 

=16 

[debug] move action_id=19, action=((0, 1), (0, 0)), 
[debug] current_player=1 (B), 
[debug] board[(0, 1)]=14, board[(0, 0)]=6, 
[debug] board state:
[[ 6 14  6 15]
 [14 15 11 14]
 [15 10 12  8]
 [13 11 13 15]
 [13  5  6  3]
 [ 9  1  2 15]
 [12 14 10  9]
 [14  1 15  0]], 

=10 

=16 

=12 a2 a1

[debug] move action_id=315, action=((6, 0), (7, 0)), 
[debug] current_player=0 (R), 
[debug] board[(6, 0)]=14, board[(7, 0)]=12, 
[debug] board state:
[[ 6 14  6 15]
 [14 15 11 14]
 [15 10 12  8]
 [13 11 13 15]
 [13  5  6  3]
 [ 9  1  2 15]
 [14 14 10  9]
 [12  1 15  0]], 

=10 

=16 

[debug] move action_id=8, action=((0, 0), (0, 1)), 
[debug] current_player=1 (B), 
[debug] board[(0, 0)]=14, board[(0, 1)]=6, 
[debug] board state:
[[14  6  6 15]
 [14 15 11 14]
 [15 10 12  8]
 [13 11 13 15]
 [13  5  6  3]
 [ 9  1  2 15]
 [14 14 10  9]
 [12  1 15  0]], 

=10 

=16 

=12 a1 a2

[debug] move action_id=271, action=((7, 0), (6, 0)), 
[debug] current_player=0 (R), 
[debug] board[(7, 0)]=14, board[(6, 0)]=12, 
[debug] board state:
[[14  6  6 15]
 [14 15 11 14]
 [15 10 12  8]
 [13 11 13 15]
 [13  5  6  3]
 [ 9  1  2 15]
 [12 14 10  9]
 [14  1 15  0]], 

=10 

=16 

[debug] move action_id=19, action=((0, 1), (0, 0)), 
[debug] current_player=1 (B), 
[debug] board[(0, 1)]=14, board[(0, 0)]=6, 
[debug] board state:
[[ 6 14  6 15]
 [14 15 11 14]
 [15 10 12  8]
 [13 11 13 15]
 [13  5  6  3]
 [ 9  1  2 15]
 [12 14 10  9]
 [14  1 15  0]], 

=10 

=16 

=12 a2 a1

[debug] move action_id=315, action=((6, 0), (7, 0)), 
[debug] current_player=0 (R), 
[debug] board[(6, 0)]=14, board[(7, 0)]=12, 
[debug] board state:
[[ 6 14  6 15]
 [14 15 11 14]
 [15 10 12  8]
 [13 11 13 15]
 [13  5  6  3]
 [ 9  1  2 15]
 [14 14 10  9]
 [12  1 15  0]], 

=10 

=16 

[debug] move action_id=8, action=((0, 0), (0, 1)), 
[debug] current_player=1 (B), 
[debug] board[(0, 0)]=14, board[(0, 1)]=6, 
[debug] board state:
[[14  6  6 15]
 [14 15 11 14]
 [15 10 12  8]
 [13 11 13 15]
 [13  5  6  3]
 [ 9  1  2 15]
 [14 14 10  9]
 [12  1 15  0]], 

=10 

=16 

=12 a1 a2

[debug] move action_id=271, action=((7, 0), (6, 0)), 
[debug] current_player=0 (R), 
[debug] board[(7, 0)]=14, board[(6, 0)]=12, 
[debug] board state:
[[14  6  6 15]
 [14 15 11 14]
 [15 10 12  8]
 [13 11 13 15]
 [13  5  6  3]
 [ 9  1  2 15]
 [12 14 10  9]
 [14  1 15  0]], 

=10 

=16 

[debug] move action_id=19, action=((0, 1), (0, 0)), 
[debug] current_player=1 (B), 
[debug] board[(0, 1)]=14, board[(0, 0)]=6, 
[debug] board state:
[[ 6 14  6 15]
 [14 15 11 14]
 [15 10 12  8]
 [13 11 13 15]
 [13  5  6  3]
 [ 9  1  2 15]
 [12 14 10  9]
 [14  1 15  0]], 

=10 

=16 

=12 a2 a1

[debug] move action_id=315, action=((6, 0), (7, 0)), 
[debug] current_player=0 (R), 
[debug] board[(6, 0)]=14, board[(7, 0)]=12, 
[debug] board state:
[[ 6 14  6 15]
 [14 15 11 14]
 [15 10 12  8]
 [13 11 13 15]
 [13  5  6  3]
 [ 9  1  2 15]
 [14 14 10  9]
 [12  1 15  0]], 

=10 

=16 


# 10 27 29 63 65 99 101 135 137 171 173 207 209 243 245 279 281 315 317 351 353 387 389 423 425 459 461 495 497 531 533 567 569 603 605 639 641 675 677 711 713 747 749 783 785 819 821 855 857 891 893 927 929 963 965 999 1001 1035 1037 1071 1073 1107 1109 1143 1145 1179 1181 1215 1217 #
/home/ntcucsk201/anaconda3/envs/darkchess/lib/python3.10/site-packages/treevalue/tree/integration/torch.py:23: FutureWarning: `torch.utils._pytree._register_pytree_node` is deprecated. Please use `torch.utils._pytree.register_pytree_node` instead.
  register_for_torch(TreeValue)
/home/ntcucsk201/anaconda3/envs/darkchess/lib/python3.10/site-packages/treevalue/tree/integration/torch.py:24: FutureWarning: `torch.utils._pytree._register_pytree_node` is deprecated. Please use `torch.utils._pytree.register_pytree_node` instead.
  register_for_torch(FastTreeValue)
Gym has been unmaintained since 2022 and does not support NumPy 2.0 amongst other critical functionality.
Please upgrade to Gymnasium, the maintained drop-in replacement of Gym, or contact the authors of your software and request that they upgrade.
See the migration guide at https://gymnasium.farama.org/introduction/migration_guide/ for additional information.
[DEBUG] Config loaded successfully
/home/ntcucsk201/DarkChess/LightZero/zoo/board_games/darkchess/muzero_mgtp.py:38: FutureWarning: You are using `torch.load` with `weights_only=False` (the current default value), which uses the default pickle module implicitly. It is possible to construct malicious pickle data which will execute arbitrary code during unpickling (See https://github.com/pytorch/pytorch/blob/main/SECURITY.md#untrusted-models for more details). In a future release, the default value for `weights_only` will be flipped to `True`. This limits the functions that could be executed during unpickling. Arbitrary objects will no longer be allowed to be loaded via this mode unless they are explicitly allowlisted by the user via `torch.serialization.add_safe_globals`. We recommend you start setting `weights_only=True` for any use case where you don't have full control of the loaded file. Please open an issue on GitHub for any issues related to this experimental feature.
  checkpoint = torch.load(model_path, map_location='cpu')
[DEBUG] Model moved to device: cuda:0

###
Account: a0_mu
Mode: MGTP
Path: /home/ntcucsk201/anaconda3/envs/darkchess/bin/python
Arg: /home/ntcucsk201/DarkChess/LightZero/zoo/board_games/darkchess/muzero_mgtp.py -model_path /home/ntcucsk201/DarkChess/LightZero/zoo/board_games/darkchess/data_muzero/darkchess_muzero_ns1000_upc50_rer0.0_bs512/ckpt/ckpt_best.pth.tar -config_path /home/ntcucsk201/DarkChess/LightZero/zoo/board_games/darkchess/data_muzero/darkchess_muzero_ns1000_upc50_rer0.0_bs512/formatted_total_config.py
Name: LightZero_DarkChess
Version: 1.0.0
###
