INITIAL
* 10:52pm Feb 22, 2026
* a0_mu vs a1_alphazero
* 1 2 2 2 2 2 5 1 2 2 2 2 2 5
* X X X X
* X X X X
* X X X X
* X X X X
* X X X X
* X X X X
* X X X X
* X X X X
* first 0
* time 900
* 1. b1(R) a8(g)
* 2. c7(P) b8(M)
* 3. a6(r) a8-b8
* 4. c6(n) b8-a8
* 5. a5(P) a8-b8
* 6. d8(c) b8-a8
* 7. a3(p) a8-b8
* 8. c3(m) b8-a8
* 9. d1(P) a8-b8
* 10. d2(N) b8-a8
* 11. d6(G) a8-b8
* 12. b6(G) b8-a8
* 13. a4(n) a8-b8
* 14. d4(N) b8-a8
* 15. c8(C) a8-b8
* 16. b3(r) b8-a8
* 17. b2(p) a8-b8
* 18. c2(m) b8-a8
* 19. a7(c) a8-b8
* 20. c5(R) a7-a8
* 21. d7(P) a8-c8
* 22. c4(p) b8-a8
* 23. b7(M) a8-b8
* 24. b4(p) b8-a8
* 25. b7-a7 a8-b8
* 26. a7-b7 b8-a8
* 27. b7-a7 a8-b8
* 28. a7-b7 b8-a8
* 29. b7-a7 a8-b8
* 30. a7-b7
* PositionRepetitionDraw,3,4 a0_mu Draw 0.500000,0.500000
* Comment 0 0
0. 1771771943278
1. 1771771943278
2. 1771771943862
3. 1771771945773
4. 1771771946166
5. 1771771948078
6. 1771771948471
7. 1771771950383
8. 1771771950777
9. 1771771952689
10. 1771771953083
11. 1771771954993
12. 1771771955387
13. 1771771957298
14. 1771771957693
15. 1771771959603
16. 1771771959996
17. 1771771961908
18. 1771771962350
19. 1771771964263
20. 1771771964705
21. 1771771966668
22. 1771771967110
23. 1771771969072
24. 1771771969465
25. 1771771971427
26. 1771771971821
27. 1771771973732
28. 1771771974127
29. 1771771976086
30. 1771771976483
31. 1771771978441
32. 1771771978839
33. 1771771980795
34. 1771771981194
35. 1771771983150
36. 1771771983551
37. 1771771985505
38. 1771771985907
39. 1771771987860
40. 1771771988262
41. 1771771990215
42. 1771771990618
43. 1771771992519
44. 1771771992924
45. 1771771994874
46. 1771771995279
47. 1771771997229
48. 1771771997635
49. 1771771999585
50. 1771771999990
51. 1771772001939
52. 1771772002295
53. 1771772004244
54. 1771772004600
55. 1771772006549
56. 1771772006905
57. 1771772008856
58. 1771772009209
59. 1771772011160

# 10 12 46 48 82 84 118 120 154 156 190 192 226 228 262 264 298 300 334 336 370 372 406 408 442 444 478 480 514 516 550 552 586 588 622 624 658 660 694 696 730 732 766 768 802 804 838 840 874 876 910 912 946 948 982 984 1018 1020 1054 1056 #
LightZero MGTP Interface Ready
=1 LightZero_DarkChess

=2 1.0.0

=7 

=15 

=14 

=12 b1 b1

[debug] move action_id=319, action=((7, 1), (7, 1)), 
[debug] current_player=1 (B), 
[debug] board[(7, 1)]=3, board[(7, 1)]=3, 
[debug] board state:
[[15 15 15 15]
 [15 15 15 15]
 [15 15 15 15]
 [15 15 15 15]
 [15 15 15 15]
 [15 15 15 15]
 [15 15 15 15]
 [15  3 15 15]], 

=11 

=16 

[debug] move action_id=0, action=((0, 0), (0, 0)), 
[debug] current_player=0 (R), 
[debug] board[(0, 0)]=8, board[(0, 0)]=8, 
[debug] board state:
[[ 8 15 15 15]
 [15 15 15 15]
 [15 15 15 15]
 [15 15 15 15]
 [15 15 15 15]
 [15 15 15 15]
 [15 15 15 15]
 [15  3 15 15]], 

=11 

=16 

=12 c7 c7

[debug] move action_id=66, action=((1, 2), (1, 2)), 
[debug] current_player=1 (B), 
[debug] board[(1, 2)]=6, board[(1, 2)]=6, 
[debug] board state:
[[ 8 15 15 15]
 [15 15  6 15]
 [15 15 15 15]
 [15 15 15 15]
 [15 15 15 15]
 [15 15 15 15]
 [15 15 15 15]
 [15  3 15 15]], 

=11 

=16 

[debug] move action_id=11, action=((0, 1), (0, 1)), 
[debug] current_player=0 (R), 
[debug] board[(0, 1)]=2, board[(0, 1)]=2, 
[debug] board state:
[[ 8  2 15 15]
 [15 15  6 15]
 [15 15 15 15]
 [15 15 15 15]
 [15 15 15 15]
 [15 15 15 15]
 [15 15 15 15]
 [15  3 15 15]], 

=11 

=16 

=12 a6 a6

[debug] move action_id=88, action=((2, 0), (2, 0)), 
[debug] current_player=1 (B), 
[debug] board[(2, 0)]=10, board[(2, 0)]=10, 
[debug] board state:
[[ 8  2 15 15]
 [15 15  6 15]
 [10 15 15 15]
 [15 15 15 15]
 [15 15 15 15]
 [15 15 15 15]
 [15 15 15 15]
 [15  3 15 15]], 

=11 

=16 

[debug] move action_id=8, action=((0, 0), (0, 1)), 
[debug] current_player=0 (R), 
[debug] board[(0, 0)]=14, board[(0, 1)]=8, 
[debug] board state:
[[14  8 15 15]
 [15 15  6 15]
 [10 15 15 15]
 [15 15 15 15]
 [15 15 15 15]
 [15 15 15 15]
 [15 15 15 15]
 [15  3 15 15]], 

=10 

=16 

=12 c6 c6

[debug] move action_id=110, action=((2, 2), (2, 2)), 
[debug] current_player=1 (B), 
[debug] board[(2, 2)]=11, board[(2, 2)]=11, 
[debug] board state:
[[14  8 15 15]
 [15 15  6 15]
 [10 15 11 15]
 [15 15 15 15]
 [15 15 15 15]
 [15 15 15 15]
 [15 15 15 15]
 [15  3 15 15]], 

=11 

=16 

[debug] move action_id=19, action=((0, 1), (0, 0)), 
[debug] current_player=0 (R), 
[debug] board[(0, 1)]=14, board[(0, 0)]=8, 
[debug] board state:
[[ 8 14 15 15]
 [15 15  6 15]
 [10 15 11 15]
 [15 15 15 15]
 [15 15 15 15]
 [15 15 15 15]
 [15 15 15 15]
 [15  3 15 15]], 

=10 

=16 

=12 a5 a5

[debug] move action_id=132, action=((3, 0), (3, 0)), 
[debug] current_player=1 (B), 
[debug] board[(3, 0)]=6, board[(3, 0)]=6, 
[debug] board state:
[[ 8 14 15 15]
 [15 15  6 15]
 [10 15 11 15]
 [ 6 15 15 15]
 [15 15 15 15]
 [15 15 15 15]
 [15 15 15 15]
 [15  3 15 15]], 

=11 

=16 

[debug] move action_id=8, action=((0, 0), (0, 1)), 
[debug] current_player=0 (R), 
[debug] board[(0, 0)]=14, board[(0, 1)]=8, 
[debug] board state:
[[14  8 15 15]
 [15 15  6 15]
 [10 15 11 15]
 [ 6 15 15 15]
 [15 15 15 15]
 [15 15 15 15]
 [15 15 15 15]
 [15  3 15 15]], 

=10 

=16 

=12 d8 d8

[debug] move action_id=33, action=((0, 3), (0, 3)), 
[debug] current_player=1 (B), 
[debug] board[(0, 3)]=12, board[(0, 3)]=12, 
[debug] board state:
[[14  8 15 12]
 [15 15  6 15]
 [10 15 11 15]
 [ 6 15 15 15]
 [15 15 15 15]
 [15 15 15 15]
 [15 15 15 15]
 [15  3 15 15]], 

=11 

=16 

[debug] move action_id=19, action=((0, 1), (0, 0)), 
[debug] current_player=0 (R), 
[debug] board[(0, 1)]=14, board[(0, 0)]=8, 
[debug] board state:
[[ 8 14 15 12]
 [15 15  6 15]
 [10 15 11 15]
 [ 6 15 15 15]
 [15 15 15 15]
 [15 15 15 15]
 [15 15 15 15]
 [15  3 15 15]], 

=10 

=16 

=12 a3 a3

[debug] move action_id=220, action=((5, 0), (5, 0)), 
[debug] current_player=1 (B), 
[debug] board[(5, 0)]=13, board[(5, 0)]=13, 
[debug] board state:
[[ 8 14 15 12]
 [15 15  6 15]
 [10 15 11 15]
 [ 6 15 15 15]
 [15 15 15 15]
 [13 15 15 15]
 [15 15 15 15]
 [15  3 15 15]], 

=11 

=16 

[debug] move action_id=8, action=((0, 0), (0, 1)), 
[debug] current_player=0 (R), 
[debug] board[(0, 0)]=14, board[(0, 1)]=8, 
[debug] board state:
[[14  8 15 12]
 [15 15  6 15]
 [10 15 11 15]
 [ 6 15 15 15]
 [15 15 15 15]
 [13 15 15 15]
 [15 15 15 15]
 [15  3 15 15]], 

=10 

=16 

=12 c3 c3

[debug] move action_id=242, action=((5, 2), (5, 2)), 
[debug] current_player=1 (B), 
[debug] board[(5, 2)]=9, board[(5, 2)]=9, 
[debug] board state:
[[14  8 15 12]
 [15 15  6 15]
 [10 15 11 15]
 [ 6 15 15 15]
 [15 15 15 15]
 [13 15  9 15]
 [15 15 15 15]
 [15  3 15 15]], 

=11 

=16 

[debug] move action_id=19, action=((0, 1), (0, 0)), 
[debug] current_player=0 (R), 
[debug] board[(0, 1)]=14, board[(0, 0)]=8, 
[debug] board state:
[[ 8 14 15 12]
 [15 15  6 15]
 [10 15 11 15]
 [ 6 15 15 15]
 [15 15 15 15]
 [13 15  9 15]
 [15 15 15 15]
 [15  3 15 15]], 

=10 

=16 

=12 d1 d1

[debug] move action_id=341, action=((7, 3), (7, 3)), 
[debug] current_player=1 (B), 
[debug] board[(7, 3)]=6, board[(7, 3)]=6, 
[debug] board state:
[[ 8 14 15 12]
 [15 15  6 15]
 [10 15 11 15]
 [ 6 15 15 15]
 [15 15 15 15]
 [13 15  9 15]
 [15 15 15 15]
 [15  3 15  6]], 

=11 

=16 

[debug] move action_id=8, action=((0, 0), (0, 1)), 
[debug] current_player=0 (R), 
[debug] board[(0, 0)]=14, board[(0, 1)]=8, 
[debug] board state:
[[14  8 15 12]
 [15 15  6 15]
 [10 15 11 15]
 [ 6 15 15 15]
 [15 15 15 15]
 [13 15  9 15]
 [15 15 15 15]
 [15  3 15  6]], 

=10 

=16 

=12 d2 d2

[debug] move action_id=297, action=((6, 3), (6, 3)), 
[debug] current_player=1 (B), 
[debug] board[(6, 3)]=4, board[(6, 3)]=4, 
[debug] board state:
[[14  8 15 12]
 [15 15  6 15]
 [10 15 11 15]
 [ 6 15 15 15]
 [15 15 15 15]
 [13 15  9 15]
 [15 15 15  4]
 [15  3 15  6]], 

=11 

=16 

[debug] move action_id=19, action=((0, 1), (0, 0)), 
[debug] current_player=0 (R), 
[debug] board[(0, 1)]=14, board[(0, 0)]=8, 
[debug] board state:
[[ 8 14 15 12]
 [15 15  6 15]
 [10 15 11 15]
 [ 6 15 15 15]
 [15 15 15 15]
 [13 15  9 15]
 [15 15 15  4]
 [15  3 15  6]], 

=10 

=16 

=12 d6 d6

[debug] move action_id=121, action=((2, 3), (2, 3)), 
[debug] current_player=1 (B), 
[debug] board[(2, 3)]=1, board[(2, 3)]=1, 
[debug] board state:
[[ 8 14 15 12]
 [15 15  6 15]
 [10 15 11  1]
 [ 6 15 15 15]
 [15 15 15 15]
 [13 15  9 15]
 [15 15 15  4]
 [15  3 15  6]], 

=11 

=16 

[debug] move action_id=8, action=((0, 0), (0, 1)), 
[debug] current_player=0 (R), 
[debug] board[(0, 0)]=14, board[(0, 1)]=8, 
[debug] board state:
[[14  8 15 12]
 [15 15  6 15]
 [10 15 11  1]
 [ 6 15 15 15]
 [15 15 15 15]
 [13 15  9 15]
 [15 15 15  4]
 [15  3 15  6]], 

=10 

=16 

=12 b6 b6

[debug] move action_id=99, action=((2, 1), (2, 1)), 
[debug] current_player=1 (B), 
[debug] board[(2, 1)]=1, board[(2, 1)]=1, 
[debug] board state:
[[14  8 15 12]
 [15 15  6 15]
 [10  1 11  1]
 [ 6 15 15 15]
 [15 15 15 15]
 [13 15  9 15]
 [15 15 15  4]
 [15  3 15  6]], 

=11 

=16 

[debug] move action_id=19, action=((0, 1), (0, 0)), 
[debug] current_player=0 (R), 
[debug] board[(0, 1)]=14, board[(0, 0)]=8, 
[debug] board state:
[[ 8 14 15 12]
 [15 15  6 15]
 [10  1 11  1]
 [ 6 15 15 15]
 [15 15 15 15]
 [13 15  9 15]
 [15 15 15  4]
 [15  3 15  6]], 

=10 

=16 

=12 a4 a4

[debug] move action_id=176, action=((4, 0), (4, 0)), 
[debug] current_player=1 (B), 
[debug] board[(4, 0)]=11, board[(4, 0)]=11, 
[debug] board state:
[[ 8 14 15 12]
 [15 15  6 15]
 [10  1 11  1]
 [ 6 15 15 15]
 [11 15 15 15]
 [13 15  9 15]
 [15 15 15  4]
 [15  3 15  6]], 

=11 

=16 

[debug] move action_id=8, action=((0, 0), (0, 1)), 
[debug] current_player=0 (R), 
[debug] board[(0, 0)]=14, board[(0, 1)]=8, 
[debug] board state:
[[14  8 15 12]
 [15 15  6 15]
 [10  1 11  1]
 [ 6 15 15 15]
 [11 15 15 15]
 [13 15  9 15]
 [15 15 15  4]
 [15  3 15  6]], 

=10 

=16 

=12 d4 d4

[debug] move action_id=209, action=((4, 3), (4, 3)), 
[debug] current_player=1 (B), 
[debug] board[(4, 3)]=4, board[(4, 3)]=4, 
[debug] board state:
[[14  8 15 12]
 [15 15  6 15]
 [10  1 11  1]
 [ 6 15 15 15]
 [11 15 15  4]
 [13 15  9 15]
 [15 15 15  4]
 [15  3 15  6]], 

=11 

=16 

[debug] move action_id=19, action=((0, 1), (0, 0)), 
[debug] current_player=0 (R), 
[debug] board[(0, 1)]=14, board[(0, 0)]=8, 
[debug] board state:
[[ 8 14 15 12]
 [15 15  6 15]
 [10  1 11  1]
 [ 6 15 15 15]
 [11 15 15  4]
 [13 15  9 15]
 [15 15 15  4]
 [15  3 15  6]], 

=10 

=16 

=12 c8 c8

[debug] move action_id=22, action=((0, 2), (0, 2)), 
[debug] current_player=1 (B), 
[debug] board[(0, 2)]=5, board[(0, 2)]=5, 
[debug] board state:
[[ 8 14  5 12]
 [15 15  6 15]
 [10  1 11  1]
 [ 6 15 15 15]
 [11 15 15  4]
 [13 15  9 15]
 [15 15 15  4]
 [15  3 15  6]], 

=11 

=16 

[debug] move action_id=8, action=((0, 0), (0, 1)), 
[debug] current_player=0 (R), 
[debug] board[(0, 0)]=14, board[(0, 1)]=8, 
[debug] board state:
[[14  8  5 12]
 [15 15  6 15]
 [10  1 11  1]
 [ 6 15 15 15]
 [11 15 15  4]
 [13 15  9 15]
 [15 15 15  4]
 [15  3 15  6]], 

=10 

=16 

=12 b3 b3

[debug] move action_id=231, action=((5, 1), (5, 1)), 
[debug] current_player=1 (B), 
[debug] board[(5, 1)]=10, board[(5, 1)]=10, 
[debug] board state:
[[14  8  5 12]
 [15 15  6 15]
 [10  1 11  1]
 [ 6 15 15 15]
 [11 15 15  4]
 [13 10  9 15]
 [15 15 15  4]
 [15  3 15  6]], 

=11 

=16 

[debug] move action_id=19, action=((0, 1), (0, 0)), 
[debug] current_player=0 (R), 
[debug] board[(0, 1)]=14, board[(0, 0)]=8, 
[debug] board state:
[[ 8 14  5 12]
 [15 15  6 15]
 [10  1 11  1]
 [ 6 15 15 15]
 [11 15 15  4]
 [13 10  9 15]
 [15 15 15  4]
 [15  3 15  6]], 

=10 

=16 

=12 b2 b2

[debug] move action_id=275, action=((6, 1), (6, 1)), 
[debug] current_player=1 (B), 
[debug] board[(6, 1)]=13, board[(6, 1)]=13, 
[debug] board state:
[[ 8 14  5 12]
 [15 15  6 15]
 [10  1 11  1]
 [ 6 15 15 15]
 [11 15 15  4]
 [13 10  9 15]
 [15 13 15  4]
 [15  3 15  6]], 

=11 

=16 

[debug] move action_id=8, action=((0, 0), (0, 1)), 
[debug] current_player=0 (R), 
[debug] board[(0, 0)]=14, board[(0, 1)]=8, 
[debug] board state:
[[14  8  5 12]
 [15 15  6 15]
 [10  1 11  1]
 [ 6 15 15 15]
 [11 15 15  4]
 [13 10  9 15]
 [15 13 15  4]
 [15  3 15  6]], 

=10 

=16 

=12 c2 c2

[debug] move action_id=286, action=((6, 2), (6, 2)), 
[debug] current_player=1 (B), 
[debug] board[(6, 2)]=9, board[(6, 2)]=9, 
[debug] board state:
[[14  8  5 12]
 [15 15  6 15]
 [10  1 11  1]
 [ 6 15 15 15]
 [11 15 15  4]
 [13 10  9 15]
 [15 13  9  4]
 [15  3 15  6]], 

=11 

=16 

[debug] move action_id=19, action=((0, 1), (0, 0)), 
[debug] current_player=0 (R), 
[debug] board[(0, 1)]=14, board[(0, 0)]=8, 
[debug] board state:
[[ 8 14  5 12]
 [15 15  6 15]
 [10  1 11  1]
 [ 6 15 15 15]
 [11 15 15  4]
 [13 10  9 15]
 [15 13  9  4]
 [15  3 15  6]], 

=10 

=16 

=12 a7 a7

[debug] move action_id=44, action=((1, 0), (1, 0)), 
[debug] current_player=1 (B), 
[debug] board[(1, 0)]=12, board[(1, 0)]=12, 
[debug] board state:
[[ 8 14  5 12]
 [12 15  6 15]
 [10  1 11  1]
 [ 6 15 15 15]
 [11 15 15  4]
 [13 10  9 15]
 [15 13  9  4]
 [15  3 15  6]], 

=11 

=16 

[debug] move action_id=8, action=((0, 0), (0, 1)), 
[debug] current_player=0 (R), 
[debug] board[(0, 0)]=14, board[(0, 1)]=8, 
[debug] board state:
[[14  8  5 12]
 [12 15  6 15]
 [10  1 11  1]
 [ 6 15 15 15]
 [11 15 15  4]
 [13 10  9 15]
 [15 13  9  4]
 [15  3 15  6]], 

=10 

=16 

=12 c5 c5

[debug] move action_id=154, action=((3, 2), (3, 2)), 
[debug] current_player=1 (B), 
[debug] board[(3, 2)]=3, board[(3, 2)]=3, 
[debug] board state:
[[14  8  5 12]
 [12 15  6 15]
 [10  1 11  1]
 [ 6 15  3 15]
 [11 15 15  4]
 [13 10  9 15]
 [15 13  9  4]
 [15  3 15  6]], 

=11 

=16 

[debug] move action_id=1, action=((1, 0), (0, 0)), 
[debug] current_player=0 (R), 
[debug] board[(1, 0)]=14, board[(0, 0)]=12, 
[debug] board state:
[[12  8  5 12]
 [14 15  6 15]
 [10  1 11  1]
 [ 6 15  3 15]
 [11 15 15  4]
 [13 10  9 15]
 [15 13  9  4]
 [15  3 15  6]], 

=10 

=16 

=12 d7 d7

[debug] move action_id=77, action=((1, 3), (1, 3)), 
[debug] current_player=1 (B), 
[debug] board[(1, 3)]=6, board[(1, 3)]=6, 
[debug] board state:
[[12  8  5 12]
 [14 15  6  6]
 [10  1 11  1]
 [ 6 15  3 15]
 [11 15 15  4]
 [13 10  9 15]
 [15 13  9  4]
 [15  3 15  6]], 

=11 

=16 

[debug] move action_id=9, action=((0, 0), (0, 2)), 
[debug] current_player=0 (R), 
[debug] board[(0, 0)]=14, board[(0, 2)]=12, 
[debug] board state:
[[14  8 12 12]
 [14 15  6  6]
 [10  1 11  1]
 [ 6 15  3 15]
 [11 15 15  4]
 [13 10  9 15]
 [15 13  9  4]
 [15  3 15  6]], 

=10 

=16 

=12 c4 c4

[debug] move action_id=198, action=((4, 2), (4, 2)), 
[debug] current_player=1 (B), 
[debug] board[(4, 2)]=13, board[(4, 2)]=13, 
[debug] board state:
[[14  8 12 12]
 [14 15  6  6]
 [10  1 11  1]
 [ 6 15  3 15]
 [11 15 13  4]
 [13 10  9 15]
 [15 13  9  4]
 [15  3 15  6]], 

=11 

=16 

[debug] move action_id=19, action=((0, 1), (0, 0)), 
[debug] current_player=0 (R), 
[debug] board[(0, 1)]=14, board[(0, 0)]=8, 
[debug] board state:
[[ 8 14 12 12]
 [14 15  6  6]
 [10  1 11  1]
 [ 6 15  3 15]
 [11 15 13  4]
 [13 10  9 15]
 [15 13  9  4]
 [15  3 15  6]], 

=10 

=16 

=12 b7 b7

[debug] move action_id=55, action=((1, 1), (1, 1)), 
[debug] current_player=1 (B), 
[debug] board[(1, 1)]=2, board[(1, 1)]=2, 
[debug] board state:
[[ 8 14 12 12]
 [14  2  6  6]
 [10  1 11  1]
 [ 6 15  3 15]
 [11 15 13  4]
 [13 10  9 15]
 [15 13  9  4]
 [15  3 15  6]], 

=11 

=16 

[debug] move action_id=8, action=((0, 0), (0, 1)), 
[debug] current_player=0 (R), 
[debug] board[(0, 0)]=14, board[(0, 1)]=8, 
[debug] board state:
[[14  8 12 12]
 [14  2  6  6]
 [10  1 11  1]
 [ 6 15  3 15]
 [11 15 13  4]
 [13 10  9 15]
 [15 13  9  4]
 [15  3 15  6]], 

=10 

=16 

=12 b4 b4

[debug] move action_id=187, action=((4, 1), (4, 1)), 
[debug] current_player=1 (B), 
[debug] board[(4, 1)]=13, board[(4, 1)]=13, 
[debug] board state:
[[14  8 12 12]
 [14  2  6  6]
 [10  1 11  1]
 [ 6 15  3 15]
 [11 13 13  4]
 [13 10  9 15]
 [15 13  9  4]
 [15  3 15  6]], 

=11 

=16 

[debug] move action_id=19, action=((0, 1), (0, 0)), 
[debug] current_player=0 (R), 
[debug] board[(0, 1)]=14, board[(0, 0)]=8, 
[debug] board state:
[[ 8 14 12 12]
 [14  2  6  6]
 [10  1 11  1]
 [ 6 15  3 15]
 [11 13 13  4]
 [13 10  9 15]
 [15 13  9  4]
 [15  3 15  6]], 

=10 

=16 

=12 b7 a7

[debug] move action_id=63, action=((1, 1), (1, 0)), 
[debug] current_player=1 (B), 
[debug] board[(1, 1)]=14, board[(1, 0)]=2, 
[debug] board state:
[[ 8 14 12 12]
 [ 2 14  6  6]
 [10  1 11  1]
 [ 6 15  3 15]
 [11 13 13  4]
 [13 10  9 15]
 [15 13  9  4]
 [15  3 15  6]], 

=10 

=16 

[debug] move action_id=8, action=((0, 0), (0, 1)), 
[debug] current_player=0 (R), 
[debug] board[(0, 0)]=14, board[(0, 1)]=8, 
[debug] board state:
[[14  8 12 12]
 [ 2 14  6  6]
 [10  1 11  1]
 [ 6 15  3 15]
 [11 13 13  4]
 [13 10  9 15]
 [15 13  9  4]
 [15  3 15  6]], 

=10 

=16 

=12 a7 b7

[debug] move action_id=52, action=((1, 0), (1, 1)), 
[debug] current_player=1 (B), 
[debug] board[(1, 0)]=14, board[(1, 1)]=2, 
[debug] board state:
[[14  8 12 12]
 [14  2  6  6]
 [10  1 11  1]
 [ 6 15  3 15]
 [11 13 13  4]
 [13 10  9 15]
 [15 13  9  4]
 [15  3 15  6]], 

=10 

=16 

[debug] move action_id=19, action=((0, 1), (0, 0)), 
[debug] current_player=0 (R), 
[debug] board[(0, 1)]=14, board[(0, 0)]=8, 
[debug] board state:
[[ 8 14 12 12]
 [14  2  6  6]
 [10  1 11  1]
 [ 6 15  3 15]
 [11 13 13  4]
 [13 10  9 15]
 [15 13  9  4]
 [15  3 15  6]], 

=10 

=16 

=12 b7 a7

[debug] move action_id=63, action=((1, 1), (1, 0)), 
[debug] current_player=1 (B), 
[debug] board[(1, 1)]=14, board[(1, 0)]=2, 
[debug] board state:
[[ 8 14 12 12]
 [ 2 14  6  6]
 [10  1 11  1]
 [ 6 15  3 15]
 [11 13 13  4]
 [13 10  9 15]
 [15 13  9  4]
 [15  3 15  6]], 

=10 

=16 

[debug] move action_id=8, action=((0, 0), (0, 1)), 
[debug] current_player=0 (R), 
[debug] board[(0, 0)]=14, board[(0, 1)]=8, 
[debug] board state:
[[14  8 12 12]
 [ 2 14  6  6]
 [10  1 11  1]
 [ 6 15  3 15]
 [11 13 13  4]
 [13 10  9 15]
 [15 13  9  4]
 [15  3 15  6]], 

=10 

=16 

=12 a7 b7

[debug] move action_id=52, action=((1, 0), (1, 1)), 
[debug] current_player=1 (B), 
[debug] board[(1, 0)]=14, board[(1, 1)]=2, 
[debug] board state:
[[14  8 12 12]
 [14  2  6  6]
 [10  1 11  1]
 [ 6 15  3 15]
 [11 13 13  4]
 [13 10  9 15]
 [15 13  9  4]
 [15  3 15  6]], 

=10 

=16 

[debug] move action_id=19, action=((0, 1), (0, 0)), 
[debug] current_player=0 (R), 
[debug] board[(0, 1)]=14, board[(0, 0)]=8, 
[debug] board state:
[[ 8 14 12 12]
 [14  2  6  6]
 [10  1 11  1]
 [ 6 15  3 15]
 [11 13 13  4]
 [13 10  9 15]
 [15 13  9  4]
 [15  3 15  6]], 

=10 

=16 

=12 b7 a7

[debug] move action_id=63, action=((1, 1), (1, 0)), 
[debug] current_player=1 (B), 
[debug] board[(1, 1)]=14, board[(1, 0)]=2, 
[debug] board state:
[[ 8 14 12 12]
 [ 2 14  6  6]
 [10  1 11  1]
 [ 6 15  3 15]
 [11 13 13  4]
 [13 10  9 15]
 [15 13  9  4]
 [15  3 15  6]], 

=10 

=16 

[debug] move action_id=8, action=((0, 0), (0, 1)), 
[debug] current_player=0 (R), 
[debug] board[(0, 0)]=14, board[(0, 1)]=8, 
[debug] board state:
[[14  8 12 12]
 [ 2 14  6  6]
 [10  1 11  1]
 [ 6 15  3 15]
 [11 13 13  4]
 [13 10  9 15]
 [15 13  9  4]
 [15  3 15  6]], 

=10 

=16 

=12 a7 b7

[debug] move action_id=52, action=((1, 0), (1, 1)), 
[debug] current_player=1 (B), 
[debug] board[(1, 0)]=14, board[(1, 1)]=2, 
[debug] board state:
[[14  8 12 12]
 [14  2  6  6]
 [10  1 11  1]
 [ 6 15  3 15]
 [11 13 13  4]
 [13 10  9 15]
 [15 13  9  4]
 [15  3 15  6]], 

=10 

=16 


# 10 12 46 48 82 84 118 120 154 156 190 192 226 228 262 264 298 300 334 336 370 372 406 408 442 444 478 480 514 516 550 552 586 588 622 624 658 660 694 696 730 732 766 768 802 804 838 840 874 876 910 912 946 948 982 984 1018 1020 1054 1056 #
/home/ntcucsk201/anaconda3/envs/darkchess/lib/python3.10/site-packages/treevalue/tree/integration/torch.py:23: FutureWarning: `torch.utils._pytree._register_pytree_node` is deprecated. Please use `torch.utils._pytree.register_pytree_node` instead.
  register_for_torch(TreeValue)
/home/ntcucsk201/anaconda3/envs/darkchess/lib/python3.10/site-packages/treevalue/tree/integration/torch.py:24: FutureWarning: `torch.utils._pytree._register_pytree_node` is deprecated. Please use `torch.utils._pytree.register_pytree_node` instead.
  register_for_torch(FastTreeValue)
Gym has been unmaintained since 2022 and does not support NumPy 2.0 amongst other critical functionality.
Please upgrade to Gymnasium, the maintained drop-in replacement of Gym, or contact the authors of your software and request that they upgrade.
See the migration guide at https://gymnasium.farama.org/introduction/migration_guide/ for additional information.
[DEBUG] Config loaded successfully
/home/ntcucsk201/DarkChess/LightZero/zoo/board_games/darkchess/muzero_mgtp.py:38: FutureWarning: You are using `torch.load` with `weights_only=False` (the current default value), which uses the default pickle module implicitly. It is possible to construct malicious pickle data which will execute arbitrary code during unpickling (See https://github.com/pytorch/pytorch/blob/main/SECURITY.md#untrusted-models for more details). In a future release, the default value for `weights_only` will be flipped to `True`. This limits the functions that could be executed during unpickling. Arbitrary objects will no longer be allowed to be loaded via this mode unless they are explicitly allowlisted by the user via `torch.serialization.add_safe_globals`. We recommend you start setting `weights_only=True` for any use case where you don't have full control of the loaded file. Please open an issue on GitHub for any issues related to this experimental feature.
  checkpoint = torch.load(model_path, map_location='cpu')
[DEBUG] Model moved to device: cuda:0

###
Account: a0_mu
Mode: MGTP
Path: /home/ntcucsk201/anaconda3/envs/darkchess/bin/python
Arg: /home/ntcucsk201/DarkChess/LightZero/zoo/board_games/darkchess/muzero_mgtp.py -model_path /home/ntcucsk201/DarkChess/LightZero/zoo/board_games/darkchess/data_muzero/darkchess_muzero_ns1000_upc50_rer0.0_bs512/ckpt/ckpt_best.pth.tar -config_path /home/ntcucsk201/DarkChess/LightZero/zoo/board_games/darkchess/data_muzero/darkchess_muzero_ns1000_upc50_rer0.0_bs512/formatted_total_config.py
Name: LightZero_DarkChess
Version: 1.0.0
###
