INITIAL
* 11:0pm Feb 22, 2026
* a0_mu vs a1_alphazero
* 1 2 2 2 2 2 5 1 2 2 2 2 2 5
* X X X X
* X X X X
* X X X X
* X X X X
* X X X X
* X X X X
* X X X X
* X X X X
* first 0
* time 900
* 1. b1(P) a8(C)
* 2. c7(N) b8(g)
* 3. a6(p) b8-a8
* 4. c6(G) a8-b8
* 5. a5(P) b8-a8
* 6. b5(c) a8-b8
* 7. a3(p) b8-a8
* 8. c3(m) a8-b8
* 9. d6(M) b8-a8
* 10. d2(R) a8-b8
* 11. b6(m) b8-a8
* 12. a1(P) a8-b8
* 13. c5(N) b8-a8
* 14. b7(n) a8-b8
* 15. c4(p) b8-a8
* 16. b3(K) a8-b8
* 17. d4(P) b8-a8
* 18. c2(R) a8-b8
* 19. b2(n) b8-a8
* 20. c6-b6 a8-b8
* 21. b4(p) b8-a8
* 22. a4(r) a8-b8
* 23. c1(k) b8-a8
* 24. c8(g) a8-b8
* 25. d8(c) b8-a8
* 26. c5-c4 a8-b8
* 27. b6-c6 b8-a8
* 28. c6-c5 a8-b8
* 29. c5-c6 b8-a8
* 30. c6-c5 a8-b8
* 31. b3-c3 b8-a8
* 32. c3-b3 a8-b8
* 33. b3-c3 b8-a8
* 34. c3-b3 a8-b8
* 35. c5-c6 b8-a8
* 36. c6-c5 a8-b8
* 37. c5-c6 b8-a8
* 38. c6-c5 a8-b8
* 39. c5-c6 b8-a8
* 40. c6-c5
* PositionRepetitionDraw,3,4 a0_mu Draw 0.500000,0.500000
* Comment 0 0
0. 1771772434542
1. 1771772434542
2. 1771772435127
3. 1771772437086
4. 1771772437483
5. 1771772439439
6. 1771772439839
7. 1771772441792
8. 1771772442195
9. 1771772444145
10. 1771772444551
11. 1771772446499
12. 1771772446908
13. 1771772448852
14. 1771772449264
15. 1771772451256
16. 1771772451671
17. 1771772453711
18. 1771772454127
19. 1771772456116
20. 1771772456534
21. 1771772458520
22. 1771772458939
23. 1771772460924
24. 1771772461346
25. 1771772463379
26. 1771772463802
27. 1771772465784
28. 1771772466208
29. 1771772468236
30. 1771772468663
31. 1771772470692
32. 1771772471118
33. 1771772473147
34. 1771772473572
35. 1771772475601
36. 1771772476027
37. 1771772478056
38. 1771772478482
39. 1771772480461
40. 1771772480887
41. 1771772482916
42. 1771772483343
43. 1771772485370
44. 1771772485798
45. 1771772487825
46. 1771772488254
47. 1771772490279
48. 1771772490707
49. 1771772492734
50. 1771772493163
51. 1771772495189
52. 1771772495617
53. 1771772497644
54. 1771772498071
55. 1771772500099
56. 1771772500526
57. 1771772502554
58. 1771772502981
59. 1771772505009
60. 1771772505436
61. 1771772507464
62. 1771772507892
63. 1771772509918
64. 1771772510347
65. 1771772512373
66. 1771772512803
67. 1771772514827
68. 1771772515257
69. 1771772517282
70. 1771772517712
71. 1771772519736
72. 1771772520167
73. 1771772522192
74. 1771772522621
75. 1771772524646
76. 1771772525075
77. 1771772527101
78. 1771772527530
79. 1771772529557

# 10 12 46 48 82 84 118 120 154 156 190 192 226 228 262 264 298 300 334 336 370 372 406 408 442 444 478 480 514 516 550 552 586 588 622 624 658 660 694 696 730 732 766 768 802 804 838 840 874 876 910 912 946 948 982 984 1018 1020 1054 1056 1090 1092 1126 1128 1162 1164 1198 1200 1234 1236 1270 1272 1306 1308 1342 1344 1378 1380 1414 1416 #
LightZero MGTP Interface Ready
=1 LightZero_DarkChess

=2 1.0.0

=7 

=15 

=14 

=12 b1 b1

[debug] move action_id=319, action=((7, 1), (7, 1)), 
[debug] current_player=1 (B), 
[debug] board[(7, 1)]=6, board[(7, 1)]=6, 
[debug] board state:
[[15 15 15 15]
 [15 15 15 15]
 [15 15 15 15]
 [15 15 15 15]
 [15 15 15 15]
 [15 15 15 15]
 [15 15 15 15]
 [15  6 15 15]], 

=11 

=16 

[debug] move action_id=0, action=((0, 0), (0, 0)), 
[debug] current_player=0 (R), 
[debug] board[(0, 0)]=5, board[(0, 0)]=5, 
[debug] board state:
[[ 5 15 15 15]
 [15 15 15 15]
 [15 15 15 15]
 [15 15 15 15]
 [15 15 15 15]
 [15 15 15 15]
 [15 15 15 15]
 [15  6 15 15]], 

=11 

=16 

=12 c7 c7

[debug] move action_id=66, action=((1, 2), (1, 2)), 
[debug] current_player=1 (B), 
[debug] board[(1, 2)]=4, board[(1, 2)]=4, 
[debug] board state:
[[ 5 15 15 15]
 [15 15  4 15]
 [15 15 15 15]
 [15 15 15 15]
 [15 15 15 15]
 [15 15 15 15]
 [15 15 15 15]
 [15  6 15 15]], 

=11 

=16 

[debug] move action_id=11, action=((0, 1), (0, 1)), 
[debug] current_player=0 (R), 
[debug] board[(0, 1)]=8, board[(0, 1)]=8, 
[debug] board state:
[[ 5  8 15 15]
 [15 15  4 15]
 [15 15 15 15]
 [15 15 15 15]
 [15 15 15 15]
 [15 15 15 15]
 [15 15 15 15]
 [15  6 15 15]], 

=11 

=16 

=12 a6 a6

[debug] move action_id=88, action=((2, 0), (2, 0)), 
[debug] current_player=1 (B), 
[debug] board[(2, 0)]=13, board[(2, 0)]=13, 
[debug] board state:
[[ 5  8 15 15]
 [15 15  4 15]
 [13 15 15 15]
 [15 15 15 15]
 [15 15 15 15]
 [15 15 15 15]
 [15 15 15 15]
 [15  6 15 15]], 

=11 

=16 

[debug] move action_id=19, action=((0, 1), (0, 0)), 
[debug] current_player=0 (R), 
[debug] board[(0, 1)]=14, board[(0, 0)]=8, 
[debug] board state:
[[ 8 14 15 15]
 [15 15  4 15]
 [13 15 15 15]
 [15 15 15 15]
 [15 15 15 15]
 [15 15 15 15]
 [15 15 15 15]
 [15  6 15 15]], 

=10 

=16 

=12 c6 c6

[debug] move action_id=110, action=((2, 2), (2, 2)), 
[debug] current_player=1 (B), 
[debug] board[(2, 2)]=1, board[(2, 2)]=1, 
[debug] board state:
[[ 8 14 15 15]
 [15 15  4 15]
 [13 15  1 15]
 [15 15 15 15]
 [15 15 15 15]
 [15 15 15 15]
 [15 15 15 15]
 [15  6 15 15]], 

=11 

=16 

[debug] move action_id=8, action=((0, 0), (0, 1)), 
[debug] current_player=0 (R), 
[debug] board[(0, 0)]=14, board[(0, 1)]=8, 
[debug] board state:
[[14  8 15 15]
 [15 15  4 15]
 [13 15  1 15]
 [15 15 15 15]
 [15 15 15 15]
 [15 15 15 15]
 [15 15 15 15]
 [15  6 15 15]], 

=10 

=16 

=12 a5 a5

[debug] move action_id=132, action=((3, 0), (3, 0)), 
[debug] current_player=1 (B), 
[debug] board[(3, 0)]=6, board[(3, 0)]=6, 
[debug] board state:
[[14  8 15 15]
 [15 15  4 15]
 [13 15  1 15]
 [ 6 15 15 15]
 [15 15 15 15]
 [15 15 15 15]
 [15 15 15 15]
 [15  6 15 15]], 

=11 

=16 

[debug] move action_id=19, action=((0, 1), (0, 0)), 
[debug] current_player=0 (R), 
[debug] board[(0, 1)]=14, board[(0, 0)]=8, 
[debug] board state:
[[ 8 14 15 15]
 [15 15  4 15]
 [13 15  1 15]
 [ 6 15 15 15]
 [15 15 15 15]
 [15 15 15 15]
 [15 15 15 15]
 [15  6 15 15]], 

=10 

=16 

=12 b5 b5

[debug] move action_id=143, action=((3, 1), (3, 1)), 
[debug] current_player=1 (B), 
[debug] board[(3, 1)]=12, board[(3, 1)]=12, 
[debug] board state:
[[ 8 14 15 15]
 [15 15  4 15]
 [13 15  1 15]
 [ 6 12 15 15]
 [15 15 15 15]
 [15 15 15 15]
 [15 15 15 15]
 [15  6 15 15]], 

=11 

=16 

[debug] move action_id=8, action=((0, 0), (0, 1)), 
[debug] current_player=0 (R), 
[debug] board[(0, 0)]=14, board[(0, 1)]=8, 
[debug] board state:
[[14  8 15 15]
 [15 15  4 15]
 [13 15  1 15]
 [ 6 12 15 15]
 [15 15 15 15]
 [15 15 15 15]
 [15 15 15 15]
 [15  6 15 15]], 

=10 

=16 

=12 a3 a3

[debug] move action_id=220, action=((5, 0), (5, 0)), 
[debug] current_player=1 (B), 
[debug] board[(5, 0)]=13, board[(5, 0)]=13, 
[debug] board state:
[[14  8 15 15]
 [15 15  4 15]
 [13 15  1 15]
 [ 6 12 15 15]
 [15 15 15 15]
 [13 15 15 15]
 [15 15 15 15]
 [15  6 15 15]], 

=11 

=16 

[debug] move action_id=19, action=((0, 1), (0, 0)), 
[debug] current_player=0 (R), 
[debug] board[(0, 1)]=14, board[(0, 0)]=8, 
[debug] board state:
[[ 8 14 15 15]
 [15 15  4 15]
 [13 15  1 15]
 [ 6 12 15 15]
 [15 15 15 15]
 [13 15 15 15]
 [15 15 15 15]
 [15  6 15 15]], 

=10 

=16 

=12 c3 c3

[debug] move action_id=242, action=((5, 2), (5, 2)), 
[debug] current_player=1 (B), 
[debug] board[(5, 2)]=9, board[(5, 2)]=9, 
[debug] board state:
[[ 8 14 15 15]
 [15 15  4 15]
 [13 15  1 15]
 [ 6 12 15 15]
 [15 15 15 15]
 [13 15  9 15]
 [15 15 15 15]
 [15  6 15 15]], 

=11 

=16 

[debug] move action_id=8, action=((0, 0), (0, 1)), 
[debug] current_player=0 (R), 
[debug] board[(0, 0)]=14, board[(0, 1)]=8, 
[debug] board state:
[[14  8 15 15]
 [15 15  4 15]
 [13 15  1 15]
 [ 6 12 15 15]
 [15 15 15 15]
 [13 15  9 15]
 [15 15 15 15]
 [15  6 15 15]], 

=10 

=16 

=12 d6 d6

[debug] move action_id=121, action=((2, 3), (2, 3)), 
[debug] current_player=1 (B), 
[debug] board[(2, 3)]=2, board[(2, 3)]=2, 
[debug] board state:
[[14  8 15 15]
 [15 15  4 15]
 [13 15  1  2]
 [ 6 12 15 15]
 [15 15 15 15]
 [13 15  9 15]
 [15 15 15 15]
 [15  6 15 15]], 

=11 

=16 

[debug] move action_id=19, action=((0, 1), (0, 0)), 
[debug] current_player=0 (R), 
[debug] board[(0, 1)]=14, board[(0, 0)]=8, 
[debug] board state:
[[ 8 14 15 15]
 [15 15  4 15]
 [13 15  1  2]
 [ 6 12 15 15]
 [15 15 15 15]
 [13 15  9 15]
 [15 15 15 15]
 [15  6 15 15]], 

=10 

=16 

=12 d2 d2

[debug] move action_id=297, action=((6, 3), (6, 3)), 
[debug] current_player=1 (B), 
[debug] board[(6, 3)]=3, board[(6, 3)]=3, 
[debug] board state:
[[ 8 14 15 15]
 [15 15  4 15]
 [13 15  1  2]
 [ 6 12 15 15]
 [15 15 15 15]
 [13 15  9 15]
 [15 15 15  3]
 [15  6 15 15]], 

=11 

=16 

[debug] move action_id=8, action=((0, 0), (0, 1)), 
[debug] current_player=0 (R), 
[debug] board[(0, 0)]=14, board[(0, 1)]=8, 
[debug] board state:
[[14  8 15 15]
 [15 15  4 15]
 [13 15  1  2]
 [ 6 12 15 15]
 [15 15 15 15]
 [13 15  9 15]
 [15 15 15  3]
 [15  6 15 15]], 

=10 

=16 

=12 b6 b6

[debug] move action_id=99, action=((2, 1), (2, 1)), 
[debug] current_player=1 (B), 
[debug] board[(2, 1)]=9, board[(2, 1)]=9, 
[debug] board state:
[[14  8 15 15]
 [15 15  4 15]
 [13  9  1  2]
 [ 6 12 15 15]
 [15 15 15 15]
 [13 15  9 15]
 [15 15 15  3]
 [15  6 15 15]], 

=11 

=16 

[debug] move action_id=19, action=((0, 1), (0, 0)), 
[debug] current_player=0 (R), 
[debug] board[(0, 1)]=14, board[(0, 0)]=8, 
[debug] board state:
[[ 8 14 15 15]
 [15 15  4 15]
 [13  9  1  2]
 [ 6 12 15 15]
 [15 15 15 15]
 [13 15  9 15]
 [15 15 15  3]
 [15  6 15 15]], 

=10 

=16 

=12 a1 a1

[debug] move action_id=308, action=((7, 0), (7, 0)), 
[debug] current_player=1 (B), 
[debug] board[(7, 0)]=6, board[(7, 0)]=6, 
[debug] board state:
[[ 8 14 15 15]
 [15 15  4 15]
 [13  9  1  2]
 [ 6 12 15 15]
 [15 15 15 15]
 [13 15  9 15]
 [15 15 15  3]
 [ 6  6 15 15]], 

=11 

=16 

[debug] move action_id=8, action=((0, 0), (0, 1)), 
[debug] current_player=0 (R), 
[debug] board[(0, 0)]=14, board[(0, 1)]=8, 
[debug] board state:
[[14  8 15 15]
 [15 15  4 15]
 [13  9  1  2]
 [ 6 12 15 15]
 [15 15 15 15]
 [13 15  9 15]
 [15 15 15  3]
 [ 6  6 15 15]], 

=10 

=16 

=12 c5 c5

[debug] move action_id=154, action=((3, 2), (3, 2)), 
[debug] current_player=1 (B), 
[debug] board[(3, 2)]=4, board[(3, 2)]=4, 
[debug] board state:
[[14  8 15 15]
 [15 15  4 15]
 [13  9  1  2]
 [ 6 12  4 15]
 [15 15 15 15]
 [13 15  9 15]
 [15 15 15  3]
 [ 6  6 15 15]], 

=11 

=16 

[debug] move action_id=19, action=((0, 1), (0, 0)), 
[debug] current_player=0 (R), 
[debug] board[(0, 1)]=14, board[(0, 0)]=8, 
[debug] board state:
[[ 8 14 15 15]
 [15 15  4 15]
 [13  9  1  2]
 [ 6 12  4 15]
 [15 15 15 15]
 [13 15  9 15]
 [15 15 15  3]
 [ 6  6 15 15]], 

=10 

=16 

=12 b7 b7

[debug] move action_id=55, action=((1, 1), (1, 1)), 
[debug] current_player=1 (B), 
[debug] board[(1, 1)]=11, board[(1, 1)]=11, 
[debug] board state:
[[ 8 14 15 15]
 [15 11  4 15]
 [13  9  1  2]
 [ 6 12  4 15]
 [15 15 15 15]
 [13 15  9 15]
 [15 15 15  3]
 [ 6  6 15 15]], 

=11 

=16 

[debug] move action_id=8, action=((0, 0), (0, 1)), 
[debug] current_player=0 (R), 
[debug] board[(0, 0)]=14, board[(0, 1)]=8, 
[debug] board state:
[[14  8 15 15]
 [15 11  4 15]
 [13  9  1  2]
 [ 6 12  4 15]
 [15 15 15 15]
 [13 15  9 15]
 [15 15 15  3]
 [ 6  6 15 15]], 

=10 

=16 

=12 c4 c4

[debug] move action_id=198, action=((4, 2), (4, 2)), 
[debug] current_player=1 (B), 
[debug] board[(4, 2)]=13, board[(4, 2)]=13, 
[debug] board state:
[[14  8 15 15]
 [15 11  4 15]
 [13  9  1  2]
 [ 6 12  4 15]
 [15 15 13 15]
 [13 15  9 15]
 [15 15 15  3]
 [ 6  6 15 15]], 

=11 

=16 

[debug] move action_id=19, action=((0, 1), (0, 0)), 
[debug] current_player=0 (R), 
[debug] board[(0, 1)]=14, board[(0, 0)]=8, 
[debug] board state:
[[ 8 14 15 15]
 [15 11  4 15]
 [13  9  1  2]
 [ 6 12  4 15]
 [15 15 13 15]
 [13 15  9 15]
 [15 15 15  3]
 [ 6  6 15 15]], 

=10 

=16 

=12 b3 b3

[debug] move action_id=231, action=((5, 1), (5, 1)), 
[debug] current_player=1 (B), 
[debug] board[(5, 1)]=0, board[(5, 1)]=0, 
[debug] board state:
[[ 8 14 15 15]
 [15 11  4 15]
 [13  9  1  2]
 [ 6 12  4 15]
 [15 15 13 15]
 [13  0  9 15]
 [15 15 15  3]
 [ 6  6 15 15]], 

=11 

=16 

[debug] move action_id=8, action=((0, 0), (0, 1)), 
[debug] current_player=0 (R), 
[debug] board[(0, 0)]=14, board[(0, 1)]=8, 
[debug] board state:
[[14  8 15 15]
 [15 11  4 15]
 [13  9  1  2]
 [ 6 12  4 15]
 [15 15 13 15]
 [13  0  9 15]
 [15 15 15  3]
 [ 6  6 15 15]], 

=10 

=16 

=12 d4 d4

[debug] move action_id=209, action=((4, 3), (4, 3)), 
[debug] current_player=1 (B), 
[debug] board[(4, 3)]=6, board[(4, 3)]=6, 
[debug] board state:
[[14  8 15 15]
 [15 11  4 15]
 [13  9  1  2]
 [ 6 12  4 15]
 [15 15 13  6]
 [13  0  9 15]
 [15 15 15  3]
 [ 6  6 15 15]], 

=11 

=16 

[debug] move action_id=19, action=((0, 1), (0, 0)), 
[debug] current_player=0 (R), 
[debug] board[(0, 1)]=14, board[(0, 0)]=8, 
[debug] board state:
[[ 8 14 15 15]
 [15 11  4 15]
 [13  9  1  2]
 [ 6 12  4 15]
 [15 15 13  6]
 [13  0  9 15]
 [15 15 15  3]
 [ 6  6 15 15]], 

=10 

=16 

=12 c2 c2

[debug] move action_id=286, action=((6, 2), (6, 2)), 
[debug] current_player=1 (B), 
[debug] board[(6, 2)]=3, board[(6, 2)]=3, 
[debug] board state:
[[ 8 14 15 15]
 [15 11  4 15]
 [13  9  1  2]
 [ 6 12  4 15]
 [15 15 13  6]
 [13  0  9 15]
 [15 15  3  3]
 [ 6  6 15 15]], 

=11 

=16 

[debug] move action_id=8, action=((0, 0), (0, 1)), 
[debug] current_player=0 (R), 
[debug] board[(0, 0)]=14, board[(0, 1)]=8, 
[debug] board state:
[[14  8 15 15]
 [15 11  4 15]
 [13  9  1  2]
 [ 6 12  4 15]
 [15 15 13  6]
 [13  0  9 15]
 [15 15  3  3]
 [ 6  6 15 15]], 

=10 

=16 

=12 b2 b2

[debug] move action_id=275, action=((6, 1), (6, 1)), 
[debug] current_player=1 (B), 
[debug] board[(6, 1)]=11, board[(6, 1)]=11, 
[debug] board state:
[[14  8 15 15]
 [15 11  4 15]
 [13  9  1  2]
 [ 6 12  4 15]
 [15 15 13  6]
 [13  0  9 15]
 [15 11  3  3]
 [ 6  6 15 15]], 

=11 

=16 

[debug] move action_id=19, action=((0, 1), (0, 0)), 
[debug] current_player=0 (R), 
[debug] board[(0, 1)]=14, board[(0, 0)]=8, 
[debug] board state:
[[ 8 14 15 15]
 [15 11  4 15]
 [13  9  1  2]
 [ 6 12  4 15]
 [15 15 13  6]
 [13  0  9 15]
 [15 11  3  3]
 [ 6  6 15 15]], 

=10 

=16 

=12 c6 b6

[debug] move action_id=119, action=((2, 2), (2, 1)), 
[debug] current_player=1 (B), 
[debug] board[(2, 2)]=14, board[(2, 1)]=1, 
[debug] board state:
[[ 8 14 15 15]
 [15 11  4 15]
 [13  1 14  2]
 [ 6 12  4 15]
 [15 15 13  6]
 [13  0  9 15]
 [15 11  3  3]
 [ 6  6 15 15]], 

=10 

=16 

[debug] move action_id=8, action=((0, 0), (0, 1)), 
[debug] current_player=0 (R), 
[debug] board[(0, 0)]=14, board[(0, 1)]=8, 
[debug] board state:
[[14  8 15 15]
 [15 11  4 15]
 [13  1 14  2]
 [ 6 12  4 15]
 [15 15 13  6]
 [13  0  9 15]
 [15 11  3  3]
 [ 6  6 15 15]], 

=10 

=16 

=12 b4 b4

[debug] move action_id=187, action=((4, 1), (4, 1)), 
[debug] current_player=1 (B), 
[debug] board[(4, 1)]=13, board[(4, 1)]=13, 
[debug] board state:
[[14  8 15 15]
 [15 11  4 15]
 [13  1 14  2]
 [ 6 12  4 15]
 [15 13 13  6]
 [13  0  9 15]
 [15 11  3  3]
 [ 6  6 15 15]], 

=11 

=16 

[debug] move action_id=19, action=((0, 1), (0, 0)), 
[debug] current_player=0 (R), 
[debug] board[(0, 1)]=14, board[(0, 0)]=8, 
[debug] board state:
[[ 8 14 15 15]
 [15 11  4 15]
 [13  1 14  2]
 [ 6 12  4 15]
 [15 13 13  6]
 [13  0  9 15]
 [15 11  3  3]
 [ 6  6 15 15]], 

=10 

=16 

=12 a4 a4

[debug] move action_id=176, action=((4, 0), (4, 0)), 
[debug] current_player=1 (B), 
[debug] board[(4, 0)]=10, board[(4, 0)]=10, 
[debug] board state:
[[ 8 14 15 15]
 [15 11  4 15]
 [13  1 14  2]
 [ 6 12  4 15]
 [10 13 13  6]
 [13  0  9 15]
 [15 11  3  3]
 [ 6  6 15 15]], 

=11 

=16 

[debug] move action_id=8, action=((0, 0), (0, 1)), 
[debug] current_player=0 (R), 
[debug] board[(0, 0)]=14, board[(0, 1)]=8, 
[debug] board state:
[[14  8 15 15]
 [15 11  4 15]
 [13  1 14  2]
 [ 6 12  4 15]
 [10 13 13  6]
 [13  0  9 15]
 [15 11  3  3]
 [ 6  6 15 15]], 

=10 

=16 

=12 c1 c1

[debug] move action_id=330, action=((7, 2), (7, 2)), 
[debug] current_player=1 (B), 
[debug] board[(7, 2)]=7, board[(7, 2)]=7, 
[debug] board state:
[[14  8 15 15]
 [15 11  4 15]
 [13  1 14  2]
 [ 6 12  4 15]
 [10 13 13  6]
 [13  0  9 15]
 [15 11  3  3]
 [ 6  6  7 15]], 

=11 

=16 

[debug] move action_id=19, action=((0, 1), (0, 0)), 
[debug] current_player=0 (R), 
[debug] board[(0, 1)]=14, board[(0, 0)]=8, 
[debug] board state:
[[ 8 14 15 15]
 [15 11  4 15]
 [13  1 14  2]
 [ 6 12  4 15]
 [10 13 13  6]
 [13  0  9 15]
 [15 11  3  3]
 [ 6  6  7 15]], 

=10 

=16 

=12 c8 c8

[debug] move action_id=22, action=((0, 2), (0, 2)), 
[debug] current_player=1 (B), 
[debug] board[(0, 2)]=8, board[(0, 2)]=8, 
[debug] board state:
[[ 8 14  8 15]
 [15 11  4 15]
 [13  1 14  2]
 [ 6 12  4 15]
 [10 13 13  6]
 [13  0  9 15]
 [15 11  3  3]
 [ 6  6  7 15]], 

=11 

=16 

[debug] move action_id=8, action=((0, 0), (0, 1)), 
[debug] current_player=0 (R), 
[debug] board[(0, 0)]=14, board[(0, 1)]=8, 
[debug] board state:
[[14  8  8 15]
 [15 11  4 15]
 [13  1 14  2]
 [ 6 12  4 15]
 [10 13 13  6]
 [13  0  9 15]
 [15 11  3  3]
 [ 6  6  7 15]], 

=10 

=16 

=12 d8 d8

[debug] move action_id=33, action=((0, 3), (0, 3)), 
[debug] current_player=1 (B), 
[debug] board[(0, 3)]=12, board[(0, 3)]=12, 
[debug] board state:
[[14  8  8 12]
 [15 11  4 15]
 [13  1 14  2]
 [ 6 12  4 15]
 [10 13 13  6]
 [13  0  9 15]
 [15 11  3  3]
 [ 6  6  7 15]], 

=11 

=16 

[debug] move action_id=19, action=((0, 1), (0, 0)), 
[debug] current_player=0 (R), 
[debug] board[(0, 1)]=14, board[(0, 0)]=8, 
[debug] board state:
[[ 8 14  8 12]
 [15 11  4 15]
 [13  1 14  2]
 [ 6 12  4 15]
 [10 13 13  6]
 [13  0  9 15]
 [15 11  3  3]
 [ 6  6  7 15]], 

=10 

=16 

=12 c5 c4

[debug] move action_id=202, action=((3, 2), (4, 2)), 
[debug] current_player=1 (B), 
[debug] board[(3, 2)]=14, board[(4, 2)]=4, 
[debug] board state:
[[ 8 14  8 12]
 [15 11  4 15]
 [13  1 14  2]
 [ 6 12 14 15]
 [10 13  4  6]
 [13  0  9 15]
 [15 11  3  3]
 [ 6  6  7 15]], 

=10 

=16 

[debug] move action_id=8, action=((0, 0), (0, 1)), 
[debug] current_player=0 (R), 
[debug] board[(0, 0)]=14, board[(0, 1)]=8, 
[debug] board state:
[[14  8  8 12]
 [15 11  4 15]
 [13  1 14  2]
 [ 6 12 14 15]
 [10 13  4  6]
 [13  0  9 15]
 [15 11  3  3]
 [ 6  6  7 15]], 

=10 

=16 

=12 b6 c6

[debug] move action_id=108, action=((2, 1), (2, 2)), 
[debug] current_player=1 (B), 
[debug] board[(2, 1)]=14, board[(2, 2)]=1, 
[debug] board state:
[[14  8  8 12]
 [15 11  4 15]
 [13 14  1  2]
 [ 6 12 14 15]
 [10 13  4  6]
 [13  0  9 15]
 [15 11  3  3]
 [ 6  6  7 15]], 

=10 

=16 

[debug] move action_id=19, action=((0, 1), (0, 0)), 
[debug] current_player=0 (R), 
[debug] board[(0, 1)]=14, board[(0, 0)]=8, 
[debug] board state:
[[ 8 14  8 12]
 [15 11  4 15]
 [13 14  1  2]
 [ 6 12 14 15]
 [10 13  4  6]
 [13  0  9 15]
 [15 11  3  3]
 [ 6  6  7 15]], 

=10 

=16 

=12 c6 c5

[debug] move action_id=157, action=((2, 2), (3, 2)), 
[debug] current_player=1 (B), 
[debug] board[(2, 2)]=14, board[(3, 2)]=1, 
[debug] board state:
[[ 8 14  8 12]
 [15 11  4 15]
 [13 14 14  2]
 [ 6 12  1 15]
 [10 13  4  6]
 [13  0  9 15]
 [15 11  3  3]
 [ 6  6  7 15]], 

=10 

=16 

[debug] move action_id=8, action=((0, 0), (0, 1)), 
[debug] current_player=0 (R), 
[debug] board[(0, 0)]=14, board[(0, 1)]=8, 
[debug] board state:
[[14  8  8 12]
 [15 11  4 15]
 [13 14 14  2]
 [ 6 12  1 15]
 [10 13  4  6]
 [13  0  9 15]
 [15 11  3  3]
 [ 6  6  7 15]], 

=10 

=16 

=12 c5 c6

[debug] move action_id=113, action=((3, 2), (2, 2)), 
[debug] current_player=1 (B), 
[debug] board[(3, 2)]=14, board[(2, 2)]=1, 
[debug] board state:
[[14  8  8 12]
 [15 11  4 15]
 [13 14  1  2]
 [ 6 12 14 15]
 [10 13  4  6]
 [13  0  9 15]
 [15 11  3  3]
 [ 6  6  7 15]], 

=10 

=16 

[debug] move action_id=19, action=((0, 1), (0, 0)), 
[debug] current_player=0 (R), 
[debug] board[(0, 1)]=14, board[(0, 0)]=8, 
[debug] board state:
[[ 8 14  8 12]
 [15 11  4 15]
 [13 14  1  2]
 [ 6 12 14 15]
 [10 13  4  6]
 [13  0  9 15]
 [15 11  3  3]
 [ 6  6  7 15]], 

=10 

=16 

=12 c6 c5

[debug] move action_id=157, action=((2, 2), (3, 2)), 
[debug] current_player=1 (B), 
[debug] board[(2, 2)]=14, board[(3, 2)]=1, 
[debug] board state:
[[ 8 14  8 12]
 [15 11  4 15]
 [13 14 14  2]
 [ 6 12  1 15]
 [10 13  4  6]
 [13  0  9 15]
 [15 11  3  3]
 [ 6  6  7 15]], 

=10 

=16 

[debug] move action_id=8, action=((0, 0), (0, 1)), 
[debug] current_player=0 (R), 
[debug] board[(0, 0)]=14, board[(0, 1)]=8, 
[debug] board state:
[[14  8  8 12]
 [15 11  4 15]
 [13 14 14  2]
 [ 6 12  1 15]
 [10 13  4  6]
 [13  0  9 15]
 [15 11  3  3]
 [ 6  6  7 15]], 

=10 

=16 

=12 b3 c3

[debug] move action_id=240, action=((5, 1), (5, 2)), 
[debug] current_player=1 (B), 
[debug] board[(5, 1)]=14, board[(5, 2)]=0, 
[debug] board state:
[[14  8  8 12]
 [15 11  4 15]
 [13 14 14  2]
 [ 6 12  1 15]
 [10 13  4  6]
 [13 14  0 15]
 [15 11  3  3]
 [ 6  6  7 15]], 

=10 

=16 

[debug] move action_id=19, action=((0, 1), (0, 0)), 
[debug] current_player=0 (R), 
[debug] board[(0, 1)]=14, board[(0, 0)]=8, 
[debug] board state:
[[ 8 14  8 12]
 [15 11  4 15]
 [13 14 14  2]
 [ 6 12  1 15]
 [10 13  4  6]
 [13 14  0 15]
 [15 11  3  3]
 [ 6  6  7 15]], 

=10 

=16 

=12 c3 b3

[debug] move action_id=251, action=((5, 2), (5, 1)), 
[debug] current_player=1 (B), 
[debug] board[(5, 2)]=14, board[(5, 1)]=0, 
[debug] board state:
[[ 8 14  8 12]
 [15 11  4 15]
 [13 14 14  2]
 [ 6 12  1 15]
 [10 13  4  6]
 [13  0 14 15]
 [15 11  3  3]
 [ 6  6  7 15]], 

=10 

=16 

[debug] move action_id=8, action=((0, 0), (0, 1)), 
[debug] current_player=0 (R), 
[debug] board[(0, 0)]=14, board[(0, 1)]=8, 
[debug] board state:
[[14  8  8 12]
 [15 11  4 15]
 [13 14 14  2]
 [ 6 12  1 15]
 [10 13  4  6]
 [13  0 14 15]
 [15 11  3  3]
 [ 6  6  7 15]], 

=10 

=16 

=12 b3 c3

[debug] move action_id=240, action=((5, 1), (5, 2)), 
[debug] current_player=1 (B), 
[debug] board[(5, 1)]=14, board[(5, 2)]=0, 
[debug] board state:
[[14  8  8 12]
 [15 11  4 15]
 [13 14 14  2]
 [ 6 12  1 15]
 [10 13  4  6]
 [13 14  0 15]
 [15 11  3  3]
 [ 6  6  7 15]], 

=10 

=16 

[debug] move action_id=19, action=((0, 1), (0, 0)), 
[debug] current_player=0 (R), 
[debug] board[(0, 1)]=14, board[(0, 0)]=8, 
[debug] board state:
[[ 8 14  8 12]
 [15 11  4 15]
 [13 14 14  2]
 [ 6 12  1 15]
 [10 13  4  6]
 [13 14  0 15]
 [15 11  3  3]
 [ 6  6  7 15]], 

=10 

=16 

=12 c3 b3

[debug] move action_id=251, action=((5, 2), (5, 1)), 
[debug] current_player=1 (B), 
[debug] board[(5, 2)]=14, board[(5, 1)]=0, 
[debug] board state:
[[ 8 14  8 12]
 [15 11  4 15]
 [13 14 14  2]
 [ 6 12  1 15]
 [10 13  4  6]
 [13  0 14 15]
 [15 11  3  3]
 [ 6  6  7 15]], 

=10 

=16 

[debug] move action_id=8, action=((0, 0), (0, 1)), 
[debug] current_player=0 (R), 
[debug] board[(0, 0)]=14, board[(0, 1)]=8, 
[debug] board state:
[[14  8  8 12]
 [15 11  4 15]
 [13 14 14  2]
 [ 6 12  1 15]
 [10 13  4  6]
 [13  0 14 15]
 [15 11  3  3]
 [ 6  6  7 15]], 

=10 

=16 

=12 c5 c6

[debug] move action_id=113, action=((3, 2), (2, 2)), 
[debug] current_player=1 (B), 
[debug] board[(3, 2)]=14, board[(2, 2)]=1, 
[debug] board state:
[[14  8  8 12]
 [15 11  4 15]
 [13 14  1  2]
 [ 6 12 14 15]
 [10 13  4  6]
 [13  0 14 15]
 [15 11  3  3]
 [ 6  6  7 15]], 

=10 

=16 

[debug] move action_id=19, action=((0, 1), (0, 0)), 
[debug] current_player=0 (R), 
[debug] board[(0, 1)]=14, board[(0, 0)]=8, 
[debug] board state:
[[ 8 14  8 12]
 [15 11  4 15]
 [13 14  1  2]
 [ 6 12 14 15]
 [10 13  4  6]
 [13  0 14 15]
 [15 11  3  3]
 [ 6  6  7 15]], 

=10 

=16 

=12 c6 c5

[debug] move action_id=157, action=((2, 2), (3, 2)), 
[debug] current_player=1 (B), 
[debug] board[(2, 2)]=14, board[(3, 2)]=1, 
[debug] board state:
[[ 8 14  8 12]
 [15 11  4 15]
 [13 14 14  2]
 [ 6 12  1 15]
 [10 13  4  6]
 [13  0 14 15]
 [15 11  3  3]
 [ 6  6  7 15]], 

=10 

=16 

[debug] move action_id=8, action=((0, 0), (0, 1)), 
[debug] current_player=0 (R), 
[debug] board[(0, 0)]=14, board[(0, 1)]=8, 
[debug] board state:
[[14  8  8 12]
 [15 11  4 15]
 [13 14 14  2]
 [ 6 12  1 15]
 [10 13  4  6]
 [13  0 14 15]
 [15 11  3  3]
 [ 6  6  7 15]], 

=10 

=16 

=12 c5 c6

[debug] move action_id=113, action=((3, 2), (2, 2)), 
[debug] current_player=1 (B), 
[debug] board[(3, 2)]=14, board[(2, 2)]=1, 
[debug] board state:
[[14  8  8 12]
 [15 11  4 15]
 [13 14  1  2]
 [ 6 12 14 15]
 [10 13  4  6]
 [13  0 14 15]
 [15 11  3  3]
 [ 6  6  7 15]], 

=10 

=16 

[debug] move action_id=19, action=((0, 1), (0, 0)), 
[debug] current_player=0 (R), 
[debug] board[(0, 1)]=14, board[(0, 0)]=8, 
[debug] board state:
[[ 8 14  8 12]
 [15 11  4 15]
 [13 14  1  2]
 [ 6 12 14 15]
 [10 13  4  6]
 [13  0 14 15]
 [15 11  3  3]
 [ 6  6  7 15]], 

=10 

=16 

=12 c6 c5

[debug] move action_id=157, action=((2, 2), (3, 2)), 
[debug] current_player=1 (B), 
[debug] board[(2, 2)]=14, board[(3, 2)]=1, 
[debug] board state:
[[ 8 14  8 12]
 [15 11  4 15]
 [13 14 14  2]
 [ 6 12  1 15]
 [10 13  4  6]
 [13  0 14 15]
 [15 11  3  3]
 [ 6  6  7 15]], 

=10 

=16 

[debug] move action_id=8, action=((0, 0), (0, 1)), 
[debug] current_player=0 (R), 
[debug] board[(0, 0)]=14, board[(0, 1)]=8, 
[debug] board state:
[[14  8  8 12]
 [15 11  4 15]
 [13 14 14  2]
 [ 6 12  1 15]
 [10 13  4  6]
 [13  0 14 15]
 [15 11  3  3]
 [ 6  6  7 15]], 

=10 

=16 

=12 c5 c6

[debug] move action_id=113, action=((3, 2), (2, 2)), 
[debug] current_player=1 (B), 
[debug] board[(3, 2)]=14, board[(2, 2)]=1, 
[debug] board state:
[[14  8  8 12]
 [15 11  4 15]
 [13 14  1  2]
 [ 6 12 14 15]
 [10 13  4  6]
 [13  0 14 15]
 [15 11  3  3]
 [ 6  6  7 15]], 

=10 

=16 

[debug] move action_id=19, action=((0, 1), (0, 0)), 
[debug] current_player=0 (R), 
[debug] board[(0, 1)]=14, board[(0, 0)]=8, 
[debug] board state:
[[ 8 14  8 12]
 [15 11  4 15]
 [13 14  1  2]
 [ 6 12 14 15]
 [10 13  4  6]
 [13  0 14 15]
 [15 11  3  3]
 [ 6  6  7 15]], 

=10 

=16 

=12 c6 c5

[debug] move action_id=157, action=((2, 2), (3, 2)), 
[debug] current_player=1 (B), 
[debug] board[(2, 2)]=14, board[(3, 2)]=1, 
[debug] board state:
[[ 8 14  8 12]
 [15 11  4 15]
 [13 14 14  2]
 [ 6 12  1 15]
 [10 13  4  6]
 [13  0 14 15]
 [15 11  3  3]
 [ 6  6  7 15]], 

=10 

=16 


# 10 12 46 48 82 84 118 120 154 156 190 192 226 228 262 264 298 300 334 336 370 372 406 408 442 444 478 480 514 516 550 552 586 588 622 624 658 660 694 696 730 732 766 768 802 804 838 840 874 876 910 912 946 948 982 984 1018 1020 1054 1056 1090 1092 1126 1128 1162 1164 1198 1200 1234 1236 1270 1272 1306 1308 1342 1344 1378 1380 1414 1416 #
/home/ntcucsk201/anaconda3/envs/darkchess/lib/python3.10/site-packages/treevalue/tree/integration/torch.py:23: FutureWarning: `torch.utils._pytree._register_pytree_node` is deprecated. Please use `torch.utils._pytree.register_pytree_node` instead.
  register_for_torch(TreeValue)
/home/ntcucsk201/anaconda3/envs/darkchess/lib/python3.10/site-packages/treevalue/tree/integration/torch.py:24: FutureWarning: `torch.utils._pytree._register_pytree_node` is deprecated. Please use `torch.utils._pytree.register_pytree_node` instead.
  register_for_torch(FastTreeValue)
Gym has been unmaintained since 2022 and does not support NumPy 2.0 amongst other critical functionality.
Please upgrade to Gymnasium, the maintained drop-in replacement of Gym, or contact the authors of your software and request that they upgrade.
See the migration guide at https://gymnasium.farama.org/introduction/migration_guide/ for additional information.
[DEBUG] Config loaded successfully
/home/ntcucsk201/DarkChess/LightZero/zoo/board_games/darkchess/muzero_mgtp.py:38: FutureWarning: You are using `torch.load` with `weights_only=False` (the current default value), which uses the default pickle module implicitly. It is possible to construct malicious pickle data which will execute arbitrary code during unpickling (See https://github.com/pytorch/pytorch/blob/main/SECURITY.md#untrusted-models for more details). In a future release, the default value for `weights_only` will be flipped to `True`. This limits the functions that could be executed during unpickling. Arbitrary objects will no longer be allowed to be loaded via this mode unless they are explicitly allowlisted by the user via `torch.serialization.add_safe_globals`. We recommend you start setting `weights_only=True` for any use case where you don't have full control of the loaded file. Please open an issue on GitHub for any issues related to this experimental feature.
  checkpoint = torch.load(model_path, map_location='cpu')
[DEBUG] Model moved to device: cuda:0

###
Account: a0_mu
Mode: MGTP
Path: /home/ntcucsk201/anaconda3/envs/darkchess/bin/python
Arg: /home/ntcucsk201/DarkChess/LightZero/zoo/board_games/darkchess/muzero_mgtp.py -model_path /home/ntcucsk201/DarkChess/LightZero/zoo/board_games/darkchess/data_muzero/darkchess_muzero_ns1000_upc50_rer0.0_bs512/ckpt/ckpt_best.pth.tar -config_path /home/ntcucsk201/DarkChess/LightZero/zoo/board_games/darkchess/data_muzero/darkchess_muzero_ns1000_upc50_rer0.0_bs512/formatted_total_config.py
Name: LightZero_DarkChess
Version: 1.0.0
###
