INITIAL
* 11:6pm Feb 22, 2026
* a0_mu vs a1_alphazero
* 1 2 2 2 2 2 5 1 2 2 2 2 2 5
* X X X X
* X X X X
* X X X X
* X X X X
* X X X X
* X X X X
* X X X X
* X X X X
* first 0
* time 900
* 1. b1(P) a8(C)
* 2. c7(p) b8(g)
* 3. a6(N) b8-a8
* 4. c6(M) a8-b8
* 5. a5(C) b8-a8
* 6. a3(P) a8-b8
* 7. c3(p) b8-a8
* 8. a1(p) a8-b8
* 9. c5(k) b8-a8
* 10. b7(p) a8-b8
* 11. d7(R) b8-a8
* 12. d2(m) a8-b8
* 13. c4(m) b8-a8
* 14. d1(P) a8-b8
* 15. d4(N) b8-a8
* 16. d6(K) a8-b8
* 17. c6-c7 b8-a8
* 18. c2(n) a8-b8
* 19. c8(P) b8-a8
* 20. d8(c) a8-b8
* 21. b2(M) b8-a8
* 22. c1(g) a8-b8
* 23. b2-c2 b8-a8
* 24. c2-c3 a8-b8
* 25. a4(p) b8-a8
* 26. b6(P) a8-b8
* 27. b3(G) b8-a8
* 28. c3-c2 a8-b8
* 29. c2-c3 b8-a8
* 30. c3-c2 a8-b8
* 31. c2-c3 b8-a8
* 32. c3-c2 a8-b8
* 33. c2-c3
* PositionRepetitionDraw,3,4 a0_mu Draw 0.500000,0.500000
* Comment 0 0
0. 1771772809706
1. 1771772809706
2. 1771772810239
3. 1771772812253
4. 1771772812695
5. 1771772814659
6. 1771772815101
7. 1771772817115
8. 1771772817508
9. 1771772819471
10. 1771772819913
11. 1771772821926
12. 1771772822319
13. 1771772824281
14. 1771772824675
15. 1771772826687
16. 1771772827080
17. 1771772829093
18. 1771772829535
19. 1771772831498
20. 1771772831940
21. 1771772833954
22. 1771772834395
23. 1771772836409
24. 1771772836850
25. 1771772838864
26. 1771772839306
27. 1771772841321
28. 1771772841760
29. 1771772843777
30. 1771772844215
31. 1771772846231
32. 1771772846668
33. 1771772848686
34. 1771772849122
35. 1771772851141
36. 1771772851576
37. 1771772853596
38. 1771772854032
39. 1771772856054
40. 1771772856487
41. 1771772858509
42. 1771772858944
43. 1771772860964
44. 1771772861398
45. 1771772863419
46. 1771772863855
47. 1771772865874
48. 1771772866311
49. 1771772868329
50. 1771772868765
51. 1771772870784
52. 1771772871220
53. 1771772873239
54. 1771772873674
55. 1771772875694
56. 1771772876129
57. 1771772878149
58. 1771772878584
59. 1771772880603
60. 1771772881039
61. 1771772883058
62. 1771772883494
63. 1771772885512
64. 1771772885949
65. 1771772887967

# 10 12 46 48 82 84 118 120 154 156 190 192 226 228 262 264 298 300 334 336 370 372 406 408 442 444 478 480 514 516 550 552 586 588 622 624 658 660 694 696 730 732 766 768 802 804 838 840 874 876 910 912 946 948 982 984 1018 1020 1054 1056 1090 1092 1126 1128 1162 1164 #
LightZero MGTP Interface Ready
=1 LightZero_DarkChess

=2 1.0.0

=7 

=15 

=14 

=12 b1 b1

[debug] move action_id=319, action=((7, 1), (7, 1)), 
[debug] current_player=1 (B), 
[debug] board[(7, 1)]=6, board[(7, 1)]=6, 
[debug] board state:
[[15 15 15 15]
 [15 15 15 15]
 [15 15 15 15]
 [15 15 15 15]
 [15 15 15 15]
 [15 15 15 15]
 [15 15 15 15]
 [15  6 15 15]], 

=11 

=16 

[debug] move action_id=0, action=((0, 0), (0, 0)), 
[debug] current_player=0 (R), 
[debug] board[(0, 0)]=5, board[(0, 0)]=5, 
[debug] board state:
[[ 5 15 15 15]
 [15 15 15 15]
 [15 15 15 15]
 [15 15 15 15]
 [15 15 15 15]
 [15 15 15 15]
 [15 15 15 15]
 [15  6 15 15]], 

=11 

=16 

=12 c7 c7

[debug] move action_id=66, action=((1, 2), (1, 2)), 
[debug] current_player=1 (B), 
[debug] board[(1, 2)]=13, board[(1, 2)]=13, 
[debug] board state:
[[ 5 15 15 15]
 [15 15 13 15]
 [15 15 15 15]
 [15 15 15 15]
 [15 15 15 15]
 [15 15 15 15]
 [15 15 15 15]
 [15  6 15 15]], 

=11 

=16 

[debug] move action_id=11, action=((0, 1), (0, 1)), 
[debug] current_player=0 (R), 
[debug] board[(0, 1)]=8, board[(0, 1)]=8, 
[debug] board state:
[[ 5  8 15 15]
 [15 15 13 15]
 [15 15 15 15]
 [15 15 15 15]
 [15 15 15 15]
 [15 15 15 15]
 [15 15 15 15]
 [15  6 15 15]], 

=11 

=16 

=12 a6 a6

[debug] move action_id=88, action=((2, 0), (2, 0)), 
[debug] current_player=1 (B), 
[debug] board[(2, 0)]=4, board[(2, 0)]=4, 
[debug] board state:
[[ 5  8 15 15]
 [15 15 13 15]
 [ 4 15 15 15]
 [15 15 15 15]
 [15 15 15 15]
 [15 15 15 15]
 [15 15 15 15]
 [15  6 15 15]], 

=11 

=16 

[debug] move action_id=19, action=((0, 1), (0, 0)), 
[debug] current_player=0 (R), 
[debug] board[(0, 1)]=14, board[(0, 0)]=8, 
[debug] board state:
[[ 8 14 15 15]
 [15 15 13 15]
 [ 4 15 15 15]
 [15 15 15 15]
 [15 15 15 15]
 [15 15 15 15]
 [15 15 15 15]
 [15  6 15 15]], 

=10 

=16 

=12 c6 c6

[debug] move action_id=110, action=((2, 2), (2, 2)), 
[debug] current_player=1 (B), 
[debug] board[(2, 2)]=2, board[(2, 2)]=2, 
[debug] board state:
[[ 8 14 15 15]
 [15 15 13 15]
 [ 4 15  2 15]
 [15 15 15 15]
 [15 15 15 15]
 [15 15 15 15]
 [15 15 15 15]
 [15  6 15 15]], 

=11 

=16 

[debug] move action_id=8, action=((0, 0), (0, 1)), 
[debug] current_player=0 (R), 
[debug] board[(0, 0)]=14, board[(0, 1)]=8, 
[debug] board state:
[[14  8 15 15]
 [15 15 13 15]
 [ 4 15  2 15]
 [15 15 15 15]
 [15 15 15 15]
 [15 15 15 15]
 [15 15 15 15]
 [15  6 15 15]], 

=10 

=16 

=12 a5 a5

[debug] move action_id=132, action=((3, 0), (3, 0)), 
[debug] current_player=1 (B), 
[debug] board[(3, 0)]=5, board[(3, 0)]=5, 
[debug] board state:
[[14  8 15 15]
 [15 15 13 15]
 [ 4 15  2 15]
 [ 5 15 15 15]
 [15 15 15 15]
 [15 15 15 15]
 [15 15 15 15]
 [15  6 15 15]], 

=11 

=16 

[debug] move action_id=19, action=((0, 1), (0, 0)), 
[debug] current_player=0 (R), 
[debug] board[(0, 1)]=14, board[(0, 0)]=8, 
[debug] board state:
[[ 8 14 15 15]
 [15 15 13 15]
 [ 4 15  2 15]
 [ 5 15 15 15]
 [15 15 15 15]
 [15 15 15 15]
 [15 15 15 15]
 [15  6 15 15]], 

=10 

=16 

=12 a3 a3

[debug] move action_id=220, action=((5, 0), (5, 0)), 
[debug] current_player=1 (B), 
[debug] board[(5, 0)]=6, board[(5, 0)]=6, 
[debug] board state:
[[ 8 14 15 15]
 [15 15 13 15]
 [ 4 15  2 15]
 [ 5 15 15 15]
 [15 15 15 15]
 [ 6 15 15 15]
 [15 15 15 15]
 [15  6 15 15]], 

=11 

=16 

[debug] move action_id=8, action=((0, 0), (0, 1)), 
[debug] current_player=0 (R), 
[debug] board[(0, 0)]=14, board[(0, 1)]=8, 
[debug] board state:
[[14  8 15 15]
 [15 15 13 15]
 [ 4 15  2 15]
 [ 5 15 15 15]
 [15 15 15 15]
 [ 6 15 15 15]
 [15 15 15 15]
 [15  6 15 15]], 

=10 

=16 

=12 c3 c3

[debug] move action_id=242, action=((5, 2), (5, 2)), 
[debug] current_player=1 (B), 
[debug] board[(5, 2)]=13, board[(5, 2)]=13, 
[debug] board state:
[[14  8 15 15]
 [15 15 13 15]
 [ 4 15  2 15]
 [ 5 15 15 15]
 [15 15 15 15]
 [ 6 15 13 15]
 [15 15 15 15]
 [15  6 15 15]], 

=11 

=16 

[debug] move action_id=19, action=((0, 1), (0, 0)), 
[debug] current_player=0 (R), 
[debug] board[(0, 1)]=14, board[(0, 0)]=8, 
[debug] board state:
[[ 8 14 15 15]
 [15 15 13 15]
 [ 4 15  2 15]
 [ 5 15 15 15]
 [15 15 15 15]
 [ 6 15 13 15]
 [15 15 15 15]
 [15  6 15 15]], 

=10 

=16 

=12 a1 a1

[debug] move action_id=308, action=((7, 0), (7, 0)), 
[debug] current_player=1 (B), 
[debug] board[(7, 0)]=13, board[(7, 0)]=13, 
[debug] board state:
[[ 8 14 15 15]
 [15 15 13 15]
 [ 4 15  2 15]
 [ 5 15 15 15]
 [15 15 15 15]
 [ 6 15 13 15]
 [15 15 15 15]
 [13  6 15 15]], 

=11 

=16 

[debug] move action_id=8, action=((0, 0), (0, 1)), 
[debug] current_player=0 (R), 
[debug] board[(0, 0)]=14, board[(0, 1)]=8, 
[debug] board state:
[[14  8 15 15]
 [15 15 13 15]
 [ 4 15  2 15]
 [ 5 15 15 15]
 [15 15 15 15]
 [ 6 15 13 15]
 [15 15 15 15]
 [13  6 15 15]], 

=10 

=16 

=12 c5 c5

[debug] move action_id=154, action=((3, 2), (3, 2)), 
[debug] current_player=1 (B), 
[debug] board[(3, 2)]=7, board[(3, 2)]=7, 
[debug] board state:
[[14  8 15 15]
 [15 15 13 15]
 [ 4 15  2 15]
 [ 5 15  7 15]
 [15 15 15 15]
 [ 6 15 13 15]
 [15 15 15 15]
 [13  6 15 15]], 

=11 

=16 

[debug] move action_id=19, action=((0, 1), (0, 0)), 
[debug] current_player=0 (R), 
[debug] board[(0, 1)]=14, board[(0, 0)]=8, 
[debug] board state:
[[ 8 14 15 15]
 [15 15 13 15]
 [ 4 15  2 15]
 [ 5 15  7 15]
 [15 15 15 15]
 [ 6 15 13 15]
 [15 15 15 15]
 [13  6 15 15]], 

=10 

=16 

=12 b7 b7

[debug] move action_id=55, action=((1, 1), (1, 1)), 
[debug] current_player=1 (B), 
[debug] board[(1, 1)]=13, board[(1, 1)]=13, 
[debug] board state:
[[ 8 14 15 15]
 [15 13 13 15]
 [ 4 15  2 15]
 [ 5 15  7 15]
 [15 15 15 15]
 [ 6 15 13 15]
 [15 15 15 15]
 [13  6 15 15]], 

=11 

=16 

[debug] move action_id=8, action=((0, 0), (0, 1)), 
[debug] current_player=0 (R), 
[debug] board[(0, 0)]=14, board[(0, 1)]=8, 
[debug] board state:
[[14  8 15 15]
 [15 13 13 15]
 [ 4 15  2 15]
 [ 5 15  7 15]
 [15 15 15 15]
 [ 6 15 13 15]
 [15 15 15 15]
 [13  6 15 15]], 

=10 

=16 

=12 d7 d7

[debug] move action_id=77, action=((1, 3), (1, 3)), 
[debug] current_player=1 (B), 
[debug] board[(1, 3)]=3, board[(1, 3)]=3, 
[debug] board state:
[[14  8 15 15]
 [15 13 13  3]
 [ 4 15  2 15]
 [ 5 15  7 15]
 [15 15 15 15]
 [ 6 15 13 15]
 [15 15 15 15]
 [13  6 15 15]], 

=11 

=16 

[debug] move action_id=19, action=((0, 1), (0, 0)), 
[debug] current_player=0 (R), 
[debug] board[(0, 1)]=14, board[(0, 0)]=8, 
[debug] board state:
[[ 8 14 15 15]
 [15 13 13  3]
 [ 4 15  2 15]
 [ 5 15  7 15]
 [15 15 15 15]
 [ 6 15 13 15]
 [15 15 15 15]
 [13  6 15 15]], 

=10 

=16 

=12 d2 d2

[debug] move action_id=297, action=((6, 3), (6, 3)), 
[debug] current_player=1 (B), 
[debug] board[(6, 3)]=9, board[(6, 3)]=9, 
[debug] board state:
[[ 8 14 15 15]
 [15 13 13  3]
 [ 4 15  2 15]
 [ 5 15  7 15]
 [15 15 15 15]
 [ 6 15 13 15]
 [15 15 15  9]
 [13  6 15 15]], 

=11 

=16 

[debug] move action_id=8, action=((0, 0), (0, 1)), 
[debug] current_player=0 (R), 
[debug] board[(0, 0)]=14, board[(0, 1)]=8, 
[debug] board state:
[[14  8 15 15]
 [15 13 13  3]
 [ 4 15  2 15]
 [ 5 15  7 15]
 [15 15 15 15]
 [ 6 15 13 15]
 [15 15 15  9]
 [13  6 15 15]], 

=10 

=16 

=12 c4 c4

[debug] move action_id=198, action=((4, 2), (4, 2)), 
[debug] current_player=1 (B), 
[debug] board[(4, 2)]=9, board[(4, 2)]=9, 
[debug] board state:
[[14  8 15 15]
 [15 13 13  3]
 [ 4 15  2 15]
 [ 5 15  7 15]
 [15 15  9 15]
 [ 6 15 13 15]
 [15 15 15  9]
 [13  6 15 15]], 

=11 

=16 

[debug] move action_id=19, action=((0, 1), (0, 0)), 
[debug] current_player=0 (R), 
[debug] board[(0, 1)]=14, board[(0, 0)]=8, 
[debug] board state:
[[ 8 14 15 15]
 [15 13 13  3]
 [ 4 15  2 15]
 [ 5 15  7 15]
 [15 15  9 15]
 [ 6 15 13 15]
 [15 15 15  9]
 [13  6 15 15]], 

=10 

=16 

=12 d1 d1

[debug] move action_id=341, action=((7, 3), (7, 3)), 
[debug] current_player=1 (B), 
[debug] board[(7, 3)]=6, board[(7, 3)]=6, 
[debug] board state:
[[ 8 14 15 15]
 [15 13 13  3]
 [ 4 15  2 15]
 [ 5 15  7 15]
 [15 15  9 15]
 [ 6 15 13 15]
 [15 15 15  9]
 [13  6 15  6]], 

=11 

=16 

[debug] move action_id=8, action=((0, 0), (0, 1)), 
[debug] current_player=0 (R), 
[debug] board[(0, 0)]=14, board[(0, 1)]=8, 
[debug] board state:
[[14  8 15 15]
 [15 13 13  3]
 [ 4 15  2 15]
 [ 5 15  7 15]
 [15 15  9 15]
 [ 6 15 13 15]
 [15 15 15  9]
 [13  6 15  6]], 

=10 

=16 

=12 d4 d4

[debug] move action_id=209, action=((4, 3), (4, 3)), 
[debug] current_player=1 (B), 
[debug] board[(4, 3)]=4, board[(4, 3)]=4, 
[debug] board state:
[[14  8 15 15]
 [15 13 13  3]
 [ 4 15  2 15]
 [ 5 15  7 15]
 [15 15  9  4]
 [ 6 15 13 15]
 [15 15 15  9]
 [13  6 15  6]], 

=11 

=16 

[debug] move action_id=19, action=((0, 1), (0, 0)), 
[debug] current_player=0 (R), 
[debug] board[(0, 1)]=14, board[(0, 0)]=8, 
[debug] board state:
[[ 8 14 15 15]
 [15 13 13  3]
 [ 4 15  2 15]
 [ 5 15  7 15]
 [15 15  9  4]
 [ 6 15 13 15]
 [15 15 15  9]
 [13  6 15  6]], 

=10 

=16 

=12 d6 d6

[debug] move action_id=121, action=((2, 3), (2, 3)), 
[debug] current_player=1 (B), 
[debug] board[(2, 3)]=0, board[(2, 3)]=0, 
[debug] board state:
[[ 8 14 15 15]
 [15 13 13  3]
 [ 4 15  2  0]
 [ 5 15  7 15]
 [15 15  9  4]
 [ 6 15 13 15]
 [15 15 15  9]
 [13  6 15  6]], 

=11 

=16 

[debug] move action_id=8, action=((0, 0), (0, 1)), 
[debug] current_player=0 (R), 
[debug] board[(0, 0)]=14, board[(0, 1)]=8, 
[debug] board state:
[[14  8 15 15]
 [15 13 13  3]
 [ 4 15  2  0]
 [ 5 15  7 15]
 [15 15  9  4]
 [ 6 15 13 15]
 [15 15 15  9]
 [13  6 15  6]], 

=10 

=16 

=12 c6 c7

[debug] move action_id=68, action=((2, 2), (1, 2)), 
[debug] current_player=1 (B), 
[debug] board[(2, 2)]=14, board[(1, 2)]=2, 
[debug] board state:
[[14  8 15 15]
 [15 13  2  3]
 [ 4 15 14  0]
 [ 5 15  7 15]
 [15 15  9  4]
 [ 6 15 13 15]
 [15 15 15  9]
 [13  6 15  6]], 

=10 

=16 

[debug] move action_id=19, action=((0, 1), (0, 0)), 
[debug] current_player=0 (R), 
[debug] board[(0, 1)]=14, board[(0, 0)]=8, 
[debug] board state:
[[ 8 14 15 15]
 [15 13  2  3]
 [ 4 15 14  0]
 [ 5 15  7 15]
 [15 15  9  4]
 [ 6 15 13 15]
 [15 15 15  9]
 [13  6 15  6]], 

=10 

=16 

=12 c2 c2

[debug] move action_id=286, action=((6, 2), (6, 2)), 
[debug] current_player=1 (B), 
[debug] board[(6, 2)]=11, board[(6, 2)]=11, 
[debug] board state:
[[ 8 14 15 15]
 [15 13  2  3]
 [ 4 15 14  0]
 [ 5 15  7 15]
 [15 15  9  4]
 [ 6 15 13 15]
 [15 15 11  9]
 [13  6 15  6]], 

=11 

=16 

[debug] move action_id=8, action=((0, 0), (0, 1)), 
[debug] current_player=0 (R), 
[debug] board[(0, 0)]=14, board[(0, 1)]=8, 
[debug] board state:
[[14  8 15 15]
 [15 13  2  3]
 [ 4 15 14  0]
 [ 5 15  7 15]
 [15 15  9  4]
 [ 6 15 13 15]
 [15 15 11  9]
 [13  6 15  6]], 

=10 

=16 

=12 c8 c8

[debug] move action_id=22, action=((0, 2), (0, 2)), 
[debug] current_player=1 (B), 
[debug] board[(0, 2)]=6, board[(0, 2)]=6, 
[debug] board state:
[[14  8  6 15]
 [15 13  2  3]
 [ 4 15 14  0]
 [ 5 15  7 15]
 [15 15  9  4]
 [ 6 15 13 15]
 [15 15 11  9]
 [13  6 15  6]], 

=11 

=16 

[debug] move action_id=19, action=((0, 1), (0, 0)), 
[debug] current_player=0 (R), 
[debug] board[(0, 1)]=14, board[(0, 0)]=8, 
[debug] board state:
[[ 8 14  6 15]
 [15 13  2  3]
 [ 4 15 14  0]
 [ 5 15  7 15]
 [15 15  9  4]
 [ 6 15 13 15]
 [15 15 11  9]
 [13  6 15  6]], 

=10 

=16 

=12 d8 d8

[debug] move action_id=33, action=((0, 3), (0, 3)), 
[debug] current_player=1 (B), 
[debug] board[(0, 3)]=12, board[(0, 3)]=12, 
[debug] board state:
[[ 8 14  6 12]
 [15 13  2  3]
 [ 4 15 14  0]
 [ 5 15  7 15]
 [15 15  9  4]
 [ 6 15 13 15]
 [15 15 11  9]
 [13  6 15  6]], 

=11 

=16 

[debug] move action_id=8, action=((0, 0), (0, 1)), 
[debug] current_player=0 (R), 
[debug] board[(0, 0)]=14, board[(0, 1)]=8, 
[debug] board state:
[[14  8  6 12]
 [15 13  2  3]
 [ 4 15 14  0]
 [ 5 15  7 15]
 [15 15  9  4]
 [ 6 15 13 15]
 [15 15 11  9]
 [13  6 15  6]], 

=10 

=16 

=12 b2 b2

[debug] move action_id=275, action=((6, 1), (6, 1)), 
[debug] current_player=1 (B), 
[debug] board[(6, 1)]=2, board[(6, 1)]=2, 
[debug] board state:
[[14  8  6 12]
 [15 13  2  3]
 [ 4 15 14  0]
 [ 5 15  7 15]
 [15 15  9  4]
 [ 6 15 13 15]
 [15  2 11  9]
 [13  6 15  6]], 

=11 

=16 

[debug] move action_id=19, action=((0, 1), (0, 0)), 
[debug] current_player=0 (R), 
[debug] board[(0, 1)]=14, board[(0, 0)]=8, 
[debug] board state:
[[ 8 14  6 12]
 [15 13  2  3]
 [ 4 15 14  0]
 [ 5 15  7 15]
 [15 15  9  4]
 [ 6 15 13 15]
 [15  2 11  9]
 [13  6 15  6]], 

=10 

=16 

=12 c1 c1

[debug] move action_id=330, action=((7, 2), (7, 2)), 
[debug] current_player=1 (B), 
[debug] board[(7, 2)]=8, board[(7, 2)]=8, 
[debug] board state:
[[ 8 14  6 12]
 [15 13  2  3]
 [ 4 15 14  0]
 [ 5 15  7 15]
 [15 15  9  4]
 [ 6 15 13 15]
 [15  2 11  9]
 [13  6  8  6]], 

=11 

=16 

[debug] move action_id=8, action=((0, 0), (0, 1)), 
[debug] current_player=0 (R), 
[debug] board[(0, 0)]=14, board[(0, 1)]=8, 
[debug] board state:
[[14  8  6 12]
 [15 13  2  3]
 [ 4 15 14  0]
 [ 5 15  7 15]
 [15 15  9  4]
 [ 6 15 13 15]
 [15  2 11  9]
 [13  6  8  6]], 

=10 

=16 

=12 b2 c2

[debug] move action_id=284, action=((6, 1), (6, 2)), 
[debug] current_player=1 (B), 
[debug] board[(6, 1)]=14, board[(6, 2)]=2, 
[debug] board state:
[[14  8  6 12]
 [15 13  2  3]
 [ 4 15 14  0]
 [ 5 15  7 15]
 [15 15  9  4]
 [ 6 15 13 15]
 [15 14  2  9]
 [13  6  8  6]], 

=10 

=16 

[debug] move action_id=19, action=((0, 1), (0, 0)), 
[debug] current_player=0 (R), 
[debug] board[(0, 1)]=14, board[(0, 0)]=8, 
[debug] board state:
[[ 8 14  6 12]
 [15 13  2  3]
 [ 4 15 14  0]
 [ 5 15  7 15]
 [15 15  9  4]
 [ 6 15 13 15]
 [15 14  2  9]
 [13  6  8  6]], 

=10 

=16 

=12 c2 c3

[debug] move action_id=248, action=((6, 2), (5, 2)), 
[debug] current_player=1 (B), 
[debug] board[(6, 2)]=14, board[(5, 2)]=2, 
[debug] board state:
[[ 8 14  6 12]
 [15 13  2  3]
 [ 4 15 14  0]
 [ 5 15  7 15]
 [15 15  9  4]
 [ 6 15  2 15]
 [15 14 14  9]
 [13  6  8  6]], 

=10 

=16 

[debug] move action_id=8, action=((0, 0), (0, 1)), 
[debug] current_player=0 (R), 
[debug] board[(0, 0)]=14, board[(0, 1)]=8, 
[debug] board state:
[[14  8  6 12]
 [15 13  2  3]
 [ 4 15 14  0]
 [ 5 15  7 15]
 [15 15  9  4]
 [ 6 15  2 15]
 [15 14 14  9]
 [13  6  8  6]], 

=10 

=16 

=12 a4 a4

[debug] move action_id=176, action=((4, 0), (4, 0)), 
[debug] current_player=1 (B), 
[debug] board[(4, 0)]=13, board[(4, 0)]=13, 
[debug] board state:
[[14  8  6 12]
 [15 13  2  3]
 [ 4 15 14  0]
 [ 5 15  7 15]
 [13 15  9  4]
 [ 6 15  2 15]
 [15 14 14  9]
 [13  6  8  6]], 

=11 

=16 

[debug] move action_id=19, action=((0, 1), (0, 0)), 
[debug] current_player=0 (R), 
[debug] board[(0, 1)]=14, board[(0, 0)]=8, 
[debug] board state:
[[ 8 14  6 12]
 [15 13  2  3]
 [ 4 15 14  0]
 [ 5 15  7 15]
 [13 15  9  4]
 [ 6 15  2 15]
 [15 14 14  9]
 [13  6  8  6]], 

=10 

=16 

=12 b6 b6

[debug] move action_id=99, action=((2, 1), (2, 1)), 
[debug] current_player=1 (B), 
[debug] board[(2, 1)]=6, board[(2, 1)]=6, 
[debug] board state:
[[ 8 14  6 12]
 [15 13  2  3]
 [ 4  6 14  0]
 [ 5 15  7 15]
 [13 15  9  4]
 [ 6 15  2 15]
 [15 14 14  9]
 [13  6  8  6]], 

=11 

=16 

[debug] move action_id=8, action=((0, 0), (0, 1)), 
[debug] current_player=0 (R), 
[debug] board[(0, 0)]=14, board[(0, 1)]=8, 
[debug] board state:
[[14  8  6 12]
 [15 13  2  3]
 [ 4  6 14  0]
 [ 5 15  7 15]
 [13 15  9  4]
 [ 6 15  2 15]
 [15 14 14  9]
 [13  6  8  6]], 

=10 

=16 

=12 b3 b3

[debug] move action_id=231, action=((5, 1), (5, 1)), 
[debug] current_player=1 (B), 
[debug] board[(5, 1)]=1, board[(5, 1)]=1, 
[debug] board state:
[[14  8  6 12]
 [15 13  2  3]
 [ 4  6 14  0]
 [ 5 15  7 15]
 [13 15  9  4]
 [ 6  1  2 15]
 [15 14 14  9]
 [13  6  8  6]], 

=11 

=16 

[debug] move action_id=19, action=((0, 1), (0, 0)), 
[debug] current_player=0 (R), 
[debug] board[(0, 1)]=14, board[(0, 0)]=8, 
[debug] board state:
[[ 8 14  6 12]
 [15 13  2  3]
 [ 4  6 14  0]
 [ 5 15  7 15]
 [13 15  9  4]
 [ 6  1  2 15]
 [15 14 14  9]
 [13  6  8  6]], 

=10 

=16 

=12 c3 c2

[debug] move action_id=292, action=((5, 2), (6, 2)), 
[debug] current_player=1 (B), 
[debug] board[(5, 2)]=14, board[(6, 2)]=2, 
[debug] board state:
[[ 8 14  6 12]
 [15 13  2  3]
 [ 4  6 14  0]
 [ 5 15  7 15]
 [13 15  9  4]
 [ 6  1 14 15]
 [15 14  2  9]
 [13  6  8  6]], 

=10 

=16 

[debug] move action_id=8, action=((0, 0), (0, 1)), 
[debug] current_player=0 (R), 
[debug] board[(0, 0)]=14, board[(0, 1)]=8, 
[debug] board state:
[[14  8  6 12]
 [15 13  2  3]
 [ 4  6 14  0]
 [ 5 15  7 15]
 [13 15  9  4]
 [ 6  1 14 15]
 [15 14  2  9]
 [13  6  8  6]], 

=10 

=16 

=12 c2 c3

[debug] move action_id=248, action=((6, 2), (5, 2)), 
[debug] current_player=1 (B), 
[debug] board[(6, 2)]=14, board[(5, 2)]=2, 
[debug] board state:
[[14  8  6 12]
 [15 13  2  3]
 [ 4  6 14  0]
 [ 5 15  7 15]
 [13 15  9  4]
 [ 6  1  2 15]
 [15 14 14  9]
 [13  6  8  6]], 

=10 

=16 

[debug] move action_id=19, action=((0, 1), (0, 0)), 
[debug] current_player=0 (R), 
[debug] board[(0, 1)]=14, board[(0, 0)]=8, 
[debug] board state:
[[ 8 14  6 12]
 [15 13  2  3]
 [ 4  6 14  0]
 [ 5 15  7 15]
 [13 15  9  4]
 [ 6  1  2 15]
 [15 14 14  9]
 [13  6  8  6]], 

=10 

=16 

=12 c3 c2

[debug] move action_id=292, action=((5, 2), (6, 2)), 
[debug] current_player=1 (B), 
[debug] board[(5, 2)]=14, board[(6, 2)]=2, 
[debug] board state:
[[ 8 14  6 12]
 [15 13  2  3]
 [ 4  6 14  0]
 [ 5 15  7 15]
 [13 15  9  4]
 [ 6  1 14 15]
 [15 14  2  9]
 [13  6  8  6]], 

=10 

=16 

[debug] move action_id=8, action=((0, 0), (0, 1)), 
[debug] current_player=0 (R), 
[debug] board[(0, 0)]=14, board[(0, 1)]=8, 
[debug] board state:
[[14  8  6 12]
 [15 13  2  3]
 [ 4  6 14  0]
 [ 5 15  7 15]
 [13 15  9  4]
 [ 6  1 14 15]
 [15 14  2  9]
 [13  6  8  6]], 

=10 

=16 

=12 c2 c3

[debug] move action_id=248, action=((6, 2), (5, 2)), 
[debug] current_player=1 (B), 
[debug] board[(6, 2)]=14, board[(5, 2)]=2, 
[debug] board state:
[[14  8  6 12]
 [15 13  2  3]
 [ 4  6 14  0]
 [ 5 15  7 15]
 [13 15  9  4]
 [ 6  1  2 15]
 [15 14 14  9]
 [13  6  8  6]], 

=10 

=16 

[debug] move action_id=19, action=((0, 1), (0, 0)), 
[debug] current_player=0 (R), 
[debug] board[(0, 1)]=14, board[(0, 0)]=8, 
[debug] board state:
[[ 8 14  6 12]
 [15 13  2  3]
 [ 4  6 14  0]
 [ 5 15  7 15]
 [13 15  9  4]
 [ 6  1  2 15]
 [15 14 14  9]
 [13  6  8  6]], 

=10 

=16 

=12 c3 c2

[debug] move action_id=292, action=((5, 2), (6, 2)), 
[debug] current_player=1 (B), 
[debug] board[(5, 2)]=14, board[(6, 2)]=2, 
[debug] board state:
[[ 8 14  6 12]
 [15 13  2  3]
 [ 4  6 14  0]
 [ 5 15  7 15]
 [13 15  9  4]
 [ 6  1 14 15]
 [15 14  2  9]
 [13  6  8  6]], 

=10 

=16 

[debug] move action_id=8, action=((0, 0), (0, 1)), 
[debug] current_player=0 (R), 
[debug] board[(0, 0)]=14, board[(0, 1)]=8, 
[debug] board state:
[[14  8  6 12]
 [15 13  2  3]
 [ 4  6 14  0]
 [ 5 15  7 15]
 [13 15  9  4]
 [ 6  1 14 15]
 [15 14  2  9]
 [13  6  8  6]], 

=10 

=16 

=12 c2 c3

[debug] move action_id=248, action=((6, 2), (5, 2)), 
[debug] current_player=1 (B), 
[debug] board[(6, 2)]=14, board[(5, 2)]=2, 
[debug] board state:
[[14  8  6 12]
 [15 13  2  3]
 [ 4  6 14  0]
 [ 5 15  7 15]
 [13 15  9  4]
 [ 6  1  2 15]
 [15 14 14  9]
 [13  6  8  6]], 

=10 

=16 


# 10 12 46 48 82 84 118 120 154 156 190 192 226 228 262 264 298 300 334 336 370 372 406 408 442 444 478 480 514 516 550 552 586 588 622 624 658 660 694 696 730 732 766 768 802 804 838 840 874 876 910 912 946 948 982 984 1018 1020 1054 1056 1090 1092 1126 1128 1162 1164 #
/home/ntcucsk201/anaconda3/envs/darkchess/lib/python3.10/site-packages/treevalue/tree/integration/torch.py:23: FutureWarning: `torch.utils._pytree._register_pytree_node` is deprecated. Please use `torch.utils._pytree.register_pytree_node` instead.
  register_for_torch(TreeValue)
/home/ntcucsk201/anaconda3/envs/darkchess/lib/python3.10/site-packages/treevalue/tree/integration/torch.py:24: FutureWarning: `torch.utils._pytree._register_pytree_node` is deprecated. Please use `torch.utils._pytree.register_pytree_node` instead.
  register_for_torch(FastTreeValue)
Gym has been unmaintained since 2022 and does not support NumPy 2.0 amongst other critical functionality.
Please upgrade to Gymnasium, the maintained drop-in replacement of Gym, or contact the authors of your software and request that they upgrade.
See the migration guide at https://gymnasium.farama.org/introduction/migration_guide/ for additional information.
[DEBUG] Config loaded successfully
/home/ntcucsk201/DarkChess/LightZero/zoo/board_games/darkchess/muzero_mgtp.py:38: FutureWarning: You are using `torch.load` with `weights_only=False` (the current default value), which uses the default pickle module implicitly. It is possible to construct malicious pickle data which will execute arbitrary code during unpickling (See https://github.com/pytorch/pytorch/blob/main/SECURITY.md#untrusted-models for more details). In a future release, the default value for `weights_only` will be flipped to `True`. This limits the functions that could be executed during unpickling. Arbitrary objects will no longer be allowed to be loaded via this mode unless they are explicitly allowlisted by the user via `torch.serialization.add_safe_globals`. We recommend you start setting `weights_only=True` for any use case where you don't have full control of the loaded file. Please open an issue on GitHub for any issues related to this experimental feature.
  checkpoint = torch.load(model_path, map_location='cpu')
[DEBUG] Model moved to device: cuda:0

###
Account: a0_mu
Mode: MGTP
Path: /home/ntcucsk201/anaconda3/envs/darkchess/bin/python
Arg: /home/ntcucsk201/DarkChess/LightZero/zoo/board_games/darkchess/muzero_mgtp.py -model_path /home/ntcucsk201/DarkChess/LightZero/zoo/board_games/darkchess/data_muzero/darkchess_muzero_ns1000_upc50_rer0.0_bs512/ckpt/ckpt_best.pth.tar -config_path /home/ntcucsk201/DarkChess/LightZero/zoo/board_games/darkchess/data_muzero/darkchess_muzero_ns1000_upc50_rer0.0_bs512/formatted_total_config.py
Name: LightZero_DarkChess
Version: 1.0.0
###
