INITIAL
* 11:15pm Feb 22, 2026
* a0_mu vs a1_alphazero
* 1 2 2 2 2 2 5 1 2 2 2 2 2 5
* X X X X
* X X X X
* X X X X
* X X X X
* X X X X
* X X X X
* X X X X
* X X X X
* first 0
* time 900
* 1. b1(G) a8(p)
* 2. c7(m) b8(r)
* 3. a6(P) c8(C)
* 4. a4(N) b8-c8
* 5. c6(p) a8-b8
* 6. d8(M) b8-a8
* 7. d2(C) a8-b8
* 8. d6(c) b8-a8
* 9. c2(g) a8-b8
* 10. c1(p) b8-a8
* 11. a3(G) a8-b8
* 12. c3(R) b8-a8
* 13. d7(M) a8-b8
* 14. b6(p) b8-a8
* 15. d5(P) a8-b8
* 16. a1(c) b8-a8
* 17. d3(k) a8-b8
* 18. a5(r) b8-a8
* 19. b4(n) a8-b8
* 20. b2(N) b8-a8
* 21. c5(n) a8-b8
* 22. b7(p) b8-a8
* 23. c4(m) a8-b8
* 24. d4(P) b8-a8
* 25. d1(R) a8-b8
* 26. b3(P) b8-a8
* 27. b1-a1 a8-b8
* 28. d1-c1 b8-a8
* 29. c1-b1 a8-b8
* 30. d2-d1 b8-a8
* 31. d1-d2 a8-b8
* 32. d2-d1 b8-a8
* 33. d1-d2 a8-b8
* 34. d2-d1 b8-a8
* 35. d1-d2
* PositionRepetitionDraw,3,4 a0_mu Draw 0.500000,0.500000
* Comment 0 0
0. 1771773355524
1. 1771773355524
2. 1771773356111
3. 1771773358120
4. 1771773358517
5. 1771773360527
6. 1771773360922
7. 1771773362933
8. 1771773363328
9. 1771773365338
10. 1771773365733
11. 1771773367744
12. 1771773368138
13. 1771773370148
14. 1771773370543
15. 1771773372553
16. 1771773372948
17. 1771773374958
18. 1771773375352
19. 1771773377363
20. 1771773377757
21. 1771773379767
22. 1771773380162
23. 1771773382172
24. 1771773382566
25. 1771773384577
26. 1771773384971
27. 1771773386981
28. 1771773387376
29. 1771773389335
30. 1771773389730
31. 1771773391740
32. 1771773392135
33. 1771773394044
34. 1771773394439
35. 1771773396399
36. 1771773396794
37. 1771773398704
38. 1771773399098
39. 1771773401008
40. 1771773401403
41. 1771773403313
42. 1771773403708
43. 1771773405618
44. 1771773406011
45. 1771773407972
46. 1771773408366
47. 1771773410327
48. 1771773410722
49. 1771773412683
50. 1771773413075
51. 1771773414986
52. 1771773415380
53. 1771773417341
54. 1771773417735
55. 1771773419695
56. 1771773420090
57. 1771773422049
58. 1771773422444
59. 1771773424404
60. 1771773424799
61. 1771773426759
62. 1771773427105
63. 1771773429065
64. 1771773429459
65. 1771773431420
66. 1771773431813
67. 1771773433775
68. 1771773434168
69. 1771773436130

# 10 12 46 48 82 84 118 120 154 156 190 192 226 228 262 264 298 300 334 336 370 372 406 408 442 444 478 480 514 516 550 552 586 588 622 624 658 660 694 696 730 732 766 768 802 804 838 840 874 876 910 912 946 948 982 984 1018 1020 1054 1056 1090 1092 1126 1128 1162 1164 1198 1200 1234 1236 #
LightZero MGTP Interface Ready
=1 LightZero_DarkChess

=2 1.0.0

=7 

=15 

=14 

=12 b1 b1

[debug] move action_id=319, action=((7, 1), (7, 1)), 
[debug] current_player=1 (B), 
[debug] board[(7, 1)]=1, board[(7, 1)]=1, 
[debug] board state:
[[15 15 15 15]
 [15 15 15 15]
 [15 15 15 15]
 [15 15 15 15]
 [15 15 15 15]
 [15 15 15 15]
 [15 15 15 15]
 [15  1 15 15]], 

=11 

=16 

[debug] move action_id=0, action=((0, 0), (0, 0)), 
[debug] current_player=0 (R), 
[debug] board[(0, 0)]=13, board[(0, 0)]=13, 
[debug] board state:
[[13 15 15 15]
 [15 15 15 15]
 [15 15 15 15]
 [15 15 15 15]
 [15 15 15 15]
 [15 15 15 15]
 [15 15 15 15]
 [15  1 15 15]], 

=11 

=16 

=12 c7 c7

[debug] move action_id=66, action=((1, 2), (1, 2)), 
[debug] current_player=1 (B), 
[debug] board[(1, 2)]=9, board[(1, 2)]=9, 
[debug] board state:
[[13 15 15 15]
 [15 15  9 15]
 [15 15 15 15]
 [15 15 15 15]
 [15 15 15 15]
 [15 15 15 15]
 [15 15 15 15]
 [15  1 15 15]], 

=11 

=16 

[debug] move action_id=11, action=((0, 1), (0, 1)), 
[debug] current_player=0 (R), 
[debug] board[(0, 1)]=10, board[(0, 1)]=10, 
[debug] board state:
[[13 10 15 15]
 [15 15  9 15]
 [15 15 15 15]
 [15 15 15 15]
 [15 15 15 15]
 [15 15 15 15]
 [15 15 15 15]
 [15  1 15 15]], 

=11 

=16 

=12 a6 a6

[debug] move action_id=88, action=((2, 0), (2, 0)), 
[debug] current_player=1 (B), 
[debug] board[(2, 0)]=6, board[(2, 0)]=6, 
[debug] board state:
[[13 10 15 15]
 [15 15  9 15]
 [ 6 15 15 15]
 [15 15 15 15]
 [15 15 15 15]
 [15 15 15 15]
 [15 15 15 15]
 [15  1 15 15]], 

=11 

=16 

[debug] move action_id=22, action=((0, 2), (0, 2)), 
[debug] current_player=0 (R), 
[debug] board[(0, 2)]=5, board[(0, 2)]=5, 
[debug] board state:
[[13 10  5 15]
 [15 15  9 15]
 [ 6 15 15 15]
 [15 15 15 15]
 [15 15 15 15]
 [15 15 15 15]
 [15 15 15 15]
 [15  1 15 15]], 

=11 

=16 

=12 a4 a4

[debug] move action_id=176, action=((4, 0), (4, 0)), 
[debug] current_player=1 (B), 
[debug] board[(4, 0)]=4, board[(4, 0)]=4, 
[debug] board state:
[[13 10  5 15]
 [15 15  9 15]
 [ 6 15 15 15]
 [15 15 15 15]
 [ 4 15 15 15]
 [15 15 15 15]
 [15 15 15 15]
 [15  1 15 15]], 

=11 

=16 

[debug] move action_id=20, action=((0, 1), (0, 2)), 
[debug] current_player=0 (R), 
[debug] board[(0, 1)]=14, board[(0, 2)]=10, 
[debug] board state:
[[13 14 10 15]
 [15 15  9 15]
 [ 6 15 15 15]
 [15 15 15 15]
 [ 4 15 15 15]
 [15 15 15 15]
 [15 15 15 15]
 [15  1 15 15]], 

=10 

=16 

=12 c6 c6

[debug] move action_id=110, action=((2, 2), (2, 2)), 
[debug] current_player=1 (B), 
[debug] board[(2, 2)]=13, board[(2, 2)]=13, 
[debug] board state:
[[13 14 10 15]
 [15 15  9 15]
 [ 6 15 13 15]
 [15 15 15 15]
 [ 4 15 15 15]
 [15 15 15 15]
 [15 15 15 15]
 [15  1 15 15]], 

=11 

=16 

[debug] move action_id=8, action=((0, 0), (0, 1)), 
[debug] current_player=0 (R), 
[debug] board[(0, 0)]=14, board[(0, 1)]=13, 
[debug] board state:
[[14 13 10 15]
 [15 15  9 15]
 [ 6 15 13 15]
 [15 15 15 15]
 [ 4 15 15 15]
 [15 15 15 15]
 [15 15 15 15]
 [15  1 15 15]], 

=10 

=16 

=12 d8 d8

[debug] move action_id=33, action=((0, 3), (0, 3)), 
[debug] current_player=1 (B), 
[debug] board[(0, 3)]=2, board[(0, 3)]=2, 
[debug] board state:
[[14 13 10  2]
 [15 15  9 15]
 [ 6 15 13 15]
 [15 15 15 15]
 [ 4 15 15 15]
 [15 15 15 15]
 [15 15 15 15]
 [15  1 15 15]], 

=11 

=16 

[debug] move action_id=19, action=((0, 1), (0, 0)), 
[debug] current_player=0 (R), 
[debug] board[(0, 1)]=14, board[(0, 0)]=13, 
[debug] board state:
[[13 14 10  2]
 [15 15  9 15]
 [ 6 15 13 15]
 [15 15 15 15]
 [ 4 15 15 15]
 [15 15 15 15]
 [15 15 15 15]
 [15  1 15 15]], 

=10 

=16 

=12 d2 d2

[debug] move action_id=297, action=((6, 3), (6, 3)), 
[debug] current_player=1 (B), 
[debug] board[(6, 3)]=5, board[(6, 3)]=5, 
[debug] board state:
[[13 14 10  2]
 [15 15  9 15]
 [ 6 15 13 15]
 [15 15 15 15]
 [ 4 15 15 15]
 [15 15 15 15]
 [15 15 15  5]
 [15  1 15 15]], 

=11 

=16 

[debug] move action_id=8, action=((0, 0), (0, 1)), 
[debug] current_player=0 (R), 
[debug] board[(0, 0)]=14, board[(0, 1)]=13, 
[debug] board state:
[[14 13 10  2]
 [15 15  9 15]
 [ 6 15 13 15]
 [15 15 15 15]
 [ 4 15 15 15]
 [15 15 15 15]
 [15 15 15  5]
 [15  1 15 15]], 

=10 

=16 

=12 d6 d6

[debug] move action_id=121, action=((2, 3), (2, 3)), 
[debug] current_player=1 (B), 
[debug] board[(2, 3)]=12, board[(2, 3)]=12, 
[debug] board state:
[[14 13 10  2]
 [15 15  9 15]
 [ 6 15 13 12]
 [15 15 15 15]
 [ 4 15 15 15]
 [15 15 15 15]
 [15 15 15  5]
 [15  1 15 15]], 

=11 

=16 

[debug] move action_id=19, action=((0, 1), (0, 0)), 
[debug] current_player=0 (R), 
[debug] board[(0, 1)]=14, board[(0, 0)]=13, 
[debug] board state:
[[13 14 10  2]
 [15 15  9 15]
 [ 6 15 13 12]
 [15 15 15 15]
 [ 4 15 15 15]
 [15 15 15 15]
 [15 15 15  5]
 [15  1 15 15]], 

=10 

=16 

=12 c2 c2

[debug] move action_id=286, action=((6, 2), (6, 2)), 
[debug] current_player=1 (B), 
[debug] board[(6, 2)]=8, board[(6, 2)]=8, 
[debug] board state:
[[13 14 10  2]
 [15 15  9 15]
 [ 6 15 13 12]
 [15 15 15 15]
 [ 4 15 15 15]
 [15 15 15 15]
 [15 15  8  5]
 [15  1 15 15]], 

=11 

=16 

[debug] move action_id=8, action=((0, 0), (0, 1)), 
[debug] current_player=0 (R), 
[debug] board[(0, 0)]=14, board[(0, 1)]=13, 
[debug] board state:
[[14 13 10  2]
 [15 15  9 15]
 [ 6 15 13 12]
 [15 15 15 15]
 [ 4 15 15 15]
 [15 15 15 15]
 [15 15  8  5]
 [15  1 15 15]], 

=10 

=16 

=12 c1 c1

[debug] move action_id=330, action=((7, 2), (7, 2)), 
[debug] current_player=1 (B), 
[debug] board[(7, 2)]=13, board[(7, 2)]=13, 
[debug] board state:
[[14 13 10  2]
 [15 15  9 15]
 [ 6 15 13 12]
 [15 15 15 15]
 [ 4 15 15 15]
 [15 15 15 15]
 [15 15  8  5]
 [15  1 13 15]], 

=11 

=16 

[debug] move action_id=19, action=((0, 1), (0, 0)), 
[debug] current_player=0 (R), 
[debug] board[(0, 1)]=14, board[(0, 0)]=13, 
[debug] board state:
[[13 14 10  2]
 [15 15  9 15]
 [ 6 15 13 12]
 [15 15 15 15]
 [ 4 15 15 15]
 [15 15 15 15]
 [15 15  8  5]
 [15  1 13 15]], 

=10 

=16 

=12 a3 a3

[debug] move action_id=220, action=((5, 0), (5, 0)), 
[debug] current_player=1 (B), 
[debug] board[(5, 0)]=1, board[(5, 0)]=1, 
[debug] board state:
[[13 14 10  2]
 [15 15  9 15]
 [ 6 15 13 12]
 [15 15 15 15]
 [ 4 15 15 15]
 [ 1 15 15 15]
 [15 15  8  5]
 [15  1 13 15]], 

=11 

=16 

[debug] move action_id=8, action=((0, 0), (0, 1)), 
[debug] current_player=0 (R), 
[debug] board[(0, 0)]=14, board[(0, 1)]=13, 
[debug] board state:
[[14 13 10  2]
 [15 15  9 15]
 [ 6 15 13 12]
 [15 15 15 15]
 [ 4 15 15 15]
 [ 1 15 15 15]
 [15 15  8  5]
 [15  1 13 15]], 

=10 

=16 

=12 c3 c3

[debug] move action_id=242, action=((5, 2), (5, 2)), 
[debug] current_player=1 (B), 
[debug] board[(5, 2)]=3, board[(5, 2)]=3, 
[debug] board state:
[[14 13 10  2]
 [15 15  9 15]
 [ 6 15 13 12]
 [15 15 15 15]
 [ 4 15 15 15]
 [ 1 15  3 15]
 [15 15  8  5]
 [15  1 13 15]], 

=11 

=16 

[debug] move action_id=19, action=((0, 1), (0, 0)), 
[debug] current_player=0 (R), 
[debug] board[(0, 1)]=14, board[(0, 0)]=13, 
[debug] board state:
[[13 14 10  2]
 [15 15  9 15]
 [ 6 15 13 12]
 [15 15 15 15]
 [ 4 15 15 15]
 [ 1 15  3 15]
 [15 15  8  5]
 [15  1 13 15]], 

=10 

=16 

=12 d7 d7

[debug] move action_id=77, action=((1, 3), (1, 3)), 
[debug] current_player=1 (B), 
[debug] board[(1, 3)]=2, board[(1, 3)]=2, 
[debug] board state:
[[13 14 10  2]
 [15 15  9  2]
 [ 6 15 13 12]
 [15 15 15 15]
 [ 4 15 15 15]
 [ 1 15  3 15]
 [15 15  8  5]
 [15  1 13 15]], 

=11 

=16 

[debug] move action_id=8, action=((0, 0), (0, 1)), 
[debug] current_player=0 (R), 
[debug] board[(0, 0)]=14, board[(0, 1)]=13, 
[debug] board state:
[[14 13 10  2]
 [15 15  9  2]
 [ 6 15 13 12]
 [15 15 15 15]
 [ 4 15 15 15]
 [ 1 15  3 15]
 [15 15  8  5]
 [15  1 13 15]], 

=10 

=16 

=12 b6 b6

[debug] move action_id=99, action=((2, 1), (2, 1)), 
[debug] current_player=1 (B), 
[debug] board[(2, 1)]=13, board[(2, 1)]=13, 
[debug] board state:
[[14 13 10  2]
 [15 15  9  2]
 [ 6 13 13 12]
 [15 15 15 15]
 [ 4 15 15 15]
 [ 1 15  3 15]
 [15 15  8  5]
 [15  1 13 15]], 

=11 

=16 

[debug] move action_id=19, action=((0, 1), (0, 0)), 
[debug] current_player=0 (R), 
[debug] board[(0, 1)]=14, board[(0, 0)]=13, 
[debug] board state:
[[13 14 10  2]
 [15 15  9  2]
 [ 6 13 13 12]
 [15 15 15 15]
 [ 4 15 15 15]
 [ 1 15  3 15]
 [15 15  8  5]
 [15  1 13 15]], 

=10 

=16 

=12 d5 d5

[debug] move action_id=165, action=((3, 3), (3, 3)), 
[debug] current_player=1 (B), 
[debug] board[(3, 3)]=6, board[(3, 3)]=6, 
[debug] board state:
[[13 14 10  2]
 [15 15  9  2]
 [ 6 13 13 12]
 [15 15 15  6]
 [ 4 15 15 15]
 [ 1 15  3 15]
 [15 15  8  5]
 [15  1 13 15]], 

=11 

=16 

[debug] move action_id=8, action=((0, 0), (0, 1)), 
[debug] current_player=0 (R), 
[debug] board[(0, 0)]=14, board[(0, 1)]=13, 
[debug] board state:
[[14 13 10  2]
 [15 15  9  2]
 [ 6 13 13 12]
 [15 15 15  6]
 [ 4 15 15 15]
 [ 1 15  3 15]
 [15 15  8  5]
 [15  1 13 15]], 

=10 

=16 

=12 a1 a1

[debug] move action_id=308, action=((7, 0), (7, 0)), 
[debug] current_player=1 (B), 
[debug] board[(7, 0)]=12, board[(7, 0)]=12, 
[debug] board state:
[[14 13 10  2]
 [15 15  9  2]
 [ 6 13 13 12]
 [15 15 15  6]
 [ 4 15 15 15]
 [ 1 15  3 15]
 [15 15  8  5]
 [12  1 13 15]], 

=11 

=16 

[debug] move action_id=19, action=((0, 1), (0, 0)), 
[debug] current_player=0 (R), 
[debug] board[(0, 1)]=14, board[(0, 0)]=13, 
[debug] board state:
[[13 14 10  2]
 [15 15  9  2]
 [ 6 13 13 12]
 [15 15 15  6]
 [ 4 15 15 15]
 [ 1 15  3 15]
 [15 15  8  5]
 [12  1 13 15]], 

=10 

=16 

=12 d3 d3

[debug] move action_id=253, action=((5, 3), (5, 3)), 
[debug] current_player=1 (B), 
[debug] board[(5, 3)]=7, board[(5, 3)]=7, 
[debug] board state:
[[13 14 10  2]
 [15 15  9  2]
 [ 6 13 13 12]
 [15 15 15  6]
 [ 4 15 15 15]
 [ 1 15  3  7]
 [15 15  8  5]
 [12  1 13 15]], 

=11 

=16 

[debug] move action_id=8, action=((0, 0), (0, 1)), 
[debug] current_player=0 (R), 
[debug] board[(0, 0)]=14, board[(0, 1)]=13, 
[debug] board state:
[[14 13 10  2]
 [15 15  9  2]
 [ 6 13 13 12]
 [15 15 15  6]
 [ 4 15 15 15]
 [ 1 15  3  7]
 [15 15  8  5]
 [12  1 13 15]], 

=10 

=16 

=12 a5 a5

[debug] move action_id=132, action=((3, 0), (3, 0)), 
[debug] current_player=1 (B), 
[debug] board[(3, 0)]=10, board[(3, 0)]=10, 
[debug] board state:
[[14 13 10  2]
 [15 15  9  2]
 [ 6 13 13 12]
 [10 15 15  6]
 [ 4 15 15 15]
 [ 1 15  3  7]
 [15 15  8  5]
 [12  1 13 15]], 

=11 

=16 

[debug] move action_id=19, action=((0, 1), (0, 0)), 
[debug] current_player=0 (R), 
[debug] board[(0, 1)]=14, board[(0, 0)]=13, 
[debug] board state:
[[13 14 10  2]
 [15 15  9  2]
 [ 6 13 13 12]
 [10 15 15  6]
 [ 4 15 15 15]
 [ 1 15  3  7]
 [15 15  8  5]
 [12  1 13 15]], 

=10 

=16 

=12 b4 b4

[debug] move action_id=187, action=((4, 1), (4, 1)), 
[debug] current_player=1 (B), 
[debug] board[(4, 1)]=11, board[(4, 1)]=11, 
[debug] board state:
[[13 14 10  2]
 [15 15  9  2]
 [ 6 13 13 12]
 [10 15 15  6]
 [ 4 11 15 15]
 [ 1 15  3  7]
 [15 15  8  5]
 [12  1 13 15]], 

=11 

=16 

[debug] move action_id=8, action=((0, 0), (0, 1)), 
[debug] current_player=0 (R), 
[debug] board[(0, 0)]=14, board[(0, 1)]=13, 
[debug] board state:
[[14 13 10  2]
 [15 15  9  2]
 [ 6 13 13 12]
 [10 15 15  6]
 [ 4 11 15 15]
 [ 1 15  3  7]
 [15 15  8  5]
 [12  1 13 15]], 

=10 

=16 

=12 b2 b2

[debug] move action_id=275, action=((6, 1), (6, 1)), 
[debug] current_player=1 (B), 
[debug] board[(6, 1)]=4, board[(6, 1)]=4, 
[debug] board state:
[[14 13 10  2]
 [15 15  9  2]
 [ 6 13 13 12]
 [10 15 15  6]
 [ 4 11 15 15]
 [ 1 15  3  7]
 [15  4  8  5]
 [12  1 13 15]], 

=11 

=16 

[debug] move action_id=19, action=((0, 1), (0, 0)), 
[debug] current_player=0 (R), 
[debug] board[(0, 1)]=14, board[(0, 0)]=13, 
[debug] board state:
[[13 14 10  2]
 [15 15  9  2]
 [ 6 13 13 12]
 [10 15 15  6]
 [ 4 11 15 15]
 [ 1 15  3  7]
 [15  4  8  5]
 [12  1 13 15]], 

=10 

=16 

=12 c5 c5

[debug] move action_id=154, action=((3, 2), (3, 2)), 
[debug] current_player=1 (B), 
[debug] board[(3, 2)]=11, board[(3, 2)]=11, 
[debug] board state:
[[13 14 10  2]
 [15 15  9  2]
 [ 6 13 13 12]
 [10 15 11  6]
 [ 4 11 15 15]
 [ 1 15  3  7]
 [15  4  8  5]
 [12  1 13 15]], 

=11 

=16 

[debug] move action_id=8, action=((0, 0), (0, 1)), 
[debug] current_player=0 (R), 
[debug] board[(0, 0)]=14, board[(0, 1)]=13, 
[debug] board state:
[[14 13 10  2]
 [15 15  9  2]
 [ 6 13 13 12]
 [10 15 11  6]
 [ 4 11 15 15]
 [ 1 15  3  7]
 [15  4  8  5]
 [12  1 13 15]], 

=10 

=16 

=12 b7 b7

[debug] move action_id=55, action=((1, 1), (1, 1)), 
[debug] current_player=1 (B), 
[debug] board[(1, 1)]=13, board[(1, 1)]=13, 
[debug] board state:
[[14 13 10  2]
 [15 13  9  2]
 [ 6 13 13 12]
 [10 15 11  6]
 [ 4 11 15 15]
 [ 1 15  3  7]
 [15  4  8  5]
 [12  1 13 15]], 

=11 

=16 

[debug] move action_id=19, action=((0, 1), (0, 0)), 
[debug] current_player=0 (R), 
[debug] board[(0, 1)]=14, board[(0, 0)]=13, 
[debug] board state:
[[13 14 10  2]
 [15 13  9  2]
 [ 6 13 13 12]
 [10 15 11  6]
 [ 4 11 15 15]
 [ 1 15  3  7]
 [15  4  8  5]
 [12  1 13 15]], 

=10 

=16 

=12 c4 c4

[debug] move action_id=198, action=((4, 2), (4, 2)), 
[debug] current_player=1 (B), 
[debug] board[(4, 2)]=9, board[(4, 2)]=9, 
[debug] board state:
[[13 14 10  2]
 [15 13  9  2]
 [ 6 13 13 12]
 [10 15 11  6]
 [ 4 11  9 15]
 [ 1 15  3  7]
 [15  4  8  5]
 [12  1 13 15]], 

=11 

=16 

[debug] move action_id=8, action=((0, 0), (0, 1)), 
[debug] current_player=0 (R), 
[debug] board[(0, 0)]=14, board[(0, 1)]=13, 
[debug] board state:
[[14 13 10  2]
 [15 13  9  2]
 [ 6 13 13 12]
 [10 15 11  6]
 [ 4 11  9 15]
 [ 1 15  3  7]
 [15  4  8  5]
 [12  1 13 15]], 

=10 

=16 

=12 d4 d4

[debug] move action_id=209, action=((4, 3), (4, 3)), 
[debug] current_player=1 (B), 
[debug] board[(4, 3)]=6, board[(4, 3)]=6, 
[debug] board state:
[[14 13 10  2]
 [15 13  9  2]
 [ 6 13 13 12]
 [10 15 11  6]
 [ 4 11  9  6]
 [ 1 15  3  7]
 [15  4  8  5]
 [12  1 13 15]], 

=11 

=16 

[debug] move action_id=19, action=((0, 1), (0, 0)), 
[debug] current_player=0 (R), 
[debug] board[(0, 1)]=14, board[(0, 0)]=13, 
[debug] board state:
[[13 14 10  2]
 [15 13  9  2]
 [ 6 13 13 12]
 [10 15 11  6]
 [ 4 11  9  6]
 [ 1 15  3  7]
 [15  4  8  5]
 [12  1 13 15]], 

=10 

=16 

=12 d1 d1

[debug] move action_id=341, action=((7, 3), (7, 3)), 
[debug] current_player=1 (B), 
[debug] board[(7, 3)]=3, board[(7, 3)]=3, 
[debug] board state:
[[13 14 10  2]
 [15 13  9  2]
 [ 6 13 13 12]
 [10 15 11  6]
 [ 4 11  9  6]
 [ 1 15  3  7]
 [15  4  8  5]
 [12  1 13  3]], 

=11 

=16 

[debug] move action_id=8, action=((0, 0), (0, 1)), 
[debug] current_player=0 (R), 
[debug] board[(0, 0)]=14, board[(0, 1)]=13, 
[debug] board state:
[[14 13 10  2]
 [15 13  9  2]
 [ 6 13 13 12]
 [10 15 11  6]
 [ 4 11  9  6]
 [ 1 15  3  7]
 [15  4  8  5]
 [12  1 13  3]], 

=10 

=16 

=12 b3 b3

[debug] move action_id=231, action=((5, 1), (5, 1)), 
[debug] current_player=1 (B), 
[debug] board[(5, 1)]=6, board[(5, 1)]=6, 
[debug] board state:
[[14 13 10  2]
 [15 13  9  2]
 [ 6 13 13 12]
 [10 15 11  6]
 [ 4 11  9  6]
 [ 1  6  3  7]
 [15  4  8  5]
 [12  1 13  3]], 

=11 

=16 

[debug] move action_id=19, action=((0, 1), (0, 0)), 
[debug] current_player=0 (R), 
[debug] board[(0, 1)]=14, board[(0, 0)]=13, 
[debug] board state:
[[13 14 10  2]
 [15 13  9  2]
 [ 6 13 13 12]
 [10 15 11  6]
 [ 4 11  9  6]
 [ 1  6  3  7]
 [15  4  8  5]
 [12  1 13  3]], 

=10 

=16 

=12 b1 a1

[debug] move action_id=327, action=((7, 1), (7, 0)), 
[debug] current_player=1 (B), 
[debug] board[(7, 1)]=14, board[(7, 0)]=1, 
[debug] board state:
[[13 14 10  2]
 [15 13  9  2]
 [ 6 13 13 12]
 [10 15 11  6]
 [ 4 11  9  6]
 [ 1  6  3  7]
 [15  4  8  5]
 [ 1 14 13  3]], 

=10 

=16 

[debug] move action_id=8, action=((0, 0), (0, 1)), 
[debug] current_player=0 (R), 
[debug] board[(0, 0)]=14, board[(0, 1)]=13, 
[debug] board state:
[[14 13 10  2]
 [15 13  9  2]
 [ 6 13 13 12]
 [10 15 11  6]
 [ 4 11  9  6]
 [ 1  6  3  7]
 [15  4  8  5]
 [ 1 14 13  3]], 

=10 

=16 

=12 d1 c1

[debug] move action_id=351, action=((7, 3), (7, 2)), 
[debug] current_player=1 (B), 
[debug] board[(7, 3)]=14, board[(7, 2)]=3, 
[debug] board state:
[[14 13 10  2]
 [15 13  9  2]
 [ 6 13 13 12]
 [10 15 11  6]
 [ 4 11  9  6]
 [ 1  6  3  7]
 [15  4  8  5]
 [ 1 14  3 14]], 

=10 

=16 

[debug] move action_id=19, action=((0, 1), (0, 0)), 
[debug] current_player=0 (R), 
[debug] board[(0, 1)]=14, board[(0, 0)]=13, 
[debug] board state:
[[13 14 10  2]
 [15 13  9  2]
 [ 6 13 13 12]
 [10 15 11  6]
 [ 4 11  9  6]
 [ 1  6  3  7]
 [15  4  8  5]
 [ 1 14  3 14]], 

=10 

=16 

=12 c1 b1

[debug] move action_id=339, action=((7, 2), (7, 1)), 
[debug] current_player=1 (B), 
[debug] board[(7, 2)]=14, board[(7, 1)]=3, 
[debug] board state:
[[13 14 10  2]
 [15 13  9  2]
 [ 6 13 13 12]
 [10 15 11  6]
 [ 4 11  9  6]
 [ 1  6  3  7]
 [15  4  8  5]
 [ 1  3 14 14]], 

=10 

=16 

[debug] move action_id=8, action=((0, 0), (0, 1)), 
[debug] current_player=0 (R), 
[debug] board[(0, 0)]=14, board[(0, 1)]=13, 
[debug] board state:
[[14 13 10  2]
 [15 13  9  2]
 [ 6 13 13 12]
 [10 15 11  6]
 [ 4 11  9  6]
 [ 1  6  3  7]
 [15  4  8  5]
 [ 1  3 14 14]], 

=10 

=16 

=12 d2 d1

[debug] move action_id=348, action=((6, 3), (7, 3)), 
[debug] current_player=1 (B), 
[debug] board[(6, 3)]=14, board[(7, 3)]=5, 
[debug] board state:
[[14 13 10  2]
 [15 13  9  2]
 [ 6 13 13 12]
 [10 15 11  6]
 [ 4 11  9  6]
 [ 1  6  3  7]
 [15  4  8 14]
 [ 1  3 14  5]], 

=10 

=16 

[debug] move action_id=19, action=((0, 1), (0, 0)), 
[debug] current_player=0 (R), 
[debug] board[(0, 1)]=14, board[(0, 0)]=13, 
[debug] board state:
[[13 14 10  2]
 [15 13  9  2]
 [ 6 13 13 12]
 [10 15 11  6]
 [ 4 11  9  6]
 [ 1  6  3  7]
 [15  4  8 14]
 [ 1  3 14  5]], 

=10 

=16 

=12 d1 d2

[debug] move action_id=304, action=((7, 3), (6, 3)), 
[debug] current_player=1 (B), 
[debug] board[(7, 3)]=14, board[(6, 3)]=5, 
[debug] board state:
[[13 14 10  2]
 [15 13  9  2]
 [ 6 13 13 12]
 [10 15 11  6]
 [ 4 11  9  6]
 [ 1  6  3  7]
 [15  4  8  5]
 [ 1  3 14 14]], 

=10 

=16 

[debug] move action_id=8, action=((0, 0), (0, 1)), 
[debug] current_player=0 (R), 
[debug] board[(0, 0)]=14, board[(0, 1)]=13, 
[debug] board state:
[[14 13 10  2]
 [15 13  9  2]
 [ 6 13 13 12]
 [10 15 11  6]
 [ 4 11  9  6]
 [ 1  6  3  7]
 [15  4  8  5]
 [ 1  3 14 14]], 

=10 

=16 

=12 d2 d1

[debug] move action_id=348, action=((6, 3), (7, 3)), 
[debug] current_player=1 (B), 
[debug] board[(6, 3)]=14, board[(7, 3)]=5, 
[debug] board state:
[[14 13 10  2]
 [15 13  9  2]
 [ 6 13 13 12]
 [10 15 11  6]
 [ 4 11  9  6]
 [ 1  6  3  7]
 [15  4  8 14]
 [ 1  3 14  5]], 

=10 

=16 

[debug] move action_id=19, action=((0, 1), (0, 0)), 
[debug] current_player=0 (R), 
[debug] board[(0, 1)]=14, board[(0, 0)]=13, 
[debug] board state:
[[13 14 10  2]
 [15 13  9  2]
 [ 6 13 13 12]
 [10 15 11  6]
 [ 4 11  9  6]
 [ 1  6  3  7]
 [15  4  8 14]
 [ 1  3 14  5]], 

=10 

=16 

=12 d1 d2

[debug] move action_id=304, action=((7, 3), (6, 3)), 
[debug] current_player=1 (B), 
[debug] board[(7, 3)]=14, board[(6, 3)]=5, 
[debug] board state:
[[13 14 10  2]
 [15 13  9  2]
 [ 6 13 13 12]
 [10 15 11  6]
 [ 4 11  9  6]
 [ 1  6  3  7]
 [15  4  8  5]
 [ 1  3 14 14]], 

=10 

=16 

[debug] move action_id=8, action=((0, 0), (0, 1)), 
[debug] current_player=0 (R), 
[debug] board[(0, 0)]=14, board[(0, 1)]=13, 
[debug] board state:
[[14 13 10  2]
 [15 13  9  2]
 [ 6 13 13 12]
 [10 15 11  6]
 [ 4 11  9  6]
 [ 1  6  3  7]
 [15  4  8  5]
 [ 1  3 14 14]], 

=10 

=16 

=12 d2 d1

[debug] move action_id=348, action=((6, 3), (7, 3)), 
[debug] current_player=1 (B), 
[debug] board[(6, 3)]=14, board[(7, 3)]=5, 
[debug] board state:
[[14 13 10  2]
 [15 13  9  2]
 [ 6 13 13 12]
 [10 15 11  6]
 [ 4 11  9  6]
 [ 1  6  3  7]
 [15  4  8 14]
 [ 1  3 14  5]], 

=10 

=16 

[debug] move action_id=19, action=((0, 1), (0, 0)), 
[debug] current_player=0 (R), 
[debug] board[(0, 1)]=14, board[(0, 0)]=13, 
[debug] board state:
[[13 14 10  2]
 [15 13  9  2]
 [ 6 13 13 12]
 [10 15 11  6]
 [ 4 11  9  6]
 [ 1  6  3  7]
 [15  4  8 14]
 [ 1  3 14  5]], 

=10 

=16 

=12 d1 d2

[debug] move action_id=304, action=((7, 3), (6, 3)), 
[debug] current_player=1 (B), 
[debug] board[(7, 3)]=14, board[(6, 3)]=5, 
[debug] board state:
[[13 14 10  2]
 [15 13  9  2]
 [ 6 13 13 12]
 [10 15 11  6]
 [ 4 11  9  6]
 [ 1  6  3  7]
 [15  4  8  5]
 [ 1  3 14 14]], 

=10 

=16 


# 10 12 46 48 82 84 118 120 154 156 190 192 226 228 262 264 298 300 334 336 370 372 406 408 442 444 478 480 514 516 550 552 586 588 622 624 658 660 694 696 730 732 766 768 802 804 838 840 874 876 910 912 946 948 982 984 1018 1020 1054 1056 1090 1092 1126 1128 1162 1164 1198 1200 1234 1236 #
/home/ntcucsk201/anaconda3/envs/darkchess/lib/python3.10/site-packages/treevalue/tree/integration/torch.py:23: FutureWarning: `torch.utils._pytree._register_pytree_node` is deprecated. Please use `torch.utils._pytree.register_pytree_node` instead.
  register_for_torch(TreeValue)
/home/ntcucsk201/anaconda3/envs/darkchess/lib/python3.10/site-packages/treevalue/tree/integration/torch.py:24: FutureWarning: `torch.utils._pytree._register_pytree_node` is deprecated. Please use `torch.utils._pytree.register_pytree_node` instead.
  register_for_torch(FastTreeValue)
Gym has been unmaintained since 2022 and does not support NumPy 2.0 amongst other critical functionality.
Please upgrade to Gymnasium, the maintained drop-in replacement of Gym, or contact the authors of your software and request that they upgrade.
See the migration guide at https://gymnasium.farama.org/introduction/migration_guide/ for additional information.
[DEBUG] Config loaded successfully
/home/ntcucsk201/DarkChess/LightZero/zoo/board_games/darkchess/muzero_mgtp.py:38: FutureWarning: You are using `torch.load` with `weights_only=False` (the current default value), which uses the default pickle module implicitly. It is possible to construct malicious pickle data which will execute arbitrary code during unpickling (See https://github.com/pytorch/pytorch/blob/main/SECURITY.md#untrusted-models for more details). In a future release, the default value for `weights_only` will be flipped to `True`. This limits the functions that could be executed during unpickling. Arbitrary objects will no longer be allowed to be loaded via this mode unless they are explicitly allowlisted by the user via `torch.serialization.add_safe_globals`. We recommend you start setting `weights_only=True` for any use case where you don't have full control of the loaded file. Please open an issue on GitHub for any issues related to this experimental feature.
  checkpoint = torch.load(model_path, map_location='cpu')
[DEBUG] Model moved to device: cuda:0

###
Account: a0_mu
Mode: MGTP
Path: /home/ntcucsk201/anaconda3/envs/darkchess/bin/python
Arg: /home/ntcucsk201/DarkChess/LightZero/zoo/board_games/darkchess/muzero_mgtp.py -model_path /home/ntcucsk201/DarkChess/LightZero/zoo/board_games/darkchess/data_muzero/darkchess_muzero_ns1000_upc50_rer0.0_bs512/ckpt/ckpt_best.pth.tar -config_path /home/ntcucsk201/DarkChess/LightZero/zoo/board_games/darkchess/data_muzero/darkchess_muzero_ns1000_upc50_rer0.0_bs512/formatted_total_config.py
Name: LightZero_DarkChess
Version: 1.0.0
###
