INITIAL
* 11:26pm Feb 22, 2026
* a0_mu vs a1_alphazero
* 1 2 2 2 2 2 5 1 2 2 2 2 2 5
* X X X X
* X X X X
* X X X X
* X X X X
* X X X X
* X X X X
* X X X X
* X X X X
* first 1
* time 900
* 1. b1(g) a8(P)
* 2. c7(n) b8(m)
* 3. a6(P) c8(p)
* 4. a4(P) d8(n)
* 5. c6(M) a7(g)
* 6. a5(K) b7(C)
* 7. c3(c) c6-c7
* 8. d1(P) c7-c8
* 9. d6(p) c8-b8
* 10. b6(P) b8-c8
* 11. a3(r) a8-b8
* 12. b2(G) b8-a8
* 13. d4(C) a8-b8
* 14. c5(N) b8-a8
* 15. c2(p) a8-b8
* 16. d7(M) b8-a8
* 17. b3(p) a8-b8
* 18. d2(R) b8-a8
* 19. c4(m) a8-b8
* 20. b4(c) b8-a8
* 21. a7-b7 a8-b8
* 22. b7-c7 b8-a8
* 23. c7-d7 a8-b8
* 24. a1(p) b8-a8
* 25. c4-d4 a8-b8
* 26. b4-c4 b8-a8
* 27. b3-b4 a8-b8
* 28. b4-b3 b8-a8
* 29. b3-b4 a8-b8
* 30. b4-b3 b8-a8
* 31. b3-b4 a8-b8
* 32. b4-b3
* PositionRepetitionDraw,3,4 a0_mu Draw 0.500000,0.500000
* Comment 0 0
0. 1771774004355
1. 1771774004355
2. 1771774004937
3. 1771774006951
4. 1771774007393
5. 1771774009356
6. 1771774009798
7. 1771774011759
8. 1771774012153
9. 1771774014163
10. 1771774014558
11. 1771774016568
12. 1771774016964
13. 1771774018972
14. 1771774019370
15. 1771774021376
16. 1771774021776
17. 1771774023780
18. 1771774024182
19. 1771774026182
20. 1771774026588
21. 1771774028587
22. 1771774028994
23. 1771774030991
24. 1771774031400
25. 1771774033396
26. 1771774033805
27. 1771774035800
28. 1771774036211
29. 1771774038255
30. 1771774038669
31. 1771774040709
32. 1771774041124
33. 1771774043164
34. 1771774043580
35. 1771774045621
36. 1771774046032
37. 1771774048026
38. 1771774048436
39. 1771774050481
40. 1771774050890
41. 1771774052933
42. 1771774053344
43. 1771774055388
44. 1771774055798
45. 1771774057842
46. 1771774058252
47. 1771774060297
48. 1771774060705
49. 1771774062700
50. 1771774063108
51. 1771774065105
52. 1771774065514
53. 1771774067509
54. 1771774067917
55. 1771774069913
56. 1771774070322
57. 1771774072317
58. 1771774072726
59. 1771774074722
60. 1771774075131
61. 1771774077126
62. 1771774077535
63. 1771774079580

# 10 12 46 48 82 84 118 120 154 156 190 192 226 228 262 264 298 300 334 336 370 372 406 408 442 444 478 480 514 516 550 552 586 588 622 624 658 660 694 696 730 732 766 768 802 804 838 840 874 876 910 912 946 948 982 984 1018 1020 1054 1056 1090 1092 1126 1128 #
LightZero MGTP Interface Ready
=1 LightZero_DarkChess

=2 1.0.0

=7 

=15 

=14 

=12 b1 b1

[debug] move action_id=319, action=((7, 1), (7, 1)), 
[debug] current_player=1 (R), 
[debug] board[(7, 1)]=8, board[(7, 1)]=8, 
[debug] board state:
[[15 15 15 15]
 [15 15 15 15]
 [15 15 15 15]
 [15 15 15 15]
 [15 15 15 15]
 [15 15 15 15]
 [15 15 15 15]
 [15  8 15 15]], 

=11 

=16 

[debug] move action_id=0, action=((0, 0), (0, 0)), 
[debug] current_player=0 (B), 
[debug] board[(0, 0)]=6, board[(0, 0)]=6, 
[debug] board state:
[[ 6 15 15 15]
 [15 15 15 15]
 [15 15 15 15]
 [15 15 15 15]
 [15 15 15 15]
 [15 15 15 15]
 [15 15 15 15]
 [15  8 15 15]], 

=11 

=16 

=12 c7 c7

[debug] move action_id=66, action=((1, 2), (1, 2)), 
[debug] current_player=1 (R), 
[debug] board[(1, 2)]=11, board[(1, 2)]=11, 
[debug] board state:
[[ 6 15 15 15]
 [15 15 11 15]
 [15 15 15 15]
 [15 15 15 15]
 [15 15 15 15]
 [15 15 15 15]
 [15 15 15 15]
 [15  8 15 15]], 

=11 

=16 

[debug] move action_id=11, action=((0, 1), (0, 1)), 
[debug] current_player=0 (B), 
[debug] board[(0, 1)]=9, board[(0, 1)]=9, 
[debug] board state:
[[ 6  9 15 15]
 [15 15 11 15]
 [15 15 15 15]
 [15 15 15 15]
 [15 15 15 15]
 [15 15 15 15]
 [15 15 15 15]
 [15  8 15 15]], 

=11 

=16 

=12 a6 a6

[debug] move action_id=88, action=((2, 0), (2, 0)), 
[debug] current_player=1 (R), 
[debug] board[(2, 0)]=6, board[(2, 0)]=6, 
[debug] board state:
[[ 6  9 15 15]
 [15 15 11 15]
 [ 6 15 15 15]
 [15 15 15 15]
 [15 15 15 15]
 [15 15 15 15]
 [15 15 15 15]
 [15  8 15 15]], 

=11 

=16 

[debug] move action_id=22, action=((0, 2), (0, 2)), 
[debug] current_player=0 (B), 
[debug] board[(0, 2)]=13, board[(0, 2)]=13, 
[debug] board state:
[[ 6  9 13 15]
 [15 15 11 15]
 [ 6 15 15 15]
 [15 15 15 15]
 [15 15 15 15]
 [15 15 15 15]
 [15 15 15 15]
 [15  8 15 15]], 

=11 

=16 

=12 a4 a4

[debug] move action_id=176, action=((4, 0), (4, 0)), 
[debug] current_player=1 (R), 
[debug] board[(4, 0)]=6, board[(4, 0)]=6, 
[debug] board state:
[[ 6  9 13 15]
 [15 15 11 15]
 [ 6 15 15 15]
 [15 15 15 15]
 [ 6 15 15 15]
 [15 15 15 15]
 [15 15 15 15]
 [15  8 15 15]], 

=11 

=16 

[debug] move action_id=33, action=((0, 3), (0, 3)), 
[debug] current_player=0 (B), 
[debug] board[(0, 3)]=11, board[(0, 3)]=11, 
[debug] board state:
[[ 6  9 13 11]
 [15 15 11 15]
 [ 6 15 15 15]
 [15 15 15 15]
 [ 6 15 15 15]
 [15 15 15 15]
 [15 15 15 15]
 [15  8 15 15]], 

=11 

=16 

=12 c6 c6

[debug] move action_id=110, action=((2, 2), (2, 2)), 
[debug] current_player=1 (R), 
[debug] board[(2, 2)]=2, board[(2, 2)]=2, 
[debug] board state:
[[ 6  9 13 11]
 [15 15 11 15]
 [ 6 15  2 15]
 [15 15 15 15]
 [ 6 15 15 15]
 [15 15 15 15]
 [15 15 15 15]
 [15  8 15 15]], 

=11 

=16 

[debug] move action_id=44, action=((1, 0), (1, 0)), 
[debug] current_player=0 (B), 
[debug] board[(1, 0)]=8, board[(1, 0)]=8, 
[debug] board state:
[[ 6  9 13 11]
 [ 8 15 11 15]
 [ 6 15  2 15]
 [15 15 15 15]
 [ 6 15 15 15]
 [15 15 15 15]
 [15 15 15 15]
 [15  8 15 15]], 

=11 

=16 

=12 a5 a5

[debug] move action_id=132, action=((3, 0), (3, 0)), 
[debug] current_player=1 (R), 
[debug] board[(3, 0)]=0, board[(3, 0)]=0, 
[debug] board state:
[[ 6  9 13 11]
 [ 8 15 11 15]
 [ 6 15  2 15]
 [ 0 15 15 15]
 [ 6 15 15 15]
 [15 15 15 15]
 [15 15 15 15]
 [15  8 15 15]], 

=11 

=16 

[debug] move action_id=55, action=((1, 1), (1, 1)), 
[debug] current_player=0 (B), 
[debug] board[(1, 1)]=5, board[(1, 1)]=5, 
[debug] board state:
[[ 6  9 13 11]
 [ 8  5 11 15]
 [ 6 15  2 15]
 [ 0 15 15 15]
 [ 6 15 15 15]
 [15 15 15 15]
 [15 15 15 15]
 [15  8 15 15]], 

=11 

=16 

=12 c3 c3

[debug] move action_id=242, action=((5, 2), (5, 2)), 
[debug] current_player=1 (R), 
[debug] board[(5, 2)]=12, board[(5, 2)]=12, 
[debug] board state:
[[ 6  9 13 11]
 [ 8  5 11 15]
 [ 6 15  2 15]
 [ 0 15 15 15]
 [ 6 15 15 15]
 [15 15 12 15]
 [15 15 15 15]
 [15  8 15 15]], 

=11 

=16 

[debug] move action_id=68, action=((2, 2), (1, 2)), 
[debug] current_player=0 (B), 
[debug] board[(2, 2)]=14, board[(1, 2)]=2, 
[debug] board state:
[[ 6  9 13 11]
 [ 8  5  2 15]
 [ 6 15 14 15]
 [ 0 15 15 15]
 [ 6 15 15 15]
 [15 15 12 15]
 [15 15 15 15]
 [15  8 15 15]], 

=10 

=16 

=12 d1 d1

[debug] move action_id=341, action=((7, 3), (7, 3)), 
[debug] current_player=1 (R), 
[debug] board[(7, 3)]=6, board[(7, 3)]=6, 
[debug] board state:
[[ 6  9 13 11]
 [ 8  5  2 15]
 [ 6 15 14 15]
 [ 0 15 15 15]
 [ 6 15 15 15]
 [15 15 12 15]
 [15 15 15 15]
 [15  8 15  6]], 

=11 

=16 

[debug] move action_id=23, action=((1, 2), (0, 2)), 
[debug] current_player=0 (B), 
[debug] board[(1, 2)]=14, board[(0, 2)]=2, 
[debug] board state:
[[ 6  9  2 11]
 [ 8  5 14 15]
 [ 6 15 14 15]
 [ 0 15 15 15]
 [ 6 15 15 15]
 [15 15 12 15]
 [15 15 15 15]
 [15  8 15  6]], 

=10 

=16 

=12 d6 d6

[debug] move action_id=121, action=((2, 3), (2, 3)), 
[debug] current_player=1 (R), 
[debug] board[(2, 3)]=13, board[(2, 3)]=13, 
[debug] board state:
[[ 6  9  2 11]
 [ 8  5 14 15]
 [ 6 15 14 13]
 [ 0 15 15 15]
 [ 6 15 15 15]
 [15 15 12 15]
 [15 15 15 15]
 [15  8 15  6]], 

=11 

=16 

[debug] move action_id=31, action=((0, 2), (0, 1)), 
[debug] current_player=0 (B), 
[debug] board[(0, 2)]=14, board[(0, 1)]=2, 
[debug] board state:
[[ 6  2 14 11]
 [ 8  5 14 15]
 [ 6 15 14 13]
 [ 0 15 15 15]
 [ 6 15 15 15]
 [15 15 12 15]
 [15 15 15 15]
 [15  8 15  6]], 

=10 

=16 

=12 b6 b6

[debug] move action_id=99, action=((2, 1), (2, 1)), 
[debug] current_player=1 (R), 
[debug] board[(2, 1)]=6, board[(2, 1)]=6, 
[debug] board state:
[[ 6  2 14 11]
 [ 8  5 14 15]
 [ 6  6 14 13]
 [ 0 15 15 15]
 [ 6 15 15 15]
 [15 15 12 15]
 [15 15 15 15]
 [15  8 15  6]], 

=11 

=16 

[debug] move action_id=20, action=((0, 1), (0, 2)), 
[debug] current_player=0 (B), 
[debug] board[(0, 1)]=14, board[(0, 2)]=2, 
[debug] board state:
[[ 6 14  2 11]
 [ 8  5 14 15]
 [ 6  6 14 13]
 [ 0 15 15 15]
 [ 6 15 15 15]
 [15 15 12 15]
 [15 15 15 15]
 [15  8 15  6]], 

=10 

=16 

=12 a3 a3

[debug] move action_id=220, action=((5, 0), (5, 0)), 
[debug] current_player=1 (R), 
[debug] board[(5, 0)]=10, board[(5, 0)]=10, 
[debug] board state:
[[ 6 14  2 11]
 [ 8  5 14 15]
 [ 6  6 14 13]
 [ 0 15 15 15]
 [ 6 15 15 15]
 [10 15 12 15]
 [15 15 15 15]
 [15  8 15  6]], 

=11 

=16 

[debug] move action_id=8, action=((0, 0), (0, 1)), 
[debug] current_player=0 (B), 
[debug] board[(0, 0)]=14, board[(0, 1)]=6, 
[debug] board state:
[[14  6  2 11]
 [ 8  5 14 15]
 [ 6  6 14 13]
 [ 0 15 15 15]
 [ 6 15 15 15]
 [10 15 12 15]
 [15 15 15 15]
 [15  8 15  6]], 

=10 

=16 

=12 b2 b2

[debug] move action_id=275, action=((6, 1), (6, 1)), 
[debug] current_player=1 (R), 
[debug] board[(6, 1)]=1, board[(6, 1)]=1, 
[debug] board state:
[[14  6  2 11]
 [ 8  5 14 15]
 [ 6  6 14 13]
 [ 0 15 15 15]
 [ 6 15 15 15]
 [10 15 12 15]
 [15  1 15 15]
 [15  8 15  6]], 

=11 

=16 

[debug] move action_id=19, action=((0, 1), (0, 0)), 
[debug] current_player=0 (B), 
[debug] board[(0, 1)]=14, board[(0, 0)]=6, 
[debug] board state:
[[ 6 14  2 11]
 [ 8  5 14 15]
 [ 6  6 14 13]
 [ 0 15 15 15]
 [ 6 15 15 15]
 [10 15 12 15]
 [15  1 15 15]
 [15  8 15  6]], 

=10 

=16 

=12 d4 d4

[debug] move action_id=209, action=((4, 3), (4, 3)), 
[debug] current_player=1 (R), 
[debug] board[(4, 3)]=5, board[(4, 3)]=5, 
[debug] board state:
[[ 6 14  2 11]
 [ 8  5 14 15]
 [ 6  6 14 13]
 [ 0 15 15 15]
 [ 6 15 15  5]
 [10 15 12 15]
 [15  1 15 15]
 [15  8 15  6]], 

=11 

=16 

[debug] move action_id=8, action=((0, 0), (0, 1)), 
[debug] current_player=0 (B), 
[debug] board[(0, 0)]=14, board[(0, 1)]=6, 
[debug] board state:
[[14  6  2 11]
 [ 8  5 14 15]
 [ 6  6 14 13]
 [ 0 15 15 15]
 [ 6 15 15  5]
 [10 15 12 15]
 [15  1 15 15]
 [15  8 15  6]], 

=10 

=16 

=12 c5 c5

[debug] move action_id=154, action=((3, 2), (3, 2)), 
[debug] current_player=1 (R), 
[debug] board[(3, 2)]=4, board[(3, 2)]=4, 
[debug] board state:
[[14  6  2 11]
 [ 8  5 14 15]
 [ 6  6 14 13]
 [ 0 15  4 15]
 [ 6 15 15  5]
 [10 15 12 15]
 [15  1 15 15]
 [15  8 15  6]], 

=11 

=16 

[debug] move action_id=19, action=((0, 1), (0, 0)), 
[debug] current_player=0 (B), 
[debug] board[(0, 1)]=14, board[(0, 0)]=6, 
[debug] board state:
[[ 6 14  2 11]
 [ 8  5 14 15]
 [ 6  6 14 13]
 [ 0 15  4 15]
 [ 6 15 15  5]
 [10 15 12 15]
 [15  1 15 15]
 [15  8 15  6]], 

=10 

=16 

=12 c2 c2

[debug] move action_id=286, action=((6, 2), (6, 2)), 
[debug] current_player=1 (R), 
[debug] board[(6, 2)]=13, board[(6, 2)]=13, 
[debug] board state:
[[ 6 14  2 11]
 [ 8  5 14 15]
 [ 6  6 14 13]
 [ 0 15  4 15]
 [ 6 15 15  5]
 [10 15 12 15]
 [15  1 13 15]
 [15  8 15  6]], 

=11 

=16 

[debug] move action_id=8, action=((0, 0), (0, 1)), 
[debug] current_player=0 (B), 
[debug] board[(0, 0)]=14, board[(0, 1)]=6, 
[debug] board state:
[[14  6  2 11]
 [ 8  5 14 15]
 [ 6  6 14 13]
 [ 0 15  4 15]
 [ 6 15 15  5]
 [10 15 12 15]
 [15  1 13 15]
 [15  8 15  6]], 

=10 

=16 

=12 d7 d7

[debug] move action_id=77, action=((1, 3), (1, 3)), 
[debug] current_player=1 (R), 
[debug] board[(1, 3)]=2, board[(1, 3)]=2, 
[debug] board state:
[[14  6  2 11]
 [ 8  5 14  2]
 [ 6  6 14 13]
 [ 0 15  4 15]
 [ 6 15 15  5]
 [10 15 12 15]
 [15  1 13 15]
 [15  8 15  6]], 

=11 

=16 

[debug] move action_id=19, action=((0, 1), (0, 0)), 
[debug] current_player=0 (B), 
[debug] board[(0, 1)]=14, board[(0, 0)]=6, 
[debug] board state:
[[ 6 14  2 11]
 [ 8  5 14  2]
 [ 6  6 14 13]
 [ 0 15  4 15]
 [ 6 15 15  5]
 [10 15 12 15]
 [15  1 13 15]
 [15  8 15  6]], 

=10 

=16 

=12 b3 b3

[debug] move action_id=231, action=((5, 1), (5, 1)), 
[debug] current_player=1 (R), 
[debug] board[(5, 1)]=13, board[(5, 1)]=13, 
[debug] board state:
[[ 6 14  2 11]
 [ 8  5 14  2]
 [ 6  6 14 13]
 [ 0 15  4 15]
 [ 6 15 15  5]
 [10 13 12 15]
 [15  1 13 15]
 [15  8 15  6]], 

=11 

=16 

[debug] move action_id=8, action=((0, 0), (0, 1)), 
[debug] current_player=0 (B), 
[debug] board[(0, 0)]=14, board[(0, 1)]=6, 
[debug] board state:
[[14  6  2 11]
 [ 8  5 14  2]
 [ 6  6 14 13]
 [ 0 15  4 15]
 [ 6 15 15  5]
 [10 13 12 15]
 [15  1 13 15]
 [15  8 15  6]], 

=10 

=16 

=12 d2 d2

[debug] move action_id=297, action=((6, 3), (6, 3)), 
[debug] current_player=1 (R), 
[debug] board[(6, 3)]=3, board[(6, 3)]=3, 
[debug] board state:
[[14  6  2 11]
 [ 8  5 14  2]
 [ 6  6 14 13]
 [ 0 15  4 15]
 [ 6 15 15  5]
 [10 13 12 15]
 [15  1 13  3]
 [15  8 15  6]], 

=11 

=16 

[debug] move action_id=19, action=((0, 1), (0, 0)), 
[debug] current_player=0 (B), 
[debug] board[(0, 1)]=14, board[(0, 0)]=6, 
[debug] board state:
[[ 6 14  2 11]
 [ 8  5 14  2]
 [ 6  6 14 13]
 [ 0 15  4 15]
 [ 6 15 15  5]
 [10 13 12 15]
 [15  1 13  3]
 [15  8 15  6]], 

=10 

=16 

=12 c4 c4

[debug] move action_id=198, action=((4, 2), (4, 2)), 
[debug] current_player=1 (R), 
[debug] board[(4, 2)]=9, board[(4, 2)]=9, 
[debug] board state:
[[ 6 14  2 11]
 [ 8  5 14  2]
 [ 6  6 14 13]
 [ 0 15  4 15]
 [ 6 15  9  5]
 [10 13 12 15]
 [15  1 13  3]
 [15  8 15  6]], 

=11 

=16 

[debug] move action_id=8, action=((0, 0), (0, 1)), 
[debug] current_player=0 (B), 
[debug] board[(0, 0)]=14, board[(0, 1)]=6, 
[debug] board state:
[[14  6  2 11]
 [ 8  5 14  2]
 [ 6  6 14 13]
 [ 0 15  4 15]
 [ 6 15  9  5]
 [10 13 12 15]
 [15  1 13  3]
 [15  8 15  6]], 

=10 

=16 

=12 b4 b4

[debug] move action_id=187, action=((4, 1), (4, 1)), 
[debug] current_player=1 (R), 
[debug] board[(4, 1)]=12, board[(4, 1)]=12, 
[debug] board state:
[[14  6  2 11]
 [ 8  5 14  2]
 [ 6  6 14 13]
 [ 0 15  4 15]
 [ 6 12  9  5]
 [10 13 12 15]
 [15  1 13  3]
 [15  8 15  6]], 

=11 

=16 

[debug] move action_id=19, action=((0, 1), (0, 0)), 
[debug] current_player=0 (B), 
[debug] board[(0, 1)]=14, board[(0, 0)]=6, 
[debug] board state:
[[ 6 14  2 11]
 [ 8  5 14  2]
 [ 6  6 14 13]
 [ 0 15  4 15]
 [ 6 12  9  5]
 [10 13 12 15]
 [15  1 13  3]
 [15  8 15  6]], 

=10 

=16 

=12 a7 b7

[debug] move action_id=52, action=((1, 0), (1, 1)), 
[debug] current_player=1 (R), 
[debug] board[(1, 0)]=14, board[(1, 1)]=8, 
[debug] board state:
[[ 6 14  2 11]
 [14  8 14  2]
 [ 6  6 14 13]
 [ 0 15  4 15]
 [ 6 12  9  5]
 [10 13 12 15]
 [15  1 13  3]
 [15  8 15  6]], 

=10 

=16 

[debug] move action_id=8, action=((0, 0), (0, 1)), 
[debug] current_player=0 (B), 
[debug] board[(0, 0)]=14, board[(0, 1)]=6, 
[debug] board state:
[[14  6  2 11]
 [14  8 14  2]
 [ 6  6 14 13]
 [ 0 15  4 15]
 [ 6 12  9  5]
 [10 13 12 15]
 [15  1 13  3]
 [15  8 15  6]], 

=10 

=16 

=12 b7 c7

[debug] move action_id=64, action=((1, 1), (1, 2)), 
[debug] current_player=1 (R), 
[debug] board[(1, 1)]=14, board[(1, 2)]=8, 
[debug] board state:
[[14  6  2 11]
 [14 14  8  2]
 [ 6  6 14 13]
 [ 0 15  4 15]
 [ 6 12  9  5]
 [10 13 12 15]
 [15  1 13  3]
 [15  8 15  6]], 

=10 

=16 

[debug] move action_id=19, action=((0, 1), (0, 0)), 
[debug] current_player=0 (B), 
[debug] board[(0, 1)]=14, board[(0, 0)]=6, 
[debug] board state:
[[ 6 14  2 11]
 [14 14  8  2]
 [ 6  6 14 13]
 [ 0 15  4 15]
 [ 6 12  9  5]
 [10 13 12 15]
 [15  1 13  3]
 [15  8 15  6]], 

=10 

=16 

=12 c7 d7

[debug] move action_id=76, action=((1, 2), (1, 3)), 
[debug] current_player=1 (R), 
[debug] board[(1, 2)]=14, board[(1, 3)]=8, 
[debug] board state:
[[ 6 14  2 11]
 [14 14 14  8]
 [ 6  6 14 13]
 [ 0 15  4 15]
 [ 6 12  9  5]
 [10 13 12 15]
 [15  1 13  3]
 [15  8 15  6]], 

=10 

=16 

[debug] move action_id=8, action=((0, 0), (0, 1)), 
[debug] current_player=0 (B), 
[debug] board[(0, 0)]=14, board[(0, 1)]=6, 
[debug] board state:
[[14  6  2 11]
 [14 14 14  8]
 [ 6  6 14 13]
 [ 0 15  4 15]
 [ 6 12  9  5]
 [10 13 12 15]
 [15  1 13  3]
 [15  8 15  6]], 

=10 

=16 

=12 a1 a1

[debug] move action_id=308, action=((7, 0), (7, 0)), 
[debug] current_player=1 (R), 
[debug] board[(7, 0)]=13, board[(7, 0)]=13, 
[debug] board state:
[[14  6  2 11]
 [14 14 14  8]
 [ 6  6 14 13]
 [ 0 15  4 15]
 [ 6 12  9  5]
 [10 13 12 15]
 [15  1 13  3]
 [13  8 15  6]], 

=11 

=16 

[debug] move action_id=19, action=((0, 1), (0, 0)), 
[debug] current_player=0 (B), 
[debug] board[(0, 1)]=14, board[(0, 0)]=6, 
[debug] board state:
[[ 6 14  2 11]
 [14 14 14  8]
 [ 6  6 14 13]
 [ 0 15  4 15]
 [ 6 12  9  5]
 [10 13 12 15]
 [15  1 13  3]
 [13  8 15  6]], 

=10 

=16 

=12 c4 d4

[debug] move action_id=208, action=((4, 2), (4, 3)), 
[debug] current_player=1 (R), 
[debug] board[(4, 2)]=14, board[(4, 3)]=9, 
[debug] board state:
[[ 6 14  2 11]
 [14 14 14  8]
 [ 6  6 14 13]
 [ 0 15  4 15]
 [ 6 12 14  9]
 [10 13 12 15]
 [15  1 13  3]
 [13  8 15  6]], 

=10 

=16 

[debug] move action_id=8, action=((0, 0), (0, 1)), 
[debug] current_player=0 (B), 
[debug] board[(0, 0)]=14, board[(0, 1)]=6, 
[debug] board state:
[[14  6  2 11]
 [14 14 14  8]
 [ 6  6 14 13]
 [ 0 15  4 15]
 [ 6 12 14  9]
 [10 13 12 15]
 [15  1 13  3]
 [13  8 15  6]], 

=10 

=16 

=12 b4 c4

[debug] move action_id=196, action=((4, 1), (4, 2)), 
[debug] current_player=1 (R), 
[debug] board[(4, 1)]=14, board[(4, 2)]=12, 
[debug] board state:
[[14  6  2 11]
 [14 14 14  8]
 [ 6  6 14 13]
 [ 0 15  4 15]
 [ 6 14 12  9]
 [10 13 12 15]
 [15  1 13  3]
 [13  8 15  6]], 

=10 

=16 

[debug] move action_id=19, action=((0, 1), (0, 0)), 
[debug] current_player=0 (B), 
[debug] board[(0, 1)]=14, board[(0, 0)]=6, 
[debug] board state:
[[ 6 14  2 11]
 [14 14 14  8]
 [ 6  6 14 13]
 [ 0 15  4 15]
 [ 6 14 12  9]
 [10 13 12 15]
 [15  1 13  3]
 [13  8 15  6]], 

=10 

=16 

=12 b3 b4

[debug] move action_id=192, action=((5, 1), (4, 1)), 
[debug] current_player=1 (R), 
[debug] board[(5, 1)]=14, board[(4, 1)]=13, 
[debug] board state:
[[ 6 14  2 11]
 [14 14 14  8]
 [ 6  6 14 13]
 [ 0 15  4 15]
 [ 6 13 12  9]
 [10 14 12 15]
 [15  1 13  3]
 [13  8 15  6]], 

=10 

=16 

[debug] move action_id=8, action=((0, 0), (0, 1)), 
[debug] current_player=0 (B), 
[debug] board[(0, 0)]=14, board[(0, 1)]=6, 
[debug] board state:
[[14  6  2 11]
 [14 14 14  8]
 [ 6  6 14 13]
 [ 0 15  4 15]
 [ 6 13 12  9]
 [10 14 12 15]
 [15  1 13  3]
 [13  8 15  6]], 

=10 

=16 

=12 b4 b3

[debug] move action_id=236, action=((4, 1), (5, 1)), 
[debug] current_player=1 (R), 
[debug] board[(4, 1)]=14, board[(5, 1)]=13, 
[debug] board state:
[[14  6  2 11]
 [14 14 14  8]
 [ 6  6 14 13]
 [ 0 15  4 15]
 [ 6 14 12  9]
 [10 13 12 15]
 [15  1 13  3]
 [13  8 15  6]], 

=10 

=16 

[debug] move action_id=19, action=((0, 1), (0, 0)), 
[debug] current_player=0 (B), 
[debug] board[(0, 1)]=14, board[(0, 0)]=6, 
[debug] board state:
[[ 6 14  2 11]
 [14 14 14  8]
 [ 6  6 14 13]
 [ 0 15  4 15]
 [ 6 14 12  9]
 [10 13 12 15]
 [15  1 13  3]
 [13  8 15  6]], 

=10 

=16 

=12 b3 b4

[debug] move action_id=192, action=((5, 1), (4, 1)), 
[debug] current_player=1 (R), 
[debug] board[(5, 1)]=14, board[(4, 1)]=13, 
[debug] board state:
[[ 6 14  2 11]
 [14 14 14  8]
 [ 6  6 14 13]
 [ 0 15  4 15]
 [ 6 13 12  9]
 [10 14 12 15]
 [15  1 13  3]
 [13  8 15  6]], 

=10 

=16 

[debug] move action_id=8, action=((0, 0), (0, 1)), 
[debug] current_player=0 (B), 
[debug] board[(0, 0)]=14, board[(0, 1)]=6, 
[debug] board state:
[[14  6  2 11]
 [14 14 14  8]
 [ 6  6 14 13]
 [ 0 15  4 15]
 [ 6 13 12  9]
 [10 14 12 15]
 [15  1 13  3]
 [13  8 15  6]], 

=10 

=16 

=12 b4 b3

[debug] move action_id=236, action=((4, 1), (5, 1)), 
[debug] current_player=1 (R), 
[debug] board[(4, 1)]=14, board[(5, 1)]=13, 
[debug] board state:
[[14  6  2 11]
 [14 14 14  8]
 [ 6  6 14 13]
 [ 0 15  4 15]
 [ 6 14 12  9]
 [10 13 12 15]
 [15  1 13  3]
 [13  8 15  6]], 

=10 

=16 

[debug] move action_id=19, action=((0, 1), (0, 0)), 
[debug] current_player=0 (B), 
[debug] board[(0, 1)]=14, board[(0, 0)]=6, 
[debug] board state:
[[ 6 14  2 11]
 [14 14 14  8]
 [ 6  6 14 13]
 [ 0 15  4 15]
 [ 6 14 12  9]
 [10 13 12 15]
 [15  1 13  3]
 [13  8 15  6]], 

=10 

=16 

=12 b3 b4

[debug] move action_id=192, action=((5, 1), (4, 1)), 
[debug] current_player=1 (R), 
[debug] board[(5, 1)]=14, board[(4, 1)]=13, 
[debug] board state:
[[ 6 14  2 11]
 [14 14 14  8]
 [ 6  6 14 13]
 [ 0 15  4 15]
 [ 6 13 12  9]
 [10 14 12 15]
 [15  1 13  3]
 [13  8 15  6]], 

=10 

=16 

[debug] move action_id=8, action=((0, 0), (0, 1)), 
[debug] current_player=0 (B), 
[debug] board[(0, 0)]=14, board[(0, 1)]=6, 
[debug] board state:
[[14  6  2 11]
 [14 14 14  8]
 [ 6  6 14 13]
 [ 0 15  4 15]
 [ 6 13 12  9]
 [10 14 12 15]
 [15  1 13  3]
 [13  8 15  6]], 

=10 

=16 

=12 b4 b3

[debug] move action_id=236, action=((4, 1), (5, 1)), 
[debug] current_player=1 (R), 
[debug] board[(4, 1)]=14, board[(5, 1)]=13, 
[debug] board state:
[[14  6  2 11]
 [14 14 14  8]
 [ 6  6 14 13]
 [ 0 15  4 15]
 [ 6 14 12  9]
 [10 13 12 15]
 [15  1 13  3]
 [13  8 15  6]], 

=10 

=16 


# 10 12 46 48 82 84 118 120 154 156 190 192 226 228 262 264 298 300 334 336 370 372 406 408 442 444 478 480 514 516 550 552 586 588 622 624 658 660 694 696 730 732 766 768 802 804 838 840 874 876 910 912 946 948 982 984 1018 1020 1054 1056 1090 1092 1126 1128 #
/home/ntcucsk201/anaconda3/envs/darkchess/lib/python3.10/site-packages/treevalue/tree/integration/torch.py:23: FutureWarning: `torch.utils._pytree._register_pytree_node` is deprecated. Please use `torch.utils._pytree.register_pytree_node` instead.
  register_for_torch(TreeValue)
/home/ntcucsk201/anaconda3/envs/darkchess/lib/python3.10/site-packages/treevalue/tree/integration/torch.py:24: FutureWarning: `torch.utils._pytree._register_pytree_node` is deprecated. Please use `torch.utils._pytree.register_pytree_node` instead.
  register_for_torch(FastTreeValue)
Gym has been unmaintained since 2022 and does not support NumPy 2.0 amongst other critical functionality.
Please upgrade to Gymnasium, the maintained drop-in replacement of Gym, or contact the authors of your software and request that they upgrade.
See the migration guide at https://gymnasium.farama.org/introduction/migration_guide/ for additional information.
[DEBUG] Config loaded successfully
/home/ntcucsk201/DarkChess/LightZero/zoo/board_games/darkchess/muzero_mgtp.py:38: FutureWarning: You are using `torch.load` with `weights_only=False` (the current default value), which uses the default pickle module implicitly. It is possible to construct malicious pickle data which will execute arbitrary code during unpickling (See https://github.com/pytorch/pytorch/blob/main/SECURITY.md#untrusted-models for more details). In a future release, the default value for `weights_only` will be flipped to `True`. This limits the functions that could be executed during unpickling. Arbitrary objects will no longer be allowed to be loaded via this mode unless they are explicitly allowlisted by the user via `torch.serialization.add_safe_globals`. We recommend you start setting `weights_only=True` for any use case where you don't have full control of the loaded file. Please open an issue on GitHub for any issues related to this experimental feature.
  checkpoint = torch.load(model_path, map_location='cpu')
[DEBUG] Model moved to device: cuda:0

###
Account: a0_mu
Mode: MGTP
Path: /home/ntcucsk201/anaconda3/envs/darkchess/bin/python
Arg: /home/ntcucsk201/DarkChess/LightZero/zoo/board_games/darkchess/muzero_mgtp.py -model_path /home/ntcucsk201/DarkChess/LightZero/zoo/board_games/darkchess/data_muzero/darkchess_muzero_ns1000_upc50_rer0.0_bs512/ckpt/ckpt_best.pth.tar -config_path /home/ntcucsk201/DarkChess/LightZero/zoo/board_games/darkchess/data_muzero/darkchess_muzero_ns1000_upc50_rer0.0_bs512/formatted_total_config.py
Name: LightZero_DarkChess
Version: 1.0.0
###
