INITIAL
* 11:34pm Feb 22, 2026
* a1_alphazero vs a0_mu
* 1 2 2 2 2 2 5 1 2 2 2 2 2 5
* X X X X
* X X X X
* X X X X
* X X X X
* X X X X
* X X X X
* X X X X
* X X X X
* first 0
* time 900
* 1. a8(C) b1(N)
* 2. b8(m) c7(p)
* 3. c8(g) a4(N)
* 4. a8-c8 a6(G)
* 5. d8(M) c6(P)
* 6. a7(c) b5(P)
* 7. a6-a7 c5(P)
* 8. a7-a8 c2(r)
* 9. a8-b8 c3(p)
* 10. b8-a8 d7(n)
* 11. a8-b8 a5(c)
* 12. b8-a8 d1(p)
* 13. a8-b8 a3(n)
* 14. b8-a8 d3(R)
* 15. a8-b8 b2(R)
* 16. b8-a8 d2(p)
* 17. a8-b8 d6(P)
* 18. b8-a8 c1(K)
* 19. a8-b8 a2(g)
* 20. b8-a8 b4(P)
* 21. a8-b8 d4(M)
* 22. b8-a8 b3(p)
* 23. a8-b8 b3-b4
* 24. b8-a8 b4-b5
* 25. a8-b8 a3-b3
* 26. b8-a8 b3-b4
* 27. a8-b8 b4-b3
* 28. b8-a8 b3-b4
* 29. a8-b8 b4-b3
* 30. b8-a8 b3-b4
* 31. a8-b8 b4-b3
* PositionRepetitionDraw,3,4 a1_alphazero Draw 0.500000,0.500000
* Comment 0 0
0. 1771774486362
1. 1771774486362
2. 1771774488600
3. 1771774489008
4. 1771774491006
5. 1771774491413
6. 1771774493461
7. 1771774493869
8. 1771774495867
9. 1771774496275
10. 1771774498322
11. 1771774498730
12. 1771774500728
13. 1771774501136
14. 1771774503134
15. 1771774503542
16. 1771774505540
17. 1771774505949
18. 1771774507996
19. 1771774508403
20. 1771774510452
21. 1771774510859
22. 1771774512908
23. 1771774513315
24. 1771774515363
25. 1771774515769
26. 1771774517819
27. 1771774518223
28. 1771774520275
29. 1771774520678
30. 1771774522731
31. 1771774523131
32. 1771774525187
33. 1771774525586
34. 1771774527642
35. 1771774528042
36. 1771774530098
37. 1771774530495
38. 1771774532554
39. 1771774532949
40. 1771774535010
41. 1771774535404
42. 1771774537416
43. 1771774537858
44. 1771774539922
45. 1771774540360
46. 1771774542426
47. 1771774542862
48. 1771774544932
49. 1771774545367
50. 1771774547439
51. 1771774547872
52. 1771774549944
53. 1771774550377
54. 1771774552450
55. 1771774552882
56. 1771774554955
57. 1771774555388
58. 1771774557460
59. 1771774557893
60. 1771774559916
61. 1771774560348
62. 1771774562422

# 10 27 29 63 65 99 101 135 137 171 173 207 209 243 245 279 281 315 317 351 353 387 389 423 425 459 461 495 497 531 533 567 569 603 605 639 641 675 677 711 713 747 749 783 785 819 821 855 857 891 893 927 929 963 965 999 1001 1035 1037 1071 1073 1107 1109 #
LightZero MGTP Interface Ready
=1 LightZero_DarkChess

=2 1.0.0

=7 

=15 

=14 

[debug] move action_id=0, action=((0, 0), (0, 0)), 
[debug] current_player=1 (B), 
[debug] board[(0, 0)]=5, board[(0, 0)]=5, 
[debug] board state:
[[ 5 15 15 15]
 [15 15 15 15]
 [15 15 15 15]
 [15 15 15 15]
 [15 15 15 15]
 [15 15 15 15]
 [15 15 15 15]
 [15 15 15 15]], 

=11 

=16 

=12 b1 b1

[debug] move action_id=319, action=((7, 1), (7, 1)), 
[debug] current_player=0 (R), 
[debug] board[(7, 1)]=4, board[(7, 1)]=4, 
[debug] board state:
[[ 5 15 15 15]
 [15 15 15 15]
 [15 15 15 15]
 [15 15 15 15]
 [15 15 15 15]
 [15 15 15 15]
 [15 15 15 15]
 [15  4 15 15]], 

=11 

=16 

[debug] move action_id=11, action=((0, 1), (0, 1)), 
[debug] current_player=1 (B), 
[debug] board[(0, 1)]=9, board[(0, 1)]=9, 
[debug] board state:
[[ 5  9 15 15]
 [15 15 15 15]
 [15 15 15 15]
 [15 15 15 15]
 [15 15 15 15]
 [15 15 15 15]
 [15 15 15 15]
 [15  4 15 15]], 

=11 

=16 

=12 c7 c7

[debug] move action_id=66, action=((1, 2), (1, 2)), 
[debug] current_player=0 (R), 
[debug] board[(1, 2)]=13, board[(1, 2)]=13, 
[debug] board state:
[[ 5  9 15 15]
 [15 15 13 15]
 [15 15 15 15]
 [15 15 15 15]
 [15 15 15 15]
 [15 15 15 15]
 [15 15 15 15]
 [15  4 15 15]], 

=11 

=16 

[debug] move action_id=22, action=((0, 2), (0, 2)), 
[debug] current_player=1 (B), 
[debug] board[(0, 2)]=8, board[(0, 2)]=8, 
[debug] board state:
[[ 5  9  8 15]
 [15 15 13 15]
 [15 15 15 15]
 [15 15 15 15]
 [15 15 15 15]
 [15 15 15 15]
 [15 15 15 15]
 [15  4 15 15]], 

=11 

=16 

=12 a4 a4

[debug] move action_id=176, action=((4, 0), (4, 0)), 
[debug] current_player=0 (R), 
[debug] board[(4, 0)]=4, board[(4, 0)]=4, 
[debug] board state:
[[ 5  9  8 15]
 [15 15 13 15]
 [15 15 15 15]
 [15 15 15 15]
 [ 4 15 15 15]
 [15 15 15 15]
 [15 15 15 15]
 [15  4 15 15]], 

=11 

=16 

[debug] move action_id=9, action=((0, 0), (0, 2)), 
[debug] current_player=1 (B), 
[debug] board[(0, 0)]=14, board[(0, 2)]=5, 
[debug] board state:
[[14  9  5 15]
 [15 15 13 15]
 [15 15 15 15]
 [15 15 15 15]
 [ 4 15 15 15]
 [15 15 15 15]
 [15 15 15 15]
 [15  4 15 15]], 

=10 

=16 

=12 a6 a6

[debug] move action_id=88, action=((2, 0), (2, 0)), 
[debug] current_player=0 (R), 
[debug] board[(2, 0)]=1, board[(2, 0)]=1, 
[debug] board state:
[[14  9  5 15]
 [15 15 13 15]
 [ 1 15 15 15]
 [15 15 15 15]
 [ 4 15 15 15]
 [15 15 15 15]
 [15 15 15 15]
 [15  4 15 15]], 

=11 

=16 

[debug] move action_id=33, action=((0, 3), (0, 3)), 
[debug] current_player=1 (B), 
[debug] board[(0, 3)]=2, board[(0, 3)]=2, 
[debug] board state:
[[14  9  5  2]
 [15 15 13 15]
 [ 1 15 15 15]
 [15 15 15 15]
 [ 4 15 15 15]
 [15 15 15 15]
 [15 15 15 15]
 [15  4 15 15]], 

=11 

=16 

=12 c6 c6

[debug] move action_id=110, action=((2, 2), (2, 2)), 
[debug] current_player=0 (R), 
[debug] board[(2, 2)]=6, board[(2, 2)]=6, 
[debug] board state:
[[14  9  5  2]
 [15 15 13 15]
 [ 1 15  6 15]
 [15 15 15 15]
 [ 4 15 15 15]
 [15 15 15 15]
 [15 15 15 15]
 [15  4 15 15]], 

=11 

=16 

[debug] move action_id=44, action=((1, 0), (1, 0)), 
[debug] current_player=1 (B), 
[debug] board[(1, 0)]=12, board[(1, 0)]=12, 
[debug] board state:
[[14  9  5  2]
 [12 15 13 15]
 [ 1 15  6 15]
 [15 15 15 15]
 [ 4 15 15 15]
 [15 15 15 15]
 [15 15 15 15]
 [15  4 15 15]], 

=11 

=16 

=12 b5 b5

[debug] move action_id=143, action=((3, 1), (3, 1)), 
[debug] current_player=0 (R), 
[debug] board[(3, 1)]=6, board[(3, 1)]=6, 
[debug] board state:
[[14  9  5  2]
 [12 15 13 15]
 [ 1 15  6 15]
 [15  6 15 15]
 [ 4 15 15 15]
 [15 15 15 15]
 [15 15 15 15]
 [15  4 15 15]], 

=11 

=16 

[debug] move action_id=46, action=((2, 0), (1, 0)), 
[debug] current_player=1 (B), 
[debug] board[(2, 0)]=14, board[(1, 0)]=1, 
[debug] board state:
[[14  9  5  2]
 [ 1 15 13 15]
 [14 15  6 15]
 [15  6 15 15]
 [ 4 15 15 15]
 [15 15 15 15]
 [15 15 15 15]
 [15  4 15 15]], 

=10 

=16 

=12 c5 c5

[debug] move action_id=154, action=((3, 2), (3, 2)), 
[debug] current_player=0 (R), 
[debug] board[(3, 2)]=6, board[(3, 2)]=6, 
[debug] board state:
[[14  9  5  2]
 [ 1 15 13 15]
 [14 15  6 15]
 [15  6  6 15]
 [ 4 15 15 15]
 [15 15 15 15]
 [15 15 15 15]
 [15  4 15 15]], 

=11 

=16 

[debug] move action_id=1, action=((1, 0), (0, 0)), 
[debug] current_player=1 (B), 
[debug] board[(1, 0)]=14, board[(0, 0)]=1, 
[debug] board state:
[[ 1  9  5  2]
 [14 15 13 15]
 [14 15  6 15]
 [15  6  6 15]
 [ 4 15 15 15]
 [15 15 15 15]
 [15 15 15 15]
 [15  4 15 15]], 

=10 

=16 

=12 c2 c2

[debug] move action_id=286, action=((6, 2), (6, 2)), 
[debug] current_player=0 (R), 
[debug] board[(6, 2)]=10, board[(6, 2)]=10, 
[debug] board state:
[[ 1  9  5  2]
 [14 15 13 15]
 [14 15  6 15]
 [15  6  6 15]
 [ 4 15 15 15]
 [15 15 15 15]
 [15 15 10 15]
 [15  4 15 15]], 

=11 

=16 

[debug] move action_id=8, action=((0, 0), (0, 1)), 
[debug] current_player=1 (B), 
[debug] board[(0, 0)]=14, board[(0, 1)]=1, 
[debug] board state:
[[14  1  5  2]
 [14 15 13 15]
 [14 15  6 15]
 [15  6  6 15]
 [ 4 15 15 15]
 [15 15 15 15]
 [15 15 10 15]
 [15  4 15 15]], 

=10 

=16 

=12 c3 c3

[debug] move action_id=242, action=((5, 2), (5, 2)), 
[debug] current_player=0 (R), 
[debug] board[(5, 2)]=13, board[(5, 2)]=13, 
[debug] board state:
[[14  1  5  2]
 [14 15 13 15]
 [14 15  6 15]
 [15  6  6 15]
 [ 4 15 15 15]
 [15 15 13 15]
 [15 15 10 15]
 [15  4 15 15]], 

=11 

=16 

[debug] move action_id=19, action=((0, 1), (0, 0)), 
[debug] current_player=1 (B), 
[debug] board[(0, 1)]=14, board[(0, 0)]=1, 
[debug] board state:
[[ 1 14  5  2]
 [14 15 13 15]
 [14 15  6 15]
 [15  6  6 15]
 [ 4 15 15 15]
 [15 15 13 15]
 [15 15 10 15]
 [15  4 15 15]], 

=10 

=16 

=12 d7 d7

[debug] move action_id=77, action=((1, 3), (1, 3)), 
[debug] current_player=0 (R), 
[debug] board[(1, 3)]=11, board[(1, 3)]=11, 
[debug] board state:
[[ 1 14  5  2]
 [14 15 13 11]
 [14 15  6 15]
 [15  6  6 15]
 [ 4 15 15 15]
 [15 15 13 15]
 [15 15 10 15]
 [15  4 15 15]], 

=11 

=16 

[debug] move action_id=8, action=((0, 0), (0, 1)), 
[debug] current_player=1 (B), 
[debug] board[(0, 0)]=14, board[(0, 1)]=1, 
[debug] board state:
[[14  1  5  2]
 [14 15 13 11]
 [14 15  6 15]
 [15  6  6 15]
 [ 4 15 15 15]
 [15 15 13 15]
 [15 15 10 15]
 [15  4 15 15]], 

=10 

=16 

=12 a5 a5

[debug] move action_id=132, action=((3, 0), (3, 0)), 
[debug] current_player=0 (R), 
[debug] board[(3, 0)]=12, board[(3, 0)]=12, 
[debug] board state:
[[14  1  5  2]
 [14 15 13 11]
 [14 15  6 15]
 [12  6  6 15]
 [ 4 15 15 15]
 [15 15 13 15]
 [15 15 10 15]
 [15  4 15 15]], 

=11 

=16 

[debug] move action_id=19, action=((0, 1), (0, 0)), 
[debug] current_player=1 (B), 
[debug] board[(0, 1)]=14, board[(0, 0)]=1, 
[debug] board state:
[[ 1 14  5  2]
 [14 15 13 11]
 [14 15  6 15]
 [12  6  6 15]
 [ 4 15 15 15]
 [15 15 13 15]
 [15 15 10 15]
 [15  4 15 15]], 

=10 

=16 

=12 d1 d1

[debug] move action_id=341, action=((7, 3), (7, 3)), 
[debug] current_player=0 (R), 
[debug] board[(7, 3)]=13, board[(7, 3)]=13, 
[debug] board state:
[[ 1 14  5  2]
 [14 15 13 11]
 [14 15  6 15]
 [12  6  6 15]
 [ 4 15 15 15]
 [15 15 13 15]
 [15 15 10 15]
 [15  4 15 13]], 

=11 

=16 

[debug] move action_id=8, action=((0, 0), (0, 1)), 
[debug] current_player=1 (B), 
[debug] board[(0, 0)]=14, board[(0, 1)]=1, 
[debug] board state:
[[14  1  5  2]
 [14 15 13 11]
 [14 15  6 15]
 [12  6  6 15]
 [ 4 15 15 15]
 [15 15 13 15]
 [15 15 10 15]
 [15  4 15 13]], 

=10 

=16 

=12 a3 a3

[debug] move action_id=220, action=((5, 0), (5, 0)), 
[debug] current_player=0 (R), 
[debug] board[(5, 0)]=11, board[(5, 0)]=11, 
[debug] board state:
[[14  1  5  2]
 [14 15 13 11]
 [14 15  6 15]
 [12  6  6 15]
 [ 4 15 15 15]
 [11 15 13 15]
 [15 15 10 15]
 [15  4 15 13]], 

=11 

=16 

[debug] move action_id=19, action=((0, 1), (0, 0)), 
[debug] current_player=1 (B), 
[debug] board[(0, 1)]=14, board[(0, 0)]=1, 
[debug] board state:
[[ 1 14  5  2]
 [14 15 13 11]
 [14 15  6 15]
 [12  6  6 15]
 [ 4 15 15 15]
 [11 15 13 15]
 [15 15 10 15]
 [15  4 15 13]], 

=10 

=16 

=12 d3 d3

[debug] move action_id=253, action=((5, 3), (5, 3)), 
[debug] current_player=0 (R), 
[debug] board[(5, 3)]=3, board[(5, 3)]=3, 
[debug] board state:
[[ 1 14  5  2]
 [14 15 13 11]
 [14 15  6 15]
 [12  6  6 15]
 [ 4 15 15 15]
 [11 15 13  3]
 [15 15 10 15]
 [15  4 15 13]], 

=11 

=16 

[debug] move action_id=8, action=((0, 0), (0, 1)), 
[debug] current_player=1 (B), 
[debug] board[(0, 0)]=14, board[(0, 1)]=1, 
[debug] board state:
[[14  1  5  2]
 [14 15 13 11]
 [14 15  6 15]
 [12  6  6 15]
 [ 4 15 15 15]
 [11 15 13  3]
 [15 15 10 15]
 [15  4 15 13]], 

=10 

=16 

=12 b2 b2

[debug] move action_id=275, action=((6, 1), (6, 1)), 
[debug] current_player=0 (R), 
[debug] board[(6, 1)]=3, board[(6, 1)]=3, 
[debug] board state:
[[14  1  5  2]
 [14 15 13 11]
 [14 15  6 15]
 [12  6  6 15]
 [ 4 15 15 15]
 [11 15 13  3]
 [15  3 10 15]
 [15  4 15 13]], 

=11 

=16 

[debug] move action_id=19, action=((0, 1), (0, 0)), 
[debug] current_player=1 (B), 
[debug] board[(0, 1)]=14, board[(0, 0)]=1, 
[debug] board state:
[[ 1 14  5  2]
 [14 15 13 11]
 [14 15  6 15]
 [12  6  6 15]
 [ 4 15 15 15]
 [11 15 13  3]
 [15  3 10 15]
 [15  4 15 13]], 

=10 

=16 

=12 d2 d2

[debug] move action_id=297, action=((6, 3), (6, 3)), 
[debug] current_player=0 (R), 
[debug] board[(6, 3)]=13, board[(6, 3)]=13, 
[debug] board state:
[[ 1 14  5  2]
 [14 15 13 11]
 [14 15  6 15]
 [12  6  6 15]
 [ 4 15 15 15]
 [11 15 13  3]
 [15  3 10 13]
 [15  4 15 13]], 

=11 

=16 

[debug] move action_id=8, action=((0, 0), (0, 1)), 
[debug] current_player=1 (B), 
[debug] board[(0, 0)]=14, board[(0, 1)]=1, 
[debug] board state:
[[14  1  5  2]
 [14 15 13 11]
 [14 15  6 15]
 [12  6  6 15]
 [ 4 15 15 15]
 [11 15 13  3]
 [15  3 10 13]
 [15  4 15 13]], 

=10 

=16 

=12 d6 d6

[debug] move action_id=121, action=((2, 3), (2, 3)), 
[debug] current_player=0 (R), 
[debug] board[(2, 3)]=6, board[(2, 3)]=6, 
[debug] board state:
[[14  1  5  2]
 [14 15 13 11]
 [14 15  6  6]
 [12  6  6 15]
 [ 4 15 15 15]
 [11 15 13  3]
 [15  3 10 13]
 [15  4 15 13]], 

=11 

=16 

[debug] move action_id=19, action=((0, 1), (0, 0)), 
[debug] current_player=1 (B), 
[debug] board[(0, 1)]=14, board[(0, 0)]=1, 
[debug] board state:
[[ 1 14  5  2]
 [14 15 13 11]
 [14 15  6  6]
 [12  6  6 15]
 [ 4 15 15 15]
 [11 15 13  3]
 [15  3 10 13]
 [15  4 15 13]], 

=10 

=16 

=12 c1 c1

[debug] move action_id=330, action=((7, 2), (7, 2)), 
[debug] current_player=0 (R), 
[debug] board[(7, 2)]=0, board[(7, 2)]=0, 
[debug] board state:
[[ 1 14  5  2]
 [14 15 13 11]
 [14 15  6  6]
 [12  6  6 15]
 [ 4 15 15 15]
 [11 15 13  3]
 [15  3 10 13]
 [15  4  0 13]], 

=11 

=16 

[debug] move action_id=8, action=((0, 0), (0, 1)), 
[debug] current_player=1 (B), 
[debug] board[(0, 0)]=14, board[(0, 1)]=1, 
[debug] board state:
[[14  1  5  2]
 [14 15 13 11]
 [14 15  6  6]
 [12  6  6 15]
 [ 4 15 15 15]
 [11 15 13  3]
 [15  3 10 13]
 [15  4  0 13]], 

=10 

=16 

=12 a2 a2

[debug] move action_id=264, action=((6, 0), (6, 0)), 
[debug] current_player=0 (R), 
[debug] board[(6, 0)]=8, board[(6, 0)]=8, 
[debug] board state:
[[14  1  5  2]
 [14 15 13 11]
 [14 15  6  6]
 [12  6  6 15]
 [ 4 15 15 15]
 [11 15 13  3]
 [ 8  3 10 13]
 [15  4  0 13]], 

=11 

=16 

[debug] move action_id=19, action=((0, 1), (0, 0)), 
[debug] current_player=1 (B), 
[debug] board[(0, 1)]=14, board[(0, 0)]=1, 
[debug] board state:
[[ 1 14  5  2]
 [14 15 13 11]
 [14 15  6  6]
 [12  6  6 15]
 [ 4 15 15 15]
 [11 15 13  3]
 [ 8  3 10 13]
 [15  4  0 13]], 

=10 

=16 

=12 b4 b4

[debug] move action_id=187, action=((4, 1), (4, 1)), 
[debug] current_player=0 (R), 
[debug] board[(4, 1)]=6, board[(4, 1)]=6, 
[debug] board state:
[[ 1 14  5  2]
 [14 15 13 11]
 [14 15  6  6]
 [12  6  6 15]
 [ 4  6 15 15]
 [11 15 13  3]
 [ 8  3 10 13]
 [15  4  0 13]], 

=11 

=16 

[debug] move action_id=8, action=((0, 0), (0, 1)), 
[debug] current_player=1 (B), 
[debug] board[(0, 0)]=14, board[(0, 1)]=1, 
[debug] board state:
[[14  1  5  2]
 [14 15 13 11]
 [14 15  6  6]
 [12  6  6 15]
 [ 4  6 15 15]
 [11 15 13  3]
 [ 8  3 10 13]
 [15  4  0 13]], 

=10 

=16 

=12 d4 d4

[debug] move action_id=209, action=((4, 3), (4, 3)), 
[debug] current_player=0 (R), 
[debug] board[(4, 3)]=2, board[(4, 3)]=2, 
[debug] board state:
[[14  1  5  2]
 [14 15 13 11]
 [14 15  6  6]
 [12  6  6 15]
 [ 4  6 15  2]
 [11 15 13  3]
 [ 8  3 10 13]
 [15  4  0 13]], 

=11 

=16 

[debug] move action_id=19, action=((0, 1), (0, 0)), 
[debug] current_player=1 (B), 
[debug] board[(0, 1)]=14, board[(0, 0)]=1, 
[debug] board state:
[[ 1 14  5  2]
 [14 15 13 11]
 [14 15  6  6]
 [12  6  6 15]
 [ 4  6 15  2]
 [11 15 13  3]
 [ 8  3 10 13]
 [15  4  0 13]], 

=10 

=16 

=12 b3 b3

[debug] move action_id=231, action=((5, 1), (5, 1)), 
[debug] current_player=0 (R), 
[debug] board[(5, 1)]=13, board[(5, 1)]=13, 
[debug] board state:
[[ 1 14  5  2]
 [14 15 13 11]
 [14 15  6  6]
 [12  6  6 15]
 [ 4  6 15  2]
 [11 13 13  3]
 [ 8  3 10 13]
 [15  4  0 13]], 

=11 

=16 

[debug] move action_id=8, action=((0, 0), (0, 1)), 
[debug] current_player=1 (B), 
[debug] board[(0, 0)]=14, board[(0, 1)]=1, 
[debug] board state:
[[14  1  5  2]
 [14 15 13 11]
 [14 15  6  6]
 [12  6  6 15]
 [ 4  6 15  2]
 [11 13 13  3]
 [ 8  3 10 13]
 [15  4  0 13]], 

=10 

=16 

=12 b3 b4

[debug] move action_id=192, action=((5, 1), (4, 1)), 
[debug] current_player=0 (R), 
[debug] board[(5, 1)]=14, board[(4, 1)]=13, 
[debug] board state:
[[14  1  5  2]
 [14 15 13 11]
 [14 15  6  6]
 [12  6  6 15]
 [ 4 13 15  2]
 [11 14 13  3]
 [ 8  3 10 13]
 [15  4  0 13]], 

=10 

=16 

[debug] move action_id=19, action=((0, 1), (0, 0)), 
[debug] current_player=1 (B), 
[debug] board[(0, 1)]=14, board[(0, 0)]=1, 
[debug] board state:
[[ 1 14  5  2]
 [14 15 13 11]
 [14 15  6  6]
 [12  6  6 15]
 [ 4 13 15  2]
 [11 14 13  3]
 [ 8  3 10 13]
 [15  4  0 13]], 

=10 

=16 

=12 b4 b5

[debug] move action_id=147, action=((4, 1), (3, 1)), 
[debug] current_player=0 (R), 
[debug] board[(4, 1)]=14, board[(3, 1)]=13, 
[debug] board state:
[[ 1 14  5  2]
 [14 15 13 11]
 [14 15  6  6]
 [12 13  6 15]
 [ 4 14 15  2]
 [11 14 13  3]
 [ 8  3 10 13]
 [15  4  0 13]], 

=10 

=16 

[debug] move action_id=8, action=((0, 0), (0, 1)), 
[debug] current_player=1 (B), 
[debug] board[(0, 0)]=14, board[(0, 1)]=1, 
[debug] board state:
[[14  1  5  2]
 [14 15 13 11]
 [14 15  6  6]
 [12 13  6 15]
 [ 4 14 15  2]
 [11 14 13  3]
 [ 8  3 10 13]
 [15  4  0 13]], 

=10 

=16 

=12 a3 b3

[debug] move action_id=228, action=((5, 0), (5, 1)), 
[debug] current_player=0 (R), 
[debug] board[(5, 0)]=14, board[(5, 1)]=11, 
[debug] board state:
[[14  1  5  2]
 [14 15 13 11]
 [14 15  6  6]
 [12 13  6 15]
 [ 4 14 15  2]
 [14 11 13  3]
 [ 8  3 10 13]
 [15  4  0 13]], 

=10 

=16 

[debug] move action_id=19, action=((0, 1), (0, 0)), 
[debug] current_player=1 (B), 
[debug] board[(0, 1)]=14, board[(0, 0)]=1, 
[debug] board state:
[[ 1 14  5  2]
 [14 15 13 11]
 [14 15  6  6]
 [12 13  6 15]
 [ 4 14 15  2]
 [14 11 13  3]
 [ 8  3 10 13]
 [15  4  0 13]], 

=10 

=16 

=12 b3 b4

[debug] move action_id=192, action=((5, 1), (4, 1)), 
[debug] current_player=0 (R), 
[debug] board[(5, 1)]=14, board[(4, 1)]=11, 
[debug] board state:
[[ 1 14  5  2]
 [14 15 13 11]
 [14 15  6  6]
 [12 13  6 15]
 [ 4 11 15  2]
 [14 14 13  3]
 [ 8  3 10 13]
 [15  4  0 13]], 

=10 

=16 

[debug] move action_id=8, action=((0, 0), (0, 1)), 
[debug] current_player=1 (B), 
[debug] board[(0, 0)]=14, board[(0, 1)]=1, 
[debug] board state:
[[14  1  5  2]
 [14 15 13 11]
 [14 15  6  6]
 [12 13  6 15]
 [ 4 11 15  2]
 [14 14 13  3]
 [ 8  3 10 13]
 [15  4  0 13]], 

=10 

=16 

=12 b4 b3

[debug] move action_id=236, action=((4, 1), (5, 1)), 
[debug] current_player=0 (R), 
[debug] board[(4, 1)]=14, board[(5, 1)]=11, 
[debug] board state:
[[14  1  5  2]
 [14 15 13 11]
 [14 15  6  6]
 [12 13  6 15]
 [ 4 14 15  2]
 [14 11 13  3]
 [ 8  3 10 13]
 [15  4  0 13]], 

=10 

=16 

[debug] move action_id=19, action=((0, 1), (0, 0)), 
[debug] current_player=1 (B), 
[debug] board[(0, 1)]=14, board[(0, 0)]=1, 
[debug] board state:
[[ 1 14  5  2]
 [14 15 13 11]
 [14 15  6  6]
 [12 13  6 15]
 [ 4 14 15  2]
 [14 11 13  3]
 [ 8  3 10 13]
 [15  4  0 13]], 

=10 

=16 

=12 b3 b4

[debug] move action_id=192, action=((5, 1), (4, 1)), 
[debug] current_player=0 (R), 
[debug] board[(5, 1)]=14, board[(4, 1)]=11, 
[debug] board state:
[[ 1 14  5  2]
 [14 15 13 11]
 [14 15  6  6]
 [12 13  6 15]
 [ 4 11 15  2]
 [14 14 13  3]
 [ 8  3 10 13]
 [15  4  0 13]], 

=10 

=16 

[debug] move action_id=8, action=((0, 0), (0, 1)), 
[debug] current_player=1 (B), 
[debug] board[(0, 0)]=14, board[(0, 1)]=1, 
[debug] board state:
[[14  1  5  2]
 [14 15 13 11]
 [14 15  6  6]
 [12 13  6 15]
 [ 4 11 15  2]
 [14 14 13  3]
 [ 8  3 10 13]
 [15  4  0 13]], 

=10 

=16 

=12 b4 b3

[debug] move action_id=236, action=((4, 1), (5, 1)), 
[debug] current_player=0 (R), 
[debug] board[(4, 1)]=14, board[(5, 1)]=11, 
[debug] board state:
[[14  1  5  2]
 [14 15 13 11]
 [14 15  6  6]
 [12 13  6 15]
 [ 4 14 15  2]
 [14 11 13  3]
 [ 8  3 10 13]
 [15  4  0 13]], 

=10 

=16 

[debug] move action_id=19, action=((0, 1), (0, 0)), 
[debug] current_player=1 (B), 
[debug] board[(0, 1)]=14, board[(0, 0)]=1, 
[debug] board state:
[[ 1 14  5  2]
 [14 15 13 11]
 [14 15  6  6]
 [12 13  6 15]
 [ 4 14 15  2]
 [14 11 13  3]
 [ 8  3 10 13]
 [15  4  0 13]], 

=10 

=16 

=12 b3 b4

[debug] move action_id=192, action=((5, 1), (4, 1)), 
[debug] current_player=0 (R), 
[debug] board[(5, 1)]=14, board[(4, 1)]=11, 
[debug] board state:
[[ 1 14  5  2]
 [14 15 13 11]
 [14 15  6  6]
 [12 13  6 15]
 [ 4 11 15  2]
 [14 14 13  3]
 [ 8  3 10 13]
 [15  4  0 13]], 

=10 

=16 

[debug] move action_id=8, action=((0, 0), (0, 1)), 
[debug] current_player=1 (B), 
[debug] board[(0, 0)]=14, board[(0, 1)]=1, 
[debug] board state:
[[14  1  5  2]
 [14 15 13 11]
 [14 15  6  6]
 [12 13  6 15]
 [ 4 11 15  2]
 [14 14 13  3]
 [ 8  3 10 13]
 [15  4  0 13]], 

=10 

=16 

=12 b4 b3

[debug] move action_id=236, action=((4, 1), (5, 1)), 
[debug] current_player=0 (R), 
[debug] board[(4, 1)]=14, board[(5, 1)]=11, 
[debug] board state:
[[14  1  5  2]
 [14 15 13 11]
 [14 15  6  6]
 [12 13  6 15]
 [ 4 14 15  2]
 [14 11 13  3]
 [ 8  3 10 13]
 [15  4  0 13]], 

=10 

=16 


# 10 27 29 63 65 99 101 135 137 171 173 207 209 243 245 279 281 315 317 351 353 387 389 423 425 459 461 495 497 531 533 567 569 603 605 639 641 675 677 711 713 747 749 783 785 819 821 855 857 891 893 927 929 963 965 999 1001 1035 1037 1071 1073 1107 1109 #
/home/ntcucsk201/anaconda3/envs/darkchess/lib/python3.10/site-packages/treevalue/tree/integration/torch.py:23: FutureWarning: `torch.utils._pytree._register_pytree_node` is deprecated. Please use `torch.utils._pytree.register_pytree_node` instead.
  register_for_torch(TreeValue)
/home/ntcucsk201/anaconda3/envs/darkchess/lib/python3.10/site-packages/treevalue/tree/integration/torch.py:24: FutureWarning: `torch.utils._pytree._register_pytree_node` is deprecated. Please use `torch.utils._pytree.register_pytree_node` instead.
  register_for_torch(FastTreeValue)
Gym has been unmaintained since 2022 and does not support NumPy 2.0 amongst other critical functionality.
Please upgrade to Gymnasium, the maintained drop-in replacement of Gym, or contact the authors of your software and request that they upgrade.
See the migration guide at https://gymnasium.farama.org/introduction/migration_guide/ for additional information.
[DEBUG] Config loaded successfully
/home/ntcucsk201/DarkChess/LightZero/zoo/board_games/darkchess/muzero_mgtp.py:38: FutureWarning: You are using `torch.load` with `weights_only=False` (the current default value), which uses the default pickle module implicitly. It is possible to construct malicious pickle data which will execute arbitrary code during unpickling (See https://github.com/pytorch/pytorch/blob/main/SECURITY.md#untrusted-models for more details). In a future release, the default value for `weights_only` will be flipped to `True`. This limits the functions that could be executed during unpickling. Arbitrary objects will no longer be allowed to be loaded via this mode unless they are explicitly allowlisted by the user via `torch.serialization.add_safe_globals`. We recommend you start setting `weights_only=True` for any use case where you don't have full control of the loaded file. Please open an issue on GitHub for any issues related to this experimental feature.
  checkpoint = torch.load(model_path, map_location='cpu')
[DEBUG] Model moved to device: cuda:0

###
Account: a0_mu
Mode: MGTP
Path: /home/ntcucsk201/anaconda3/envs/darkchess/bin/python
Arg: /home/ntcucsk201/DarkChess/LightZero/zoo/board_games/darkchess/muzero_mgtp.py -model_path /home/ntcucsk201/DarkChess/LightZero/zoo/board_games/darkchess/data_muzero/darkchess_muzero_ns1000_upc50_rer0.0_bs512/ckpt/ckpt_best.pth.tar -config_path /home/ntcucsk201/DarkChess/LightZero/zoo/board_games/darkchess/data_muzero/darkchess_muzero_ns1000_upc50_rer0.0_bs512/formatted_total_config.py
Name: LightZero_DarkChess
Version: 1.0.0
###
