INITIAL
* 11:40pm Feb 22, 2026
* a1_alphazero vs a0_mu
* 1 2 2 2 2 2 5 1 2 2 2 2 2 5
* X X X X
* X X X X
* X X X X
* X X X X
* X X X X
* X X X X
* X X X X
* X X X X
* first 0
* time 900
* 1. a8(M) b1(p)
* 2. b8(P) b5(P)
* 3. c8(p) d7(K)
* 4. b8-c8 a4(r)
* 5. a8-b8 a7(p)
* 6. b8-a8 a5(p)
* 7. a8-b8 d6(R)
* 8. b8-a8 a6(k)
* 9. a8-b8 c7(C)
* 10. b8-a8 d8(m)
* 11. a8-b8 c5(r)
* 12. b8-a8 c2(n)
* 13. a8-b8 c3(M)
* 14. b8-a8 d1(c)
* 15. a8-b8 b2(G)
* 16. b8-a8 d2(N)
* 17. a8-b8 a3(n)
* 18. b8-a8 b6(N)
* 19. a8-b8 d4(P)
* 20. b8-a8 b3(m)
* 21. a8-b8 c4(p)
* 22. b8-a8 b7(c)
* 23. a8-b8 c2-d2
* 24. b8-a8 a1(g)
* 25. a8-b8 a5-b5
* 26. b8-a8 a2(C)
* 27. a8-b8 a1-a2
* 28. b8-a8 a2-a1
* 29. a8-b8 a1-a2
* 30. b8-a8 a2-a1
* 31. a8-b8 a1-a2
* 32. b8-a8 a2-a1
* 33. a8-b8 a1-a2
* PositionRepetitionDraw,3,4 a1_alphazero Draw 0.500000,0.500000
* Comment 0 0
0. 1771774851715
1. 1771774851715
2. 1771774853951
3. 1771774854412
4. 1771774856508
5. 1771774856918
6. 1771774859015
7. 1771774859425
8. 1771774861521
9. 1771774861929
10. 1771774863977
11. 1771774864384
12. 1771774866433
13. 1771774866838
14. 1771774868889
15. 1771774869293
16. 1771774871346
17. 1771774871748
18. 1771774873802
19. 1771774874203
20. 1771774876109
21. 1771774876508
22. 1771774878061
23. 1771774878461
24. 1771774879965
25. 1771774880365
26. 1771774881868
27. 1771774882269
28. 1771774883771
29. 1771774884172
30. 1771774885724
31. 1771774886124
32. 1771774887627
33. 1771774887977
34. 1771774889480
35. 1771774889880
36. 1771774891885
37. 1771774892284
38. 1771774894338
39. 1771774894739
40. 1771774896742
41. 1771774897143
42. 1771774899146
43. 1771774899548
44. 1771774901601
45. 1771774902003
46. 1771774904005
47. 1771774904408
48. 1771774906410
49. 1771774906813
50. 1771774908864
51. 1771774909268
52. 1771774911318
53. 1771774911722
54. 1771774913773
55. 1771774914179
56. 1771774916227
57. 1771774916633
58. 1771774918681
59. 1771774919088
60. 1771774921085
61. 1771774921493
62. 1771774923439
63. 1771774923847
64. 1771774925794
65. 1771774926202
66. 1771774928148

# 10 27 29 63 65 99 101 135 137 171 173 207 209 243 245 279 281 315 317 351 353 387 389 423 425 459 461 495 497 531 533 567 569 603 605 639 641 675 677 711 713 747 749 783 785 819 821 855 857 891 893 927 929 963 965 999 1001 1035 1037 1071 1073 1107 1109 1143 1145 1179 1181 #
LightZero MGTP Interface Ready
=1 LightZero_DarkChess

=2 1.0.0

=7 

=15 

=14 

[debug] move action_id=0, action=((0, 0), (0, 0)), 
[debug] current_player=1 (B), 
[debug] board[(0, 0)]=2, board[(0, 0)]=2, 
[debug] board state:
[[ 2 15 15 15]
 [15 15 15 15]
 [15 15 15 15]
 [15 15 15 15]
 [15 15 15 15]
 [15 15 15 15]
 [15 15 15 15]
 [15 15 15 15]], 

=11 

=16 

=12 b1 b1

[debug] move action_id=319, action=((7, 1), (7, 1)), 
[debug] current_player=0 (R), 
[debug] board[(7, 1)]=13, board[(7, 1)]=13, 
[debug] board state:
[[ 2 15 15 15]
 [15 15 15 15]
 [15 15 15 15]
 [15 15 15 15]
 [15 15 15 15]
 [15 15 15 15]
 [15 15 15 15]
 [15 13 15 15]], 

=11 

=16 

[debug] move action_id=11, action=((0, 1), (0, 1)), 
[debug] current_player=1 (B), 
[debug] board[(0, 1)]=6, board[(0, 1)]=6, 
[debug] board state:
[[ 2  6 15 15]
 [15 15 15 15]
 [15 15 15 15]
 [15 15 15 15]
 [15 15 15 15]
 [15 15 15 15]
 [15 15 15 15]
 [15 13 15 15]], 

=11 

=16 

=12 b5 b5

[debug] move action_id=143, action=((3, 1), (3, 1)), 
[debug] current_player=0 (R), 
[debug] board[(3, 1)]=6, board[(3, 1)]=6, 
[debug] board state:
[[ 2  6 15 15]
 [15 15 15 15]
 [15 15 15 15]
 [15  6 15 15]
 [15 15 15 15]
 [15 15 15 15]
 [15 15 15 15]
 [15 13 15 15]], 

=11 

=16 

[debug] move action_id=22, action=((0, 2), (0, 2)), 
[debug] current_player=1 (B), 
[debug] board[(0, 2)]=13, board[(0, 2)]=13, 
[debug] board state:
[[ 2  6 13 15]
 [15 15 15 15]
 [15 15 15 15]
 [15  6 15 15]
 [15 15 15 15]
 [15 15 15 15]
 [15 15 15 15]
 [15 13 15 15]], 

=11 

=16 

=12 d7 d7

[debug] move action_id=77, action=((1, 3), (1, 3)), 
[debug] current_player=0 (R), 
[debug] board[(1, 3)]=0, board[(1, 3)]=0, 
[debug] board state:
[[ 2  6 13 15]
 [15 15 15  0]
 [15 15 15 15]
 [15  6 15 15]
 [15 15 15 15]
 [15 15 15 15]
 [15 15 15 15]
 [15 13 15 15]], 

=11 

=16 

[debug] move action_id=20, action=((0, 1), (0, 2)), 
[debug] current_player=1 (B), 
[debug] board[(0, 1)]=14, board[(0, 2)]=6, 
[debug] board state:
[[ 2 14  6 15]
 [15 15 15  0]
 [15 15 15 15]
 [15  6 15 15]
 [15 15 15 15]
 [15 15 15 15]
 [15 15 15 15]
 [15 13 15 15]], 

=10 

=16 

=12 a4 a4

[debug] move action_id=176, action=((4, 0), (4, 0)), 
[debug] current_player=0 (R), 
[debug] board[(4, 0)]=10, board[(4, 0)]=10, 
[debug] board state:
[[ 2 14  6 15]
 [15 15 15  0]
 [15 15 15 15]
 [15  6 15 15]
 [10 15 15 15]
 [15 15 15 15]
 [15 15 15 15]
 [15 13 15 15]], 

=11 

=16 

[debug] move action_id=8, action=((0, 0), (0, 1)), 
[debug] current_player=1 (B), 
[debug] board[(0, 0)]=14, board[(0, 1)]=2, 
[debug] board state:
[[14  2  6 15]
 [15 15 15  0]
 [15 15 15 15]
 [15  6 15 15]
 [10 15 15 15]
 [15 15 15 15]
 [15 15 15 15]
 [15 13 15 15]], 

=10 

=16 

=12 a7 a7

[debug] move action_id=44, action=((1, 0), (1, 0)), 
[debug] current_player=0 (R), 
[debug] board[(1, 0)]=13, board[(1, 0)]=13, 
[debug] board state:
[[14  2  6 15]
 [13 15 15  0]
 [15 15 15 15]
 [15  6 15 15]
 [10 15 15 15]
 [15 15 15 15]
 [15 15 15 15]
 [15 13 15 15]], 

=11 

=16 

[debug] move action_id=19, action=((0, 1), (0, 0)), 
[debug] current_player=1 (B), 
[debug] board[(0, 1)]=14, board[(0, 0)]=2, 
[debug] board state:
[[ 2 14  6 15]
 [13 15 15  0]
 [15 15 15 15]
 [15  6 15 15]
 [10 15 15 15]
 [15 15 15 15]
 [15 15 15 15]
 [15 13 15 15]], 

=10 

=16 

=12 a5 a5

[debug] move action_id=132, action=((3, 0), (3, 0)), 
[debug] current_player=0 (R), 
[debug] board[(3, 0)]=13, board[(3, 0)]=13, 
[debug] board state:
[[ 2 14  6 15]
 [13 15 15  0]
 [15 15 15 15]
 [13  6 15 15]
 [10 15 15 15]
 [15 15 15 15]
 [15 15 15 15]
 [15 13 15 15]], 

=11 

=16 

[debug] move action_id=8, action=((0, 0), (0, 1)), 
[debug] current_player=1 (B), 
[debug] board[(0, 0)]=14, board[(0, 1)]=2, 
[debug] board state:
[[14  2  6 15]
 [13 15 15  0]
 [15 15 15 15]
 [13  6 15 15]
 [10 15 15 15]
 [15 15 15 15]
 [15 15 15 15]
 [15 13 15 15]], 

=10 

=16 

=12 d6 d6

[debug] move action_id=121, action=((2, 3), (2, 3)), 
[debug] current_player=0 (R), 
[debug] board[(2, 3)]=3, board[(2, 3)]=3, 
[debug] board state:
[[14  2  6 15]
 [13 15 15  0]
 [15 15 15  3]
 [13  6 15 15]
 [10 15 15 15]
 [15 15 15 15]
 [15 15 15 15]
 [15 13 15 15]], 

=11 

=16 

[debug] move action_id=19, action=((0, 1), (0, 0)), 
[debug] current_player=1 (B), 
[debug] board[(0, 1)]=14, board[(0, 0)]=2, 
[debug] board state:
[[ 2 14  6 15]
 [13 15 15  0]
 [15 15 15  3]
 [13  6 15 15]
 [10 15 15 15]
 [15 15 15 15]
 [15 15 15 15]
 [15 13 15 15]], 

=10 

=16 

=12 a6 a6

[debug] move action_id=88, action=((2, 0), (2, 0)), 
[debug] current_player=0 (R), 
[debug] board[(2, 0)]=7, board[(2, 0)]=7, 
[debug] board state:
[[ 2 14  6 15]
 [13 15 15  0]
 [ 7 15 15  3]
 [13  6 15 15]
 [10 15 15 15]
 [15 15 15 15]
 [15 15 15 15]
 [15 13 15 15]], 

=11 

=16 

[debug] move action_id=8, action=((0, 0), (0, 1)), 
[debug] current_player=1 (B), 
[debug] board[(0, 0)]=14, board[(0, 1)]=2, 
[debug] board state:
[[14  2  6 15]
 [13 15 15  0]
 [ 7 15 15  3]
 [13  6 15 15]
 [10 15 15 15]
 [15 15 15 15]
 [15 15 15 15]
 [15 13 15 15]], 

=10 

=16 

=12 c7 c7

[debug] move action_id=66, action=((1, 2), (1, 2)), 
[debug] current_player=0 (R), 
[debug] board[(1, 2)]=5, board[(1, 2)]=5, 
[debug] board state:
[[14  2  6 15]
 [13 15  5  0]
 [ 7 15 15  3]
 [13  6 15 15]
 [10 15 15 15]
 [15 15 15 15]
 [15 15 15 15]
 [15 13 15 15]], 

=11 

=16 

[debug] move action_id=19, action=((0, 1), (0, 0)), 
[debug] current_player=1 (B), 
[debug] board[(0, 1)]=14, board[(0, 0)]=2, 
[debug] board state:
[[ 2 14  6 15]
 [13 15  5  0]
 [ 7 15 15  3]
 [13  6 15 15]
 [10 15 15 15]
 [15 15 15 15]
 [15 15 15 15]
 [15 13 15 15]], 

=10 

=16 

=12 d8 d8

[debug] move action_id=33, action=((0, 3), (0, 3)), 
[debug] current_player=0 (R), 
[debug] board[(0, 3)]=9, board[(0, 3)]=9, 
[debug] board state:
[[ 2 14  6  9]
 [13 15  5  0]
 [ 7 15 15  3]
 [13  6 15 15]
 [10 15 15 15]
 [15 15 15 15]
 [15 15 15 15]
 [15 13 15 15]], 

=11 

=16 

[debug] move action_id=8, action=((0, 0), (0, 1)), 
[debug] current_player=1 (B), 
[debug] board[(0, 0)]=14, board[(0, 1)]=2, 
[debug] board state:
[[14  2  6  9]
 [13 15  5  0]
 [ 7 15 15  3]
 [13  6 15 15]
 [10 15 15 15]
 [15 15 15 15]
 [15 15 15 15]
 [15 13 15 15]], 

=10 

=16 

=12 c5 c5

[debug] move action_id=154, action=((3, 2), (3, 2)), 
[debug] current_player=0 (R), 
[debug] board[(3, 2)]=10, board[(3, 2)]=10, 
[debug] board state:
[[14  2  6  9]
 [13 15  5  0]
 [ 7 15 15  3]
 [13  6 10 15]
 [10 15 15 15]
 [15 15 15 15]
 [15 15 15 15]
 [15 13 15 15]], 

=11 

=16 

[debug] move action_id=19, action=((0, 1), (0, 0)), 
[debug] current_player=1 (B), 
[debug] board[(0, 1)]=14, board[(0, 0)]=2, 
[debug] board state:
[[ 2 14  6  9]
 [13 15  5  0]
 [ 7 15 15  3]
 [13  6 10 15]
 [10 15 15 15]
 [15 15 15 15]
 [15 15 15 15]
 [15 13 15 15]], 

=10 

=16 

=12 c2 c2

[debug] move action_id=286, action=((6, 2), (6, 2)), 
[debug] current_player=0 (R), 
[debug] board[(6, 2)]=11, board[(6, 2)]=11, 
[debug] board state:
[[ 2 14  6  9]
 [13 15  5  0]
 [ 7 15 15  3]
 [13  6 10 15]
 [10 15 15 15]
 [15 15 15 15]
 [15 15 11 15]
 [15 13 15 15]], 

=11 

=16 

[debug] move action_id=8, action=((0, 0), (0, 1)), 
[debug] current_player=1 (B), 
[debug] board[(0, 0)]=14, board[(0, 1)]=2, 
[debug] board state:
[[14  2  6  9]
 [13 15  5  0]
 [ 7 15 15  3]
 [13  6 10 15]
 [10 15 15 15]
 [15 15 15 15]
 [15 15 11 15]
 [15 13 15 15]], 

=10 

=16 

=12 c3 c3

[debug] move action_id=242, action=((5, 2), (5, 2)), 
[debug] current_player=0 (R), 
[debug] board[(5, 2)]=2, board[(5, 2)]=2, 
[debug] board state:
[[14  2  6  9]
 [13 15  5  0]
 [ 7 15 15  3]
 [13  6 10 15]
 [10 15 15 15]
 [15 15  2 15]
 [15 15 11 15]
 [15 13 15 15]], 

=11 

=16 

[debug] move action_id=19, action=((0, 1), (0, 0)), 
[debug] current_player=1 (B), 
[debug] board[(0, 1)]=14, board[(0, 0)]=2, 
[debug] board state:
[[ 2 14  6  9]
 [13 15  5  0]
 [ 7 15 15  3]
 [13  6 10 15]
 [10 15 15 15]
 [15 15  2 15]
 [15 15 11 15]
 [15 13 15 15]], 

=10 

=16 

=12 d1 d1

[debug] move action_id=341, action=((7, 3), (7, 3)), 
[debug] current_player=0 (R), 
[debug] board[(7, 3)]=12, board[(7, 3)]=12, 
[debug] board state:
[[ 2 14  6  9]
 [13 15  5  0]
 [ 7 15 15  3]
 [13  6 10 15]
 [10 15 15 15]
 [15 15  2 15]
 [15 15 11 15]
 [15 13 15 12]], 

=11 

=16 

[debug] move action_id=8, action=((0, 0), (0, 1)), 
[debug] current_player=1 (B), 
[debug] board[(0, 0)]=14, board[(0, 1)]=2, 
[debug] board state:
[[14  2  6  9]
 [13 15  5  0]
 [ 7 15 15  3]
 [13  6 10 15]
 [10 15 15 15]
 [15 15  2 15]
 [15 15 11 15]
 [15 13 15 12]], 

=10 

=16 

=12 b2 b2

[debug] move action_id=275, action=((6, 1), (6, 1)), 
[debug] current_player=0 (R), 
[debug] board[(6, 1)]=1, board[(6, 1)]=1, 
[debug] board state:
[[14  2  6  9]
 [13 15  5  0]
 [ 7 15 15  3]
 [13  6 10 15]
 [10 15 15 15]
 [15 15  2 15]
 [15  1 11 15]
 [15 13 15 12]], 

=11 

=16 

[debug] move action_id=19, action=((0, 1), (0, 0)), 
[debug] current_player=1 (B), 
[debug] board[(0, 1)]=14, board[(0, 0)]=2, 
[debug] board state:
[[ 2 14  6  9]
 [13 15  5  0]
 [ 7 15 15  3]
 [13  6 10 15]
 [10 15 15 15]
 [15 15  2 15]
 [15  1 11 15]
 [15 13 15 12]], 

=10 

=16 

=12 d2 d2

[debug] move action_id=297, action=((6, 3), (6, 3)), 
[debug] current_player=0 (R), 
[debug] board[(6, 3)]=4, board[(6, 3)]=4, 
[debug] board state:
[[ 2 14  6  9]
 [13 15  5  0]
 [ 7 15 15  3]
 [13  6 10 15]
 [10 15 15 15]
 [15 15  2 15]
 [15  1 11  4]
 [15 13 15 12]], 

=11 

=16 

[debug] move action_id=8, action=((0, 0), (0, 1)), 
[debug] current_player=1 (B), 
[debug] board[(0, 0)]=14, board[(0, 1)]=2, 
[debug] board state:
[[14  2  6  9]
 [13 15  5  0]
 [ 7 15 15  3]
 [13  6 10 15]
 [10 15 15 15]
 [15 15  2 15]
 [15  1 11  4]
 [15 13 15 12]], 

=10 

=16 

=12 a3 a3

[debug] move action_id=220, action=((5, 0), (5, 0)), 
[debug] current_player=0 (R), 
[debug] board[(5, 0)]=11, board[(5, 0)]=11, 
[debug] board state:
[[14  2  6  9]
 [13 15  5  0]
 [ 7 15 15  3]
 [13  6 10 15]
 [10 15 15 15]
 [11 15  2 15]
 [15  1 11  4]
 [15 13 15 12]], 

=11 

=16 

[debug] move action_id=19, action=((0, 1), (0, 0)), 
[debug] current_player=1 (B), 
[debug] board[(0, 1)]=14, board[(0, 0)]=2, 
[debug] board state:
[[ 2 14  6  9]
 [13 15  5  0]
 [ 7 15 15  3]
 [13  6 10 15]
 [10 15 15 15]
 [11 15  2 15]
 [15  1 11  4]
 [15 13 15 12]], 

=10 

=16 

=12 b6 b6

[debug] move action_id=99, action=((2, 1), (2, 1)), 
[debug] current_player=0 (R), 
[debug] board[(2, 1)]=4, board[(2, 1)]=4, 
[debug] board state:
[[ 2 14  6  9]
 [13 15  5  0]
 [ 7  4 15  3]
 [13  6 10 15]
 [10 15 15 15]
 [11 15  2 15]
 [15  1 11  4]
 [15 13 15 12]], 

=11 

=16 

[debug] move action_id=8, action=((0, 0), (0, 1)), 
[debug] current_player=1 (B), 
[debug] board[(0, 0)]=14, board[(0, 1)]=2, 
[debug] board state:
[[14  2  6  9]
 [13 15  5  0]
 [ 7  4 15  3]
 [13  6 10 15]
 [10 15 15 15]
 [11 15  2 15]
 [15  1 11  4]
 [15 13 15 12]], 

=10 

=16 

=12 d4 d4

[debug] move action_id=209, action=((4, 3), (4, 3)), 
[debug] current_player=0 (R), 
[debug] board[(4, 3)]=6, board[(4, 3)]=6, 
[debug] board state:
[[14  2  6  9]
 [13 15  5  0]
 [ 7  4 15  3]
 [13  6 10 15]
 [10 15 15  6]
 [11 15  2 15]
 [15  1 11  4]
 [15 13 15 12]], 

=11 

=16 

[debug] move action_id=19, action=((0, 1), (0, 0)), 
[debug] current_player=1 (B), 
[debug] board[(0, 1)]=14, board[(0, 0)]=2, 
[debug] board state:
[[ 2 14  6  9]
 [13 15  5  0]
 [ 7  4 15  3]
 [13  6 10 15]
 [10 15 15  6]
 [11 15  2 15]
 [15  1 11  4]
 [15 13 15 12]], 

=10 

=16 

=12 b3 b3

[debug] move action_id=231, action=((5, 1), (5, 1)), 
[debug] current_player=0 (R), 
[debug] board[(5, 1)]=9, board[(5, 1)]=9, 
[debug] board state:
[[ 2 14  6  9]
 [13 15  5  0]
 [ 7  4 15  3]
 [13  6 10 15]
 [10 15 15  6]
 [11  9  2 15]
 [15  1 11  4]
 [15 13 15 12]], 

=11 

=16 

[debug] move action_id=8, action=((0, 0), (0, 1)), 
[debug] current_player=1 (B), 
[debug] board[(0, 0)]=14, board[(0, 1)]=2, 
[debug] board state:
[[14  2  6  9]
 [13 15  5  0]
 [ 7  4 15  3]
 [13  6 10 15]
 [10 15 15  6]
 [11  9  2 15]
 [15  1 11  4]
 [15 13 15 12]], 

=10 

=16 

=12 c4 c4

[debug] move action_id=198, action=((4, 2), (4, 2)), 
[debug] current_player=0 (R), 
[debug] board[(4, 2)]=13, board[(4, 2)]=13, 
[debug] board state:
[[14  2  6  9]
 [13 15  5  0]
 [ 7  4 15  3]
 [13  6 10 15]
 [10 15 13  6]
 [11  9  2 15]
 [15  1 11  4]
 [15 13 15 12]], 

=11 

=16 

[debug] move action_id=19, action=((0, 1), (0, 0)), 
[debug] current_player=1 (B), 
[debug] board[(0, 1)]=14, board[(0, 0)]=2, 
[debug] board state:
[[ 2 14  6  9]
 [13 15  5  0]
 [ 7  4 15  3]
 [13  6 10 15]
 [10 15 13  6]
 [11  9  2 15]
 [15  1 11  4]
 [15 13 15 12]], 

=10 

=16 

=12 b7 b7

[debug] move action_id=55, action=((1, 1), (1, 1)), 
[debug] current_player=0 (R), 
[debug] board[(1, 1)]=12, board[(1, 1)]=12, 
[debug] board state:
[[ 2 14  6  9]
 [13 12  5  0]
 [ 7  4 15  3]
 [13  6 10 15]
 [10 15 13  6]
 [11  9  2 15]
 [15  1 11  4]
 [15 13 15 12]], 

=11 

=16 

[debug] move action_id=8, action=((0, 0), (0, 1)), 
[debug] current_player=1 (B), 
[debug] board[(0, 0)]=14, board[(0, 1)]=2, 
[debug] board state:
[[14  2  6  9]
 [13 12  5  0]
 [ 7  4 15  3]
 [13  6 10 15]
 [10 15 13  6]
 [11  9  2 15]
 [15  1 11  4]
 [15 13 15 12]], 

=10 

=16 

=12 c2 d2

[debug] move action_id=296, action=((6, 2), (6, 3)), 
[debug] current_player=0 (R), 
[debug] board[(6, 2)]=14, board[(6, 3)]=11, 
[debug] board state:
[[14  2  6  9]
 [13 12  5  0]
 [ 7  4 15  3]
 [13  6 10 15]
 [10 15 13  6]
 [11  9  2 15]
 [15  1 14 11]
 [15 13 15 12]], 

=10 

=16 

[debug] move action_id=19, action=((0, 1), (0, 0)), 
[debug] current_player=1 (B), 
[debug] board[(0, 1)]=14, board[(0, 0)]=2, 
[debug] board state:
[[ 2 14  6  9]
 [13 12  5  0]
 [ 7  4 15  3]
 [13  6 10 15]
 [10 15 13  6]
 [11  9  2 15]
 [15  1 14 11]
 [15 13 15 12]], 

=10 

=16 

=12 a1 a1

[debug] move action_id=308, action=((7, 0), (7, 0)), 
[debug] current_player=0 (R), 
[debug] board[(7, 0)]=8, board[(7, 0)]=8, 
[debug] board state:
[[ 2 14  6  9]
 [13 12  5  0]
 [ 7  4 15  3]
 [13  6 10 15]
 [10 15 13  6]
 [11  9  2 15]
 [15  1 14 11]
 [ 8 13 15 12]], 

=11 

=16 

[debug] move action_id=8, action=((0, 0), (0, 1)), 
[debug] current_player=1 (B), 
[debug] board[(0, 0)]=14, board[(0, 1)]=2, 
[debug] board state:
[[14  2  6  9]
 [13 12  5  0]
 [ 7  4 15  3]
 [13  6 10 15]
 [10 15 13  6]
 [11  9  2 15]
 [15  1 14 11]
 [ 8 13 15 12]], 

=10 

=16 

=12 a5 b5

[debug] move action_id=140, action=((3, 0), (3, 1)), 
[debug] current_player=0 (R), 
[debug] board[(3, 0)]=14, board[(3, 1)]=13, 
[debug] board state:
[[14  2  6  9]
 [13 12  5  0]
 [ 7  4 15  3]
 [14 13 10 15]
 [10 15 13  6]
 [11  9  2 15]
 [15  1 14 11]
 [ 8 13 15 12]], 

=10 

=16 

[debug] move action_id=19, action=((0, 1), (0, 0)), 
[debug] current_player=1 (B), 
[debug] board[(0, 1)]=14, board[(0, 0)]=2, 
[debug] board state:
[[ 2 14  6  9]
 [13 12  5  0]
 [ 7  4 15  3]
 [14 13 10 15]
 [10 15 13  6]
 [11  9  2 15]
 [15  1 14 11]
 [ 8 13 15 12]], 

=10 

=16 

=12 a2 a2

[debug] move action_id=264, action=((6, 0), (6, 0)), 
[debug] current_player=0 (R), 
[debug] board[(6, 0)]=5, board[(6, 0)]=5, 
[debug] board state:
[[ 2 14  6  9]
 [13 12  5  0]
 [ 7  4 15  3]
 [14 13 10 15]
 [10 15 13  6]
 [11  9  2 15]
 [ 5  1 14 11]
 [ 8 13 15 12]], 

=11 

=16 

[debug] move action_id=8, action=((0, 0), (0, 1)), 
[debug] current_player=1 (B), 
[debug] board[(0, 0)]=14, board[(0, 1)]=2, 
[debug] board state:
[[14  2  6  9]
 [13 12  5  0]
 [ 7  4 15  3]
 [14 13 10 15]
 [10 15 13  6]
 [11  9  2 15]
 [ 5  1 14 11]
 [ 8 13 15 12]], 

=10 

=16 

=12 a1 a2

[debug] move action_id=271, action=((7, 0), (6, 0)), 
[debug] current_player=0 (R), 
[debug] board[(7, 0)]=14, board[(6, 0)]=8, 
[debug] board state:
[[14  2  6  9]
 [13 12  5  0]
 [ 7  4 15  3]
 [14 13 10 15]
 [10 15 13  6]
 [11  9  2 15]
 [ 8  1 14 11]
 [14 13 15 12]], 

=10 

=16 

[debug] move action_id=19, action=((0, 1), (0, 0)), 
[debug] current_player=1 (B), 
[debug] board[(0, 1)]=14, board[(0, 0)]=2, 
[debug] board state:
[[ 2 14  6  9]
 [13 12  5  0]
 [ 7  4 15  3]
 [14 13 10 15]
 [10 15 13  6]
 [11  9  2 15]
 [ 8  1 14 11]
 [14 13 15 12]], 

=10 

=16 

=12 a2 a1

[debug] move action_id=315, action=((6, 0), (7, 0)), 
[debug] current_player=0 (R), 
[debug] board[(6, 0)]=14, board[(7, 0)]=8, 
[debug] board state:
[[ 2 14  6  9]
 [13 12  5  0]
 [ 7  4 15  3]
 [14 13 10 15]
 [10 15 13  6]
 [11  9  2 15]
 [14  1 14 11]
 [ 8 13 15 12]], 

=10 

=16 

[debug] move action_id=8, action=((0, 0), (0, 1)), 
[debug] current_player=1 (B), 
[debug] board[(0, 0)]=14, board[(0, 1)]=2, 
[debug] board state:
[[14  2  6  9]
 [13 12  5  0]
 [ 7  4 15  3]
 [14 13 10 15]
 [10 15 13  6]
 [11  9  2 15]
 [14  1 14 11]
 [ 8 13 15 12]], 

=10 

=16 

=12 a1 a2

[debug] move action_id=271, action=((7, 0), (6, 0)), 
[debug] current_player=0 (R), 
[debug] board[(7, 0)]=14, board[(6, 0)]=8, 
[debug] board state:
[[14  2  6  9]
 [13 12  5  0]
 [ 7  4 15  3]
 [14 13 10 15]
 [10 15 13  6]
 [11  9  2 15]
 [ 8  1 14 11]
 [14 13 15 12]], 

=10 

=16 

[debug] move action_id=19, action=((0, 1), (0, 0)), 
[debug] current_player=1 (B), 
[debug] board[(0, 1)]=14, board[(0, 0)]=2, 
[debug] board state:
[[ 2 14  6  9]
 [13 12  5  0]
 [ 7  4 15  3]
 [14 13 10 15]
 [10 15 13  6]
 [11  9  2 15]
 [ 8  1 14 11]
 [14 13 15 12]], 

=10 

=16 

=12 a2 a1

[debug] move action_id=315, action=((6, 0), (7, 0)), 
[debug] current_player=0 (R), 
[debug] board[(6, 0)]=14, board[(7, 0)]=8, 
[debug] board state:
[[ 2 14  6  9]
 [13 12  5  0]
 [ 7  4 15  3]
 [14 13 10 15]
 [10 15 13  6]
 [11  9  2 15]
 [14  1 14 11]
 [ 8 13 15 12]], 

=10 

=16 

[debug] move action_id=8, action=((0, 0), (0, 1)), 
[debug] current_player=1 (B), 
[debug] board[(0, 0)]=14, board[(0, 1)]=2, 
[debug] board state:
[[14  2  6  9]
 [13 12  5  0]
 [ 7  4 15  3]
 [14 13 10 15]
 [10 15 13  6]
 [11  9  2 15]
 [14  1 14 11]
 [ 8 13 15 12]], 

=10 

=16 

=12 a1 a2

[debug] move action_id=271, action=((7, 0), (6, 0)), 
[debug] current_player=0 (R), 
[debug] board[(7, 0)]=14, board[(6, 0)]=8, 
[debug] board state:
[[14  2  6  9]
 [13 12  5  0]
 [ 7  4 15  3]
 [14 13 10 15]
 [10 15 13  6]
 [11  9  2 15]
 [ 8  1 14 11]
 [14 13 15 12]], 

=10 

=16 

[debug] move action_id=19, action=((0, 1), (0, 0)), 
[debug] current_player=1 (B), 
[debug] board[(0, 1)]=14, board[(0, 0)]=2, 
[debug] board state:
[[ 2 14  6  9]
 [13 12  5  0]
 [ 7  4 15  3]
 [14 13 10 15]
 [10 15 13  6]
 [11  9  2 15]
 [ 8  1 14 11]
 [14 13 15 12]], 

=10 

=16 

=12 a2 a1

[debug] move action_id=315, action=((6, 0), (7, 0)), 
[debug] current_player=0 (R), 
[debug] board[(6, 0)]=14, board[(7, 0)]=8, 
[debug] board state:
[[ 2 14  6  9]
 [13 12  5  0]
 [ 7  4 15  3]
 [14 13 10 15]
 [10 15 13  6]
 [11  9  2 15]
 [14  1 14 11]
 [ 8 13 15 12]], 

=10 

=16 

[debug] move action_id=8, action=((0, 0), (0, 1)), 
[debug] current_player=1 (B), 
[debug] board[(0, 0)]=14, board[(0, 1)]=2, 
[debug] board state:
[[14  2  6  9]
 [13 12  5  0]
 [ 7  4 15  3]
 [14 13 10 15]
 [10 15 13  6]
 [11  9  2 15]
 [14  1 14 11]
 [ 8 13 15 12]], 

=10 

=16 

=12 a1 a2

[debug] move action_id=271, action=((7, 0), (6, 0)), 
[debug] current_player=0 (R), 
[debug] board[(7, 0)]=14, board[(6, 0)]=8, 
[debug] board state:
[[14  2  6  9]
 [13 12  5  0]
 [ 7  4 15  3]
 [14 13 10 15]
 [10 15 13  6]
 [11  9  2 15]
 [ 8  1 14 11]
 [14 13 15 12]], 

=10 

=16 


# 10 27 29 63 65 99 101 135 137 171 173 207 209 243 245 279 281 315 317 351 353 387 389 423 425 459 461 495 497 531 533 567 569 603 605 639 641 675 677 711 713 747 749 783 785 819 821 855 857 891 893 927 929 963 965 999 1001 1035 1037 1071 1073 1107 1109 1143 1145 1179 1181 #
/home/ntcucsk201/anaconda3/envs/darkchess/lib/python3.10/site-packages/treevalue/tree/integration/torch.py:23: FutureWarning: `torch.utils._pytree._register_pytree_node` is deprecated. Please use `torch.utils._pytree.register_pytree_node` instead.
  register_for_torch(TreeValue)
/home/ntcucsk201/anaconda3/envs/darkchess/lib/python3.10/site-packages/treevalue/tree/integration/torch.py:24: FutureWarning: `torch.utils._pytree._register_pytree_node` is deprecated. Please use `torch.utils._pytree.register_pytree_node` instead.
  register_for_torch(FastTreeValue)
Gym has been unmaintained since 2022 and does not support NumPy 2.0 amongst other critical functionality.
Please upgrade to Gymnasium, the maintained drop-in replacement of Gym, or contact the authors of your software and request that they upgrade.
See the migration guide at https://gymnasium.farama.org/introduction/migration_guide/ for additional information.
[DEBUG] Config loaded successfully
/home/ntcucsk201/DarkChess/LightZero/zoo/board_games/darkchess/muzero_mgtp.py:38: FutureWarning: You are using `torch.load` with `weights_only=False` (the current default value), which uses the default pickle module implicitly. It is possible to construct malicious pickle data which will execute arbitrary code during unpickling (See https://github.com/pytorch/pytorch/blob/main/SECURITY.md#untrusted-models for more details). In a future release, the default value for `weights_only` will be flipped to `True`. This limits the functions that could be executed during unpickling. Arbitrary objects will no longer be allowed to be loaded via this mode unless they are explicitly allowlisted by the user via `torch.serialization.add_safe_globals`. We recommend you start setting `weights_only=True` for any use case where you don't have full control of the loaded file. Please open an issue on GitHub for any issues related to this experimental feature.
  checkpoint = torch.load(model_path, map_location='cpu')
[DEBUG] Model moved to device: cuda:0

###
Account: a0_mu
Mode: MGTP
Path: /home/ntcucsk201/anaconda3/envs/darkchess/bin/python
Arg: /home/ntcucsk201/DarkChess/LightZero/zoo/board_games/darkchess/muzero_mgtp.py -model_path /home/ntcucsk201/DarkChess/LightZero/zoo/board_games/darkchess/data_muzero/darkchess_muzero_ns1000_upc50_rer0.0_bs512/ckpt/ckpt_best.pth.tar -config_path /home/ntcucsk201/DarkChess/LightZero/zoo/board_games/darkchess/data_muzero/darkchess_muzero_ns1000_upc50_rer0.0_bs512/formatted_total_config.py
Name: LightZero_DarkChess
Version: 1.0.0
###
