INITIAL
* 11:42pm Feb 22, 2026
* a0_mu vs a1_alphazero
* 1 2 2 2 2 2 5 1 2 2 2 2 2 5
* X X X X
* X X X X
* X X X X
* X X X X
* X X X X
* X X X X
* X X X X
* X X X X
* first 0
* time 900
* 1. b1(P) a8(g)
* 2. c7(p) b8(P)
* 3. b5(K) a8-b8
* 4. c6(p) b8-a8
* 5. a5(p) a8-b8
* 6. a7(g) a7-a8
* 7. c5(M) c8(G)
* 8. d7(N) b8-c8
* 9. a4(C) a8-b8
* 10. d1(P) b8-a8
* 11. c2(m) a8-b8
* 12. c3(m) b8-a8
* 13. d4(n) a8-b8
* 14. c4(R) b8-a8
* 15. a3(R) a8-b8
* 16. b2(P) b8-a8
* 17. b3(M) a8-b8
* 18. d2(r) b8-a8
* 19. d6(c) a8-b8
* 20. b6(p) b8-a8
* 21. a1(k) a8-b8
* 22. c1(p) b8-a8
* 23. b4(P) a8-b8
* 24. a2(c) b8-a8
* 25. b3-c3 a8-b8
* 26. b1-a1 b8-a8
* 27. a1-b1 a8-b8
* 28. b1-a1 b8-a8
* 29. a1-b1 a8-b8
* 30. b1-a1 b8-a8
* 31. a1-b1 a8-b8
* 32. b1-a1
* PositionRepetitionDraw,3,4 a0_mu Draw 0.500000,0.500000
* Comment 0 0
0. 1771774939824
1. 1771774939824
2. 1771774940357
3. 1771774942319
4. 1771774942763
5. 1771774944722
6. 1771774945118
7. 1771774947076
8. 1771774947473
9. 1771774949429
10. 1771774949827
11. 1771774951784
12. 1771774952182
13. 1771774954086
14. 1771774954487
15. 1771774956440
16. 1771774956841
17. 1771774958795
18. 1771774959196
19. 1771774961149
20. 1771774961550
21. 1771774963504
22. 1771774963904
23. 1771774965859
24. 1771774966257
25. 1771774968214
26. 1771774968610
27. 1771774970619
28. 1771774971015
29. 1771774972974
30. 1771774973370
31. 1771774975330
32. 1771774975725
33. 1771774977685
34. 1771774978081
35. 1771774980040
36. 1771774980436
37. 1771774982396
38. 1771774982791
39. 1771774984751
40. 1771774985147
41. 1771774987107
42. 1771774987502
43. 1771774989463
44. 1771774989858
45. 1771774991818
46. 1771774992215
47. 1771774994174
48. 1771774994571
49. 1771774996529
50. 1771774996927
51. 1771774998884
52. 1771774999282
53. 1771775001240
54. 1771775001638
55. 1771775003595
56. 1771775003992
57. 1771775005951
58. 1771775006348
59. 1771775008306
60. 1771775008653
61. 1771775010611
62. 1771775011008
63. 1771775013017

# 10 12 46 48 82 84 118 120 154 156 190 192 226 228 262 264 298 300 334 336 370 372 406 408 442 444 478 480 514 516 550 552 586 588 622 624 658 660 694 696 730 732 766 768 802 804 838 840 874 876 910 912 946 948 982 984 1018 1020 1054 1056 1090 1092 1126 1128 #
LightZero MGTP Interface Ready
=1 LightZero_DarkChess

=2 1.0.0

=7 

=15 

=14 

=12 b1 b1

[debug] move action_id=319, action=((7, 1), (7, 1)), 
[debug] current_player=1 (B), 
[debug] board[(7, 1)]=6, board[(7, 1)]=6, 
[debug] board state:
[[15 15 15 15]
 [15 15 15 15]
 [15 15 15 15]
 [15 15 15 15]
 [15 15 15 15]
 [15 15 15 15]
 [15 15 15 15]
 [15  6 15 15]], 

=11 

=16 

[debug] move action_id=0, action=((0, 0), (0, 0)), 
[debug] current_player=0 (R), 
[debug] board[(0, 0)]=8, board[(0, 0)]=8, 
[debug] board state:
[[ 8 15 15 15]
 [15 15 15 15]
 [15 15 15 15]
 [15 15 15 15]
 [15 15 15 15]
 [15 15 15 15]
 [15 15 15 15]
 [15  6 15 15]], 

=11 

=16 

=12 c7 c7

[debug] move action_id=66, action=((1, 2), (1, 2)), 
[debug] current_player=1 (B), 
[debug] board[(1, 2)]=13, board[(1, 2)]=13, 
[debug] board state:
[[ 8 15 15 15]
 [15 15 13 15]
 [15 15 15 15]
 [15 15 15 15]
 [15 15 15 15]
 [15 15 15 15]
 [15 15 15 15]
 [15  6 15 15]], 

=11 

=16 

[debug] move action_id=11, action=((0, 1), (0, 1)), 
[debug] current_player=0 (R), 
[debug] board[(0, 1)]=6, board[(0, 1)]=6, 
[debug] board state:
[[ 8  6 15 15]
 [15 15 13 15]
 [15 15 15 15]
 [15 15 15 15]
 [15 15 15 15]
 [15 15 15 15]
 [15 15 15 15]
 [15  6 15 15]], 

=11 

=16 

=12 b5 b5

[debug] move action_id=143, action=((3, 1), (3, 1)), 
[debug] current_player=1 (B), 
[debug] board[(3, 1)]=0, board[(3, 1)]=0, 
[debug] board state:
[[ 8  6 15 15]
 [15 15 13 15]
 [15 15 15 15]
 [15  0 15 15]
 [15 15 15 15]
 [15 15 15 15]
 [15 15 15 15]
 [15  6 15 15]], 

=11 

=16 

[debug] move action_id=8, action=((0, 0), (0, 1)), 
[debug] current_player=0 (R), 
[debug] board[(0, 0)]=14, board[(0, 1)]=8, 
[debug] board state:
[[14  8 15 15]
 [15 15 13 15]
 [15 15 15 15]
 [15  0 15 15]
 [15 15 15 15]
 [15 15 15 15]
 [15 15 15 15]
 [15  6 15 15]], 

=10 

=16 

=12 c6 c6

[debug] move action_id=110, action=((2, 2), (2, 2)), 
[debug] current_player=1 (B), 
[debug] board[(2, 2)]=13, board[(2, 2)]=13, 
[debug] board state:
[[14  8 15 15]
 [15 15 13 15]
 [15 15 13 15]
 [15  0 15 15]
 [15 15 15 15]
 [15 15 15 15]
 [15 15 15 15]
 [15  6 15 15]], 

=11 

=16 

[debug] move action_id=19, action=((0, 1), (0, 0)), 
[debug] current_player=0 (R), 
[debug] board[(0, 1)]=14, board[(0, 0)]=8, 
[debug] board state:
[[ 8 14 15 15]
 [15 15 13 15]
 [15 15 13 15]
 [15  0 15 15]
 [15 15 15 15]
 [15 15 15 15]
 [15 15 15 15]
 [15  6 15 15]], 

=10 

=16 

=12 a5 a5

[debug] move action_id=132, action=((3, 0), (3, 0)), 
[debug] current_player=1 (B), 
[debug] board[(3, 0)]=13, board[(3, 0)]=13, 
[debug] board state:
[[ 8 14 15 15]
 [15 15 13 15]
 [15 15 13 15]
 [13  0 15 15]
 [15 15 15 15]
 [15 15 15 15]
 [15 15 15 15]
 [15  6 15 15]], 

=11 

=16 

[debug] move action_id=8, action=((0, 0), (0, 1)), 
[debug] current_player=0 (R), 
[debug] board[(0, 0)]=14, board[(0, 1)]=8, 
[debug] board state:
[[14  8 15 15]
 [15 15 13 15]
 [15 15 13 15]
 [13  0 15 15]
 [15 15 15 15]
 [15 15 15 15]
 [15 15 15 15]
 [15  6 15 15]], 

=10 

=16 

=12 a7 a7

[debug] move action_id=44, action=((1, 0), (1, 0)), 
[debug] current_player=1 (B), 
[debug] board[(1, 0)]=8, board[(1, 0)]=8, 
[debug] board state:
[[14  8 15 15]
 [ 8 15 13 15]
 [15 15 13 15]
 [13  0 15 15]
 [15 15 15 15]
 [15 15 15 15]
 [15 15 15 15]
 [15  6 15 15]], 

=11 

=16 

[debug] move action_id=1, action=((1, 0), (0, 0)), 
[debug] current_player=0 (R), 
[debug] board[(1, 0)]=14, board[(0, 0)]=8, 
[debug] board state:
[[ 8  8 15 15]
 [14 15 13 15]
 [15 15 13 15]
 [13  0 15 15]
 [15 15 15 15]
 [15 15 15 15]
 [15 15 15 15]
 [15  6 15 15]], 

=10 

=16 

=12 c5 c5

[debug] move action_id=154, action=((3, 2), (3, 2)), 
[debug] current_player=1 (B), 
[debug] board[(3, 2)]=2, board[(3, 2)]=2, 
[debug] board state:
[[ 8  8 15 15]
 [14 15 13 15]
 [15 15 13 15]
 [13  0  2 15]
 [15 15 15 15]
 [15 15 15 15]
 [15 15 15 15]
 [15  6 15 15]], 

=11 

=16 

[debug] move action_id=22, action=((0, 2), (0, 2)), 
[debug] current_player=0 (R), 
[debug] board[(0, 2)]=1, board[(0, 2)]=1, 
[debug] board state:
[[ 8  8  1 15]
 [14 15 13 15]
 [15 15 13 15]
 [13  0  2 15]
 [15 15 15 15]
 [15 15 15 15]
 [15 15 15 15]
 [15  6 15 15]], 

=11 

=16 

=12 d7 d7

[debug] move action_id=77, action=((1, 3), (1, 3)), 
[debug] current_player=1 (B), 
[debug] board[(1, 3)]=4, board[(1, 3)]=4, 
[debug] board state:
[[ 8  8  1 15]
 [14 15 13  4]
 [15 15 13 15]
 [13  0  2 15]
 [15 15 15 15]
 [15 15 15 15]
 [15 15 15 15]
 [15  6 15 15]], 

=11 

=16 

[debug] move action_id=20, action=((0, 1), (0, 2)), 
[debug] current_player=0 (R), 
[debug] board[(0, 1)]=14, board[(0, 2)]=8, 
[debug] board state:
[[ 8 14  8 15]
 [14 15 13  4]
 [15 15 13 15]
 [13  0  2 15]
 [15 15 15 15]
 [15 15 15 15]
 [15 15 15 15]
 [15  6 15 15]], 

=10 

=16 

=12 a4 a4

[debug] move action_id=176, action=((4, 0), (4, 0)), 
[debug] current_player=1 (B), 
[debug] board[(4, 0)]=5, board[(4, 0)]=5, 
[debug] board state:
[[ 8 14  8 15]
 [14 15 13  4]
 [15 15 13 15]
 [13  0  2 15]
 [ 5 15 15 15]
 [15 15 15 15]
 [15 15 15 15]
 [15  6 15 15]], 

=11 

=16 

[debug] move action_id=8, action=((0, 0), (0, 1)), 
[debug] current_player=0 (R), 
[debug] board[(0, 0)]=14, board[(0, 1)]=8, 
[debug] board state:
[[14  8  8 15]
 [14 15 13  4]
 [15 15 13 15]
 [13  0  2 15]
 [ 5 15 15 15]
 [15 15 15 15]
 [15 15 15 15]
 [15  6 15 15]], 

=10 

=16 

=12 d1 d1

[debug] move action_id=341, action=((7, 3), (7, 3)), 
[debug] current_player=1 (B), 
[debug] board[(7, 3)]=6, board[(7, 3)]=6, 
[debug] board state:
[[14  8  8 15]
 [14 15 13  4]
 [15 15 13 15]
 [13  0  2 15]
 [ 5 15 15 15]
 [15 15 15 15]
 [15 15 15 15]
 [15  6 15  6]], 

=11 

=16 

[debug] move action_id=19, action=((0, 1), (0, 0)), 
[debug] current_player=0 (R), 
[debug] board[(0, 1)]=14, board[(0, 0)]=8, 
[debug] board state:
[[ 8 14  8 15]
 [14 15 13  4]
 [15 15 13 15]
 [13  0  2 15]
 [ 5 15 15 15]
 [15 15 15 15]
 [15 15 15 15]
 [15  6 15  6]], 

=10 

=16 

=12 c2 c2

[debug] move action_id=286, action=((6, 2), (6, 2)), 
[debug] current_player=1 (B), 
[debug] board[(6, 2)]=9, board[(6, 2)]=9, 
[debug] board state:
[[ 8 14  8 15]
 [14 15 13  4]
 [15 15 13 15]
 [13  0  2 15]
 [ 5 15 15 15]
 [15 15 15 15]
 [15 15  9 15]
 [15  6 15  6]], 

=11 

=16 

[debug] move action_id=8, action=((0, 0), (0, 1)), 
[debug] current_player=0 (R), 
[debug] board[(0, 0)]=14, board[(0, 1)]=8, 
[debug] board state:
[[14  8  8 15]
 [14 15 13  4]
 [15 15 13 15]
 [13  0  2 15]
 [ 5 15 15 15]
 [15 15 15 15]
 [15 15  9 15]
 [15  6 15  6]], 

=10 

=16 

=12 c3 c3

[debug] move action_id=242, action=((5, 2), (5, 2)), 
[debug] current_player=1 (B), 
[debug] board[(5, 2)]=9, board[(5, 2)]=9, 
[debug] board state:
[[14  8  8 15]
 [14 15 13  4]
 [15 15 13 15]
 [13  0  2 15]
 [ 5 15 15 15]
 [15 15  9 15]
 [15 15  9 15]
 [15  6 15  6]], 

=11 

=16 

[debug] move action_id=19, action=((0, 1), (0, 0)), 
[debug] current_player=0 (R), 
[debug] board[(0, 1)]=14, board[(0, 0)]=8, 
[debug] board state:
[[ 8 14  8 15]
 [14 15 13  4]
 [15 15 13 15]
 [13  0  2 15]
 [ 5 15 15 15]
 [15 15  9 15]
 [15 15  9 15]
 [15  6 15  6]], 

=10 

=16 

=12 d4 d4

[debug] move action_id=209, action=((4, 3), (4, 3)), 
[debug] current_player=1 (B), 
[debug] board[(4, 3)]=11, board[(4, 3)]=11, 
[debug] board state:
[[ 8 14  8 15]
 [14 15 13  4]
 [15 15 13 15]
 [13  0  2 15]
 [ 5 15 15 11]
 [15 15  9 15]
 [15 15  9 15]
 [15  6 15  6]], 

=11 

=16 

[debug] move action_id=8, action=((0, 0), (0, 1)), 
[debug] current_player=0 (R), 
[debug] board[(0, 0)]=14, board[(0, 1)]=8, 
[debug] board state:
[[14  8  8 15]
 [14 15 13  4]
 [15 15 13 15]
 [13  0  2 15]
 [ 5 15 15 11]
 [15 15  9 15]
 [15 15  9 15]
 [15  6 15  6]], 

=10 

=16 

=12 c4 c4

[debug] move action_id=198, action=((4, 2), (4, 2)), 
[debug] current_player=1 (B), 
[debug] board[(4, 2)]=3, board[(4, 2)]=3, 
[debug] board state:
[[14  8  8 15]
 [14 15 13  4]
 [15 15 13 15]
 [13  0  2 15]
 [ 5 15  3 11]
 [15 15  9 15]
 [15 15  9 15]
 [15  6 15  6]], 

=11 

=16 

[debug] move action_id=19, action=((0, 1), (0, 0)), 
[debug] current_player=0 (R), 
[debug] board[(0, 1)]=14, board[(0, 0)]=8, 
[debug] board state:
[[ 8 14  8 15]
 [14 15 13  4]
 [15 15 13 15]
 [13  0  2 15]
 [ 5 15  3 11]
 [15 15  9 15]
 [15 15  9 15]
 [15  6 15  6]], 

=10 

=16 

=12 a3 a3

[debug] move action_id=220, action=((5, 0), (5, 0)), 
[debug] current_player=1 (B), 
[debug] board[(5, 0)]=3, board[(5, 0)]=3, 
[debug] board state:
[[ 8 14  8 15]
 [14 15 13  4]
 [15 15 13 15]
 [13  0  2 15]
 [ 5 15  3 11]
 [ 3 15  9 15]
 [15 15  9 15]
 [15  6 15  6]], 

=11 

=16 

[debug] move action_id=8, action=((0, 0), (0, 1)), 
[debug] current_player=0 (R), 
[debug] board[(0, 0)]=14, board[(0, 1)]=8, 
[debug] board state:
[[14  8  8 15]
 [14 15 13  4]
 [15 15 13 15]
 [13  0  2 15]
 [ 5 15  3 11]
 [ 3 15  9 15]
 [15 15  9 15]
 [15  6 15  6]], 

=10 

=16 

=12 b2 b2

[debug] move action_id=275, action=((6, 1), (6, 1)), 
[debug] current_player=1 (B), 
[debug] board[(6, 1)]=6, board[(6, 1)]=6, 
[debug] board state:
[[14  8  8 15]
 [14 15 13  4]
 [15 15 13 15]
 [13  0  2 15]
 [ 5 15  3 11]
 [ 3 15  9 15]
 [15  6  9 15]
 [15  6 15  6]], 

=11 

=16 

[debug] move action_id=19, action=((0, 1), (0, 0)), 
[debug] current_player=0 (R), 
[debug] board[(0, 1)]=14, board[(0, 0)]=8, 
[debug] board state:
[[ 8 14  8 15]
 [14 15 13  4]
 [15 15 13 15]
 [13  0  2 15]
 [ 5 15  3 11]
 [ 3 15  9 15]
 [15  6  9 15]
 [15  6 15  6]], 

=10 

=16 

=12 b3 b3

[debug] move action_id=231, action=((5, 1), (5, 1)), 
[debug] current_player=1 (B), 
[debug] board[(5, 1)]=2, board[(5, 1)]=2, 
[debug] board state:
[[ 8 14  8 15]
 [14 15 13  4]
 [15 15 13 15]
 [13  0  2 15]
 [ 5 15  3 11]
 [ 3  2  9 15]
 [15  6  9 15]
 [15  6 15  6]], 

=11 

=16 

[debug] move action_id=8, action=((0, 0), (0, 1)), 
[debug] current_player=0 (R), 
[debug] board[(0, 0)]=14, board[(0, 1)]=8, 
[debug] board state:
[[14  8  8 15]
 [14 15 13  4]
 [15 15 13 15]
 [13  0  2 15]
 [ 5 15  3 11]
 [ 3  2  9 15]
 [15  6  9 15]
 [15  6 15  6]], 

=10 

=16 

=12 d2 d2

[debug] move action_id=297, action=((6, 3), (6, 3)), 
[debug] current_player=1 (B), 
[debug] board[(6, 3)]=10, board[(6, 3)]=10, 
[debug] board state:
[[14  8  8 15]
 [14 15 13  4]
 [15 15 13 15]
 [13  0  2 15]
 [ 5 15  3 11]
 [ 3  2  9 15]
 [15  6  9 10]
 [15  6 15  6]], 

=11 

=16 

[debug] move action_id=19, action=((0, 1), (0, 0)), 
[debug] current_player=0 (R), 
[debug] board[(0, 1)]=14, board[(0, 0)]=8, 
[debug] board state:
[[ 8 14  8 15]
 [14 15 13  4]
 [15 15 13 15]
 [13  0  2 15]
 [ 5 15  3 11]
 [ 3  2  9 15]
 [15  6  9 10]
 [15  6 15  6]], 

=10 

=16 

=12 d6 d6

[debug] move action_id=121, action=((2, 3), (2, 3)), 
[debug] current_player=1 (B), 
[debug] board[(2, 3)]=12, board[(2, 3)]=12, 
[debug] board state:
[[ 8 14  8 15]
 [14 15 13  4]
 [15 15 13 12]
 [13  0  2 15]
 [ 5 15  3 11]
 [ 3  2  9 15]
 [15  6  9 10]
 [15  6 15  6]], 

=11 

=16 

[debug] move action_id=8, action=((0, 0), (0, 1)), 
[debug] current_player=0 (R), 
[debug] board[(0, 0)]=14, board[(0, 1)]=8, 
[debug] board state:
[[14  8  8 15]
 [14 15 13  4]
 [15 15 13 12]
 [13  0  2 15]
 [ 5 15  3 11]
 [ 3  2  9 15]
 [15  6  9 10]
 [15  6 15  6]], 

=10 

=16 

=12 b6 b6

[debug] move action_id=99, action=((2, 1), (2, 1)), 
[debug] current_player=1 (B), 
[debug] board[(2, 1)]=13, board[(2, 1)]=13, 
[debug] board state:
[[14  8  8 15]
 [14 15 13  4]
 [15 13 13 12]
 [13  0  2 15]
 [ 5 15  3 11]
 [ 3  2  9 15]
 [15  6  9 10]
 [15  6 15  6]], 

=11 

=16 

[debug] move action_id=19, action=((0, 1), (0, 0)), 
[debug] current_player=0 (R), 
[debug] board[(0, 1)]=14, board[(0, 0)]=8, 
[debug] board state:
[[ 8 14  8 15]
 [14 15 13  4]
 [15 13 13 12]
 [13  0  2 15]
 [ 5 15  3 11]
 [ 3  2  9 15]
 [15  6  9 10]
 [15  6 15  6]], 

=10 

=16 

=12 a1 a1

[debug] move action_id=308, action=((7, 0), (7, 0)), 
[debug] current_player=1 (B), 
[debug] board[(7, 0)]=7, board[(7, 0)]=7, 
[debug] board state:
[[ 8 14  8 15]
 [14 15 13  4]
 [15 13 13 12]
 [13  0  2 15]
 [ 5 15  3 11]
 [ 3  2  9 15]
 [15  6  9 10]
 [ 7  6 15  6]], 

=11 

=16 

[debug] move action_id=8, action=((0, 0), (0, 1)), 
[debug] current_player=0 (R), 
[debug] board[(0, 0)]=14, board[(0, 1)]=8, 
[debug] board state:
[[14  8  8 15]
 [14 15 13  4]
 [15 13 13 12]
 [13  0  2 15]
 [ 5 15  3 11]
 [ 3  2  9 15]
 [15  6  9 10]
 [ 7  6 15  6]], 

=10 

=16 

=12 c1 c1

[debug] move action_id=330, action=((7, 2), (7, 2)), 
[debug] current_player=1 (B), 
[debug] board[(7, 2)]=13, board[(7, 2)]=13, 
[debug] board state:
[[14  8  8 15]
 [14 15 13  4]
 [15 13 13 12]
 [13  0  2 15]
 [ 5 15  3 11]
 [ 3  2  9 15]
 [15  6  9 10]
 [ 7  6 13  6]], 

=11 

=16 

[debug] move action_id=19, action=((0, 1), (0, 0)), 
[debug] current_player=0 (R), 
[debug] board[(0, 1)]=14, board[(0, 0)]=8, 
[debug] board state:
[[ 8 14  8 15]
 [14 15 13  4]
 [15 13 13 12]
 [13  0  2 15]
 [ 5 15  3 11]
 [ 3  2  9 15]
 [15  6  9 10]
 [ 7  6 13  6]], 

=10 

=16 

=12 b4 b4

[debug] move action_id=187, action=((4, 1), (4, 1)), 
[debug] current_player=1 (B), 
[debug] board[(4, 1)]=6, board[(4, 1)]=6, 
[debug] board state:
[[ 8 14  8 15]
 [14 15 13  4]
 [15 13 13 12]
 [13  0  2 15]
 [ 5  6  3 11]
 [ 3  2  9 15]
 [15  6  9 10]
 [ 7  6 13  6]], 

=11 

=16 

[debug] move action_id=8, action=((0, 0), (0, 1)), 
[debug] current_player=0 (R), 
[debug] board[(0, 0)]=14, board[(0, 1)]=8, 
[debug] board state:
[[14  8  8 15]
 [14 15 13  4]
 [15 13 13 12]
 [13  0  2 15]
 [ 5  6  3 11]
 [ 3  2  9 15]
 [15  6  9 10]
 [ 7  6 13  6]], 

=10 

=16 

=12 a2 a2

[debug] move action_id=264, action=((6, 0), (6, 0)), 
[debug] current_player=1 (B), 
[debug] board[(6, 0)]=12, board[(6, 0)]=12, 
[debug] board state:
[[14  8  8 15]
 [14 15 13  4]
 [15 13 13 12]
 [13  0  2 15]
 [ 5  6  3 11]
 [ 3  2  9 15]
 [12  6  9 10]
 [ 7  6 13  6]], 

=11 

=16 

[debug] move action_id=19, action=((0, 1), (0, 0)), 
[debug] current_player=0 (R), 
[debug] board[(0, 1)]=14, board[(0, 0)]=8, 
[debug] board state:
[[ 8 14  8 15]
 [14 15 13  4]
 [15 13 13 12]
 [13  0  2 15]
 [ 5  6  3 11]
 [ 3  2  9 15]
 [12  6  9 10]
 [ 7  6 13  6]], 

=10 

=16 

=12 b3 c3

[debug] move action_id=240, action=((5, 1), (5, 2)), 
[debug] current_player=1 (B), 
[debug] board[(5, 1)]=14, board[(5, 2)]=2, 
[debug] board state:
[[ 8 14  8 15]
 [14 15 13  4]
 [15 13 13 12]
 [13  0  2 15]
 [ 5  6  3 11]
 [ 3 14  2 15]
 [12  6  9 10]
 [ 7  6 13  6]], 

=10 

=16 

[debug] move action_id=8, action=((0, 0), (0, 1)), 
[debug] current_player=0 (R), 
[debug] board[(0, 0)]=14, board[(0, 1)]=8, 
[debug] board state:
[[14  8  8 15]
 [14 15 13  4]
 [15 13 13 12]
 [13  0  2 15]
 [ 5  6  3 11]
 [ 3 14  2 15]
 [12  6  9 10]
 [ 7  6 13  6]], 

=10 

=16 

=12 b1 a1

[debug] move action_id=327, action=((7, 1), (7, 0)), 
[debug] current_player=1 (B), 
[debug] board[(7, 1)]=14, board[(7, 0)]=6, 
[debug] board state:
[[14  8  8 15]
 [14 15 13  4]
 [15 13 13 12]
 [13  0  2 15]
 [ 5  6  3 11]
 [ 3 14  2 15]
 [12  6  9 10]
 [ 6 14 13  6]], 

=10 

=16 

[debug] move action_id=19, action=((0, 1), (0, 0)), 
[debug] current_player=0 (R), 
[debug] board[(0, 1)]=14, board[(0, 0)]=8, 
[debug] board state:
[[ 8 14  8 15]
 [14 15 13  4]
 [15 13 13 12]
 [13  0  2 15]
 [ 5  6  3 11]
 [ 3 14  2 15]
 [12  6  9 10]
 [ 6 14 13  6]], 

=10 

=16 

=12 a1 b1

[debug] move action_id=316, action=((7, 0), (7, 1)), 
[debug] current_player=1 (B), 
[debug] board[(7, 0)]=14, board[(7, 1)]=6, 
[debug] board state:
[[ 8 14  8 15]
 [14 15 13  4]
 [15 13 13 12]
 [13  0  2 15]
 [ 5  6  3 11]
 [ 3 14  2 15]
 [12  6  9 10]
 [14  6 13  6]], 

=10 

=16 

[debug] move action_id=8, action=((0, 0), (0, 1)), 
[debug] current_player=0 (R), 
[debug] board[(0, 0)]=14, board[(0, 1)]=8, 
[debug] board state:
[[14  8  8 15]
 [14 15 13  4]
 [15 13 13 12]
 [13  0  2 15]
 [ 5  6  3 11]
 [ 3 14  2 15]
 [12  6  9 10]
 [14  6 13  6]], 

=10 

=16 

=12 b1 a1

[debug] move action_id=327, action=((7, 1), (7, 0)), 
[debug] current_player=1 (B), 
[debug] board[(7, 1)]=14, board[(7, 0)]=6, 
[debug] board state:
[[14  8  8 15]
 [14 15 13  4]
 [15 13 13 12]
 [13  0  2 15]
 [ 5  6  3 11]
 [ 3 14  2 15]
 [12  6  9 10]
 [ 6 14 13  6]], 

=10 

=16 

[debug] move action_id=19, action=((0, 1), (0, 0)), 
[debug] current_player=0 (R), 
[debug] board[(0, 1)]=14, board[(0, 0)]=8, 
[debug] board state:
[[ 8 14  8 15]
 [14 15 13  4]
 [15 13 13 12]
 [13  0  2 15]
 [ 5  6  3 11]
 [ 3 14  2 15]
 [12  6  9 10]
 [ 6 14 13  6]], 

=10 

=16 

=12 a1 b1

[debug] move action_id=316, action=((7, 0), (7, 1)), 
[debug] current_player=1 (B), 
[debug] board[(7, 0)]=14, board[(7, 1)]=6, 
[debug] board state:
[[ 8 14  8 15]
 [14 15 13  4]
 [15 13 13 12]
 [13  0  2 15]
 [ 5  6  3 11]
 [ 3 14  2 15]
 [12  6  9 10]
 [14  6 13  6]], 

=10 

=16 

[debug] move action_id=8, action=((0, 0), (0, 1)), 
[debug] current_player=0 (R), 
[debug] board[(0, 0)]=14, board[(0, 1)]=8, 
[debug] board state:
[[14  8  8 15]
 [14 15 13  4]
 [15 13 13 12]
 [13  0  2 15]
 [ 5  6  3 11]
 [ 3 14  2 15]
 [12  6  9 10]
 [14  6 13  6]], 

=10 

=16 

=12 b1 a1

[debug] move action_id=327, action=((7, 1), (7, 0)), 
[debug] current_player=1 (B), 
[debug] board[(7, 1)]=14, board[(7, 0)]=6, 
[debug] board state:
[[14  8  8 15]
 [14 15 13  4]
 [15 13 13 12]
 [13  0  2 15]
 [ 5  6  3 11]
 [ 3 14  2 15]
 [12  6  9 10]
 [ 6 14 13  6]], 

=10 

=16 

[debug] move action_id=19, action=((0, 1), (0, 0)), 
[debug] current_player=0 (R), 
[debug] board[(0, 1)]=14, board[(0, 0)]=8, 
[debug] board state:
[[ 8 14  8 15]
 [14 15 13  4]
 [15 13 13 12]
 [13  0  2 15]
 [ 5  6  3 11]
 [ 3 14  2 15]
 [12  6  9 10]
 [ 6 14 13  6]], 

=10 

=16 

=12 a1 b1

[debug] move action_id=316, action=((7, 0), (7, 1)), 
[debug] current_player=1 (B), 
[debug] board[(7, 0)]=14, board[(7, 1)]=6, 
[debug] board state:
[[ 8 14  8 15]
 [14 15 13  4]
 [15 13 13 12]
 [13  0  2 15]
 [ 5  6  3 11]
 [ 3 14  2 15]
 [12  6  9 10]
 [14  6 13  6]], 

=10 

=16 

[debug] move action_id=8, action=((0, 0), (0, 1)), 
[debug] current_player=0 (R), 
[debug] board[(0, 0)]=14, board[(0, 1)]=8, 
[debug] board state:
[[14  8  8 15]
 [14 15 13  4]
 [15 13 13 12]
 [13  0  2 15]
 [ 5  6  3 11]
 [ 3 14  2 15]
 [12  6  9 10]
 [14  6 13  6]], 

=10 

=16 

=12 b1 a1

[debug] move action_id=327, action=((7, 1), (7, 0)), 
[debug] current_player=1 (B), 
[debug] board[(7, 1)]=14, board[(7, 0)]=6, 
[debug] board state:
[[14  8  8 15]
 [14 15 13  4]
 [15 13 13 12]
 [13  0  2 15]
 [ 5  6  3 11]
 [ 3 14  2 15]
 [12  6  9 10]
 [ 6 14 13  6]], 

=10 

=16 


# 10 12 46 48 82 84 118 120 154 156 190 192 226 228 262 264 298 300 334 336 370 372 406 408 442 444 478 480 514 516 550 552 586 588 622 624 658 660 694 696 730 732 766 768 802 804 838 840 874 876 910 912 946 948 982 984 1018 1020 1054 1056 1090 1092 1126 1128 #
/home/ntcucsk201/anaconda3/envs/darkchess/lib/python3.10/site-packages/treevalue/tree/integration/torch.py:23: FutureWarning: `torch.utils._pytree._register_pytree_node` is deprecated. Please use `torch.utils._pytree.register_pytree_node` instead.
  register_for_torch(TreeValue)
/home/ntcucsk201/anaconda3/envs/darkchess/lib/python3.10/site-packages/treevalue/tree/integration/torch.py:24: FutureWarning: `torch.utils._pytree._register_pytree_node` is deprecated. Please use `torch.utils._pytree.register_pytree_node` instead.
  register_for_torch(FastTreeValue)
Gym has been unmaintained since 2022 and does not support NumPy 2.0 amongst other critical functionality.
Please upgrade to Gymnasium, the maintained drop-in replacement of Gym, or contact the authors of your software and request that they upgrade.
See the migration guide at https://gymnasium.farama.org/introduction/migration_guide/ for additional information.
[DEBUG] Config loaded successfully
/home/ntcucsk201/DarkChess/LightZero/zoo/board_games/darkchess/muzero_mgtp.py:38: FutureWarning: You are using `torch.load` with `weights_only=False` (the current default value), which uses the default pickle module implicitly. It is possible to construct malicious pickle data which will execute arbitrary code during unpickling (See https://github.com/pytorch/pytorch/blob/main/SECURITY.md#untrusted-models for more details). In a future release, the default value for `weights_only` will be flipped to `True`. This limits the functions that could be executed during unpickling. Arbitrary objects will no longer be allowed to be loaded via this mode unless they are explicitly allowlisted by the user via `torch.serialization.add_safe_globals`. We recommend you start setting `weights_only=True` for any use case where you don't have full control of the loaded file. Please open an issue on GitHub for any issues related to this experimental feature.
  checkpoint = torch.load(model_path, map_location='cpu')
[DEBUG] Model moved to device: cuda:0

###
Account: a0_mu
Mode: MGTP
Path: /home/ntcucsk201/anaconda3/envs/darkchess/bin/python
Arg: /home/ntcucsk201/DarkChess/LightZero/zoo/board_games/darkchess/muzero_mgtp.py -model_path /home/ntcucsk201/DarkChess/LightZero/zoo/board_games/darkchess/data_muzero/darkchess_muzero_ns1000_upc50_rer0.0_bs512/ckpt/ckpt_best.pth.tar -config_path /home/ntcucsk201/DarkChess/LightZero/zoo/board_games/darkchess/data_muzero/darkchess_muzero_ns1000_upc50_rer0.0_bs512/formatted_total_config.py
Name: LightZero_DarkChess
Version: 1.0.0
###
