INITIAL
* 11:58pm Feb 22, 2026
* a1_alphazero vs a0_mu
* 1 2 2 2 2 2 5 1 2 2 2 2 2 5
* X X X X
* X X X X
* X X X X
* X X X X
* X X X X
* X X X X
* X X X X
* X X X X
* first 0
* time 900
* 1. a8(P) b1(p)
* 2. b8(C) b5(N)
* 3. c8(m) d7(g)
* 4. d8(n) c7(R)
* 5. b8-d8 c6(M)
* 6. a8-b8 c5(G)
* 7. b8-a8 d1(r)
* 8. a8-b8 a5(C)
* 9. b8-a8 c8-c7
* 10. a8-b8 c3(p)
* 11. b8-a8 d2(P)
* 12. a8-b8 d4(K)
* 13. b8-a8 c2(p)
* 14. a8-b8 c4(R)
* 15. b8-a8 b4(N)
* 16. a8-b8 b2(c)
* 17. b8-a8 d1-d2
* 18. a8-b8 a3(r)
* 19. b8-a8 c1(P)
* 20. a8-b8 b3(M)
* 21. b8-a8 d3(p)
* 22. a8-b8 d6(G)
* 23. b8-a8 a4(g)
* 24. a8-b8 a4-b4
* 25. b8-a8 b4-a4
* 26. a8-b8 a4-b4
* 27. b8-a8 b4-a4
* 28. a8-b8 a4-b4
* 29. b8-a8 b4-a4
* 30. a8-b8 a4-b4
* PositionRepetitionDraw,3,4 a1_alphazero Draw 0.500000,0.500000
* Comment 0 0
0. 1771775935220
1. 1771775935220
2. 1771775937357
3. 1771775937767
4. 1771775939712
5. 1771775940122
6. 1771775942068
7. 1771775942478
8. 1771775944423
9. 1771775944834
10. 1771775946778
11. 1771775947190
12. 1771775949133
13. 1771775949545
14. 1771775951489
15. 1771775951901
16. 1771775953844
17. 1771775954257
18. 1771775956248
19. 1771775956663
20. 1771775958603
21. 1771775959019
22. 1771775960958
23. 1771775961375
24. 1771775963312
25. 1771775963731
26. 1771775965667
27. 1771775966087
28. 1771775968022
29. 1771775968443
30. 1771775970427
31. 1771775970849
32. 1771775972832
33. 1771775973257
34. 1771775975237
35. 1771775975663
36. 1771775977642
37. 1771775978068
38. 1771775979999
39. 1771775980424
40. 1771775982401
41. 1771775982831
42. 1771775984805
43. 1771775985236
44. 1771775987208
45. 1771775987639
46. 1771775989613
47. 1771775990042
48. 1771775992018
49. 1771775992445
50. 1771775994422
51. 1771775994850
52. 1771775996827
53. 1771775997255
54. 1771775999232
55. 1771775999658
56. 1771776001637
57. 1771776002063
58. 1771776004042
59. 1771776004469
60. 1771776006397

# 10 27 29 63 65 99 101 135 137 171 173 207 209 243 245 279 281 315 317 351 353 387 389 423 425 459 461 495 497 531 533 567 569 603 605 639 641 675 677 711 713 747 749 783 785 819 821 855 857 891 893 927 929 963 965 999 1001 1035 1037 1071 1073 #
LightZero MGTP Interface Ready
=1 LightZero_DarkChess

=2 1.0.0

=7 

=15 

=14 

[debug] move action_id=0, action=((0, 0), (0, 0)), 
[debug] current_player=1 (B), 
[debug] board[(0, 0)]=6, board[(0, 0)]=6, 
[debug] board state:
[[ 6 15 15 15]
 [15 15 15 15]
 [15 15 15 15]
 [15 15 15 15]
 [15 15 15 15]
 [15 15 15 15]
 [15 15 15 15]
 [15 15 15 15]], 

=11 

=16 

=12 b1 b1

[debug] move action_id=319, action=((7, 1), (7, 1)), 
[debug] current_player=0 (R), 
[debug] board[(7, 1)]=13, board[(7, 1)]=13, 
[debug] board state:
[[ 6 15 15 15]
 [15 15 15 15]
 [15 15 15 15]
 [15 15 15 15]
 [15 15 15 15]
 [15 15 15 15]
 [15 15 15 15]
 [15 13 15 15]], 

=11 

=16 

[debug] move action_id=11, action=((0, 1), (0, 1)), 
[debug] current_player=1 (B), 
[debug] board[(0, 1)]=5, board[(0, 1)]=5, 
[debug] board state:
[[ 6  5 15 15]
 [15 15 15 15]
 [15 15 15 15]
 [15 15 15 15]
 [15 15 15 15]
 [15 15 15 15]
 [15 15 15 15]
 [15 13 15 15]], 

=11 

=16 

=12 b5 b5

[debug] move action_id=143, action=((3, 1), (3, 1)), 
[debug] current_player=0 (R), 
[debug] board[(3, 1)]=4, board[(3, 1)]=4, 
[debug] board state:
[[ 6  5 15 15]
 [15 15 15 15]
 [15 15 15 15]
 [15  4 15 15]
 [15 15 15 15]
 [15 15 15 15]
 [15 15 15 15]
 [15 13 15 15]], 

=11 

=16 

[debug] move action_id=22, action=((0, 2), (0, 2)), 
[debug] current_player=1 (B), 
[debug] board[(0, 2)]=9, board[(0, 2)]=9, 
[debug] board state:
[[ 6  5  9 15]
 [15 15 15 15]
 [15 15 15 15]
 [15  4 15 15]
 [15 15 15 15]
 [15 15 15 15]
 [15 15 15 15]
 [15 13 15 15]], 

=11 

=16 

=12 d7 d7

[debug] move action_id=77, action=((1, 3), (1, 3)), 
[debug] current_player=0 (R), 
[debug] board[(1, 3)]=8, board[(1, 3)]=8, 
[debug] board state:
[[ 6  5  9 15]
 [15 15 15  8]
 [15 15 15 15]
 [15  4 15 15]
 [15 15 15 15]
 [15 15 15 15]
 [15 15 15 15]
 [15 13 15 15]], 

=11 

=16 

[debug] move action_id=33, action=((0, 3), (0, 3)), 
[debug] current_player=1 (B), 
[debug] board[(0, 3)]=11, board[(0, 3)]=11, 
[debug] board state:
[[ 6  5  9 11]
 [15 15 15  8]
 [15 15 15 15]
 [15  4 15 15]
 [15 15 15 15]
 [15 15 15 15]
 [15 15 15 15]
 [15 13 15 15]], 

=11 

=16 

=12 c7 c7

[debug] move action_id=66, action=((1, 2), (1, 2)), 
[debug] current_player=0 (R), 
[debug] board[(1, 2)]=3, board[(1, 2)]=3, 
[debug] board state:
[[ 6  5  9 11]
 [15 15  3  8]
 [15 15 15 15]
 [15  4 15 15]
 [15 15 15 15]
 [15 15 15 15]
 [15 15 15 15]
 [15 13 15 15]], 

=11 

=16 

[debug] move action_id=21, action=((0, 1), (0, 3)), 
[debug] current_player=1 (B), 
[debug] board[(0, 1)]=14, board[(0, 3)]=5, 
[debug] board state:
[[ 6 14  9  5]
 [15 15  3  8]
 [15 15 15 15]
 [15  4 15 15]
 [15 15 15 15]
 [15 15 15 15]
 [15 15 15 15]
 [15 13 15 15]], 

=10 

=16 

=12 c6 c6

[debug] move action_id=110, action=((2, 2), (2, 2)), 
[debug] current_player=0 (R), 
[debug] board[(2, 2)]=2, board[(2, 2)]=2, 
[debug] board state:
[[ 6 14  9  5]
 [15 15  3  8]
 [15 15  2 15]
 [15  4 15 15]
 [15 15 15 15]
 [15 15 15 15]
 [15 15 15 15]
 [15 13 15 15]], 

=11 

=16 

[debug] move action_id=8, action=((0, 0), (0, 1)), 
[debug] current_player=1 (B), 
[debug] board[(0, 0)]=14, board[(0, 1)]=6, 
[debug] board state:
[[14  6  9  5]
 [15 15  3  8]
 [15 15  2 15]
 [15  4 15 15]
 [15 15 15 15]
 [15 15 15 15]
 [15 15 15 15]
 [15 13 15 15]], 

=10 

=16 

=12 c5 c5

[debug] move action_id=154, action=((3, 2), (3, 2)), 
[debug] current_player=0 (R), 
[debug] board[(3, 2)]=1, board[(3, 2)]=1, 
[debug] board state:
[[14  6  9  5]
 [15 15  3  8]
 [15 15  2 15]
 [15  4  1 15]
 [15 15 15 15]
 [15 15 15 15]
 [15 15 15 15]
 [15 13 15 15]], 

=11 

=16 

[debug] move action_id=19, action=((0, 1), (0, 0)), 
[debug] current_player=1 (B), 
[debug] board[(0, 1)]=14, board[(0, 0)]=6, 
[debug] board state:
[[ 6 14  9  5]
 [15 15  3  8]
 [15 15  2 15]
 [15  4  1 15]
 [15 15 15 15]
 [15 15 15 15]
 [15 15 15 15]
 [15 13 15 15]], 

=10 

=16 

=12 d1 d1

[debug] move action_id=341, action=((7, 3), (7, 3)), 
[debug] current_player=0 (R), 
[debug] board[(7, 3)]=10, board[(7, 3)]=10, 
[debug] board state:
[[ 6 14  9  5]
 [15 15  3  8]
 [15 15  2 15]
 [15  4  1 15]
 [15 15 15 15]
 [15 15 15 15]
 [15 15 15 15]
 [15 13 15 10]], 

=11 

=16 

[debug] move action_id=8, action=((0, 0), (0, 1)), 
[debug] current_player=1 (B), 
[debug] board[(0, 0)]=14, board[(0, 1)]=6, 
[debug] board state:
[[14  6  9  5]
 [15 15  3  8]
 [15 15  2 15]
 [15  4  1 15]
 [15 15 15 15]
 [15 15 15 15]
 [15 15 15 15]
 [15 13 15 10]], 

=10 

=16 

=12 a5 a5

[debug] move action_id=132, action=((3, 0), (3, 0)), 
[debug] current_player=0 (R), 
[debug] board[(3, 0)]=5, board[(3, 0)]=5, 
[debug] board state:
[[14  6  9  5]
 [15 15  3  8]
 [15 15  2 15]
 [ 5  4  1 15]
 [15 15 15 15]
 [15 15 15 15]
 [15 15 15 15]
 [15 13 15 10]], 

=11 

=16 

[debug] move action_id=19, action=((0, 1), (0, 0)), 
[debug] current_player=1 (B), 
[debug] board[(0, 1)]=14, board[(0, 0)]=6, 
[debug] board state:
[[ 6 14  9  5]
 [15 15  3  8]
 [15 15  2 15]
 [ 5  4  1 15]
 [15 15 15 15]
 [15 15 15 15]
 [15 15 15 15]
 [15 13 15 10]], 

=10 

=16 

=12 c8 c7

[debug] move action_id=67, action=((0, 2), (1, 2)), 
[debug] current_player=0 (R), 
[debug] board[(0, 2)]=14, board[(1, 2)]=9, 
[debug] board state:
[[ 6 14 14  5]
 [15 15  9  8]
 [15 15  2 15]
 [ 5  4  1 15]
 [15 15 15 15]
 [15 15 15 15]
 [15 15 15 15]
 [15 13 15 10]], 

=10 

=16 

[debug] move action_id=8, action=((0, 0), (0, 1)), 
[debug] current_player=1 (B), 
[debug] board[(0, 0)]=14, board[(0, 1)]=6, 
[debug] board state:
[[14  6 14  5]
 [15 15  9  8]
 [15 15  2 15]
 [ 5  4  1 15]
 [15 15 15 15]
 [15 15 15 15]
 [15 15 15 15]
 [15 13 15 10]], 

=10 

=16 

=12 c3 c3

[debug] move action_id=242, action=((5, 2), (5, 2)), 
[debug] current_player=0 (R), 
[debug] board[(5, 2)]=13, board[(5, 2)]=13, 
[debug] board state:
[[14  6 14  5]
 [15 15  9  8]
 [15 15  2 15]
 [ 5  4  1 15]
 [15 15 15 15]
 [15 15 13 15]
 [15 15 15 15]
 [15 13 15 10]], 

=11 

=16 

[debug] move action_id=19, action=((0, 1), (0, 0)), 
[debug] current_player=1 (B), 
[debug] board[(0, 1)]=14, board[(0, 0)]=6, 
[debug] board state:
[[ 6 14 14  5]
 [15 15  9  8]
 [15 15  2 15]
 [ 5  4  1 15]
 [15 15 15 15]
 [15 15 13 15]
 [15 15 15 15]
 [15 13 15 10]], 

=10 

=16 

=12 d2 d2

[debug] move action_id=297, action=((6, 3), (6, 3)), 
[debug] current_player=0 (R), 
[debug] board[(6, 3)]=6, board[(6, 3)]=6, 
[debug] board state:
[[ 6 14 14  5]
 [15 15  9  8]
 [15 15  2 15]
 [ 5  4  1 15]
 [15 15 15 15]
 [15 15 13 15]
 [15 15 15  6]
 [15 13 15 10]], 

=11 

=16 

[debug] move action_id=8, action=((0, 0), (0, 1)), 
[debug] current_player=1 (B), 
[debug] board[(0, 0)]=14, board[(0, 1)]=6, 
[debug] board state:
[[14  6 14  5]
 [15 15  9  8]
 [15 15  2 15]
 [ 5  4  1 15]
 [15 15 15 15]
 [15 15 13 15]
 [15 15 15  6]
 [15 13 15 10]], 

=10 

=16 

=12 d4 d4

[debug] move action_id=209, action=((4, 3), (4, 3)), 
[debug] current_player=0 (R), 
[debug] board[(4, 3)]=0, board[(4, 3)]=0, 
[debug] board state:
[[14  6 14  5]
 [15 15  9  8]
 [15 15  2 15]
 [ 5  4  1 15]
 [15 15 15  0]
 [15 15 13 15]
 [15 15 15  6]
 [15 13 15 10]], 

=11 

=16 

[debug] move action_id=19, action=((0, 1), (0, 0)), 
[debug] current_player=1 (B), 
[debug] board[(0, 1)]=14, board[(0, 0)]=6, 
[debug] board state:
[[ 6 14 14  5]
 [15 15  9  8]
 [15 15  2 15]
 [ 5  4  1 15]
 [15 15 15  0]
 [15 15 13 15]
 [15 15 15  6]
 [15 13 15 10]], 

=10 

=16 

=12 c2 c2

[debug] move action_id=286, action=((6, 2), (6, 2)), 
[debug] current_player=0 (R), 
[debug] board[(6, 2)]=13, board[(6, 2)]=13, 
[debug] board state:
[[ 6 14 14  5]
 [15 15  9  8]
 [15 15  2 15]
 [ 5  4  1 15]
 [15 15 15  0]
 [15 15 13 15]
 [15 15 13  6]
 [15 13 15 10]], 

=11 

=16 

[debug] move action_id=8, action=((0, 0), (0, 1)), 
[debug] current_player=1 (B), 
[debug] board[(0, 0)]=14, board[(0, 1)]=6, 
[debug] board state:
[[14  6 14  5]
 [15 15  9  8]
 [15 15  2 15]
 [ 5  4  1 15]
 [15 15 15  0]
 [15 15 13 15]
 [15 15 13  6]
 [15 13 15 10]], 

=10 

=16 

=12 c4 c4

[debug] move action_id=198, action=((4, 2), (4, 2)), 
[debug] current_player=0 (R), 
[debug] board[(4, 2)]=3, board[(4, 2)]=3, 
[debug] board state:
[[14  6 14  5]
 [15 15  9  8]
 [15 15  2 15]
 [ 5  4  1 15]
 [15 15  3  0]
 [15 15 13 15]
 [15 15 13  6]
 [15 13 15 10]], 

=11 

=16 

[debug] move action_id=19, action=((0, 1), (0, 0)), 
[debug] current_player=1 (B), 
[debug] board[(0, 1)]=14, board[(0, 0)]=6, 
[debug] board state:
[[ 6 14 14  5]
 [15 15  9  8]
 [15 15  2 15]
 [ 5  4  1 15]
 [15 15  3  0]
 [15 15 13 15]
 [15 15 13  6]
 [15 13 15 10]], 

=10 

=16 

=12 b4 b4

[debug] move action_id=187, action=((4, 1), (4, 1)), 
[debug] current_player=0 (R), 
[debug] board[(4, 1)]=4, board[(4, 1)]=4, 
[debug] board state:
[[ 6 14 14  5]
 [15 15  9  8]
 [15 15  2 15]
 [ 5  4  1 15]
 [15  4  3  0]
 [15 15 13 15]
 [15 15 13  6]
 [15 13 15 10]], 

=11 

=16 

[debug] move action_id=8, action=((0, 0), (0, 1)), 
[debug] current_player=1 (B), 
[debug] board[(0, 0)]=14, board[(0, 1)]=6, 
[debug] board state:
[[14  6 14  5]
 [15 15  9  8]
 [15 15  2 15]
 [ 5  4  1 15]
 [15  4  3  0]
 [15 15 13 15]
 [15 15 13  6]
 [15 13 15 10]], 

=10 

=16 

=12 b2 b2

[debug] move action_id=275, action=((6, 1), (6, 1)), 
[debug] current_player=0 (R), 
[debug] board[(6, 1)]=12, board[(6, 1)]=12, 
[debug] board state:
[[14  6 14  5]
 [15 15  9  8]
 [15 15  2 15]
 [ 5  4  1 15]
 [15  4  3  0]
 [15 15 13 15]
 [15 12 13  6]
 [15 13 15 10]], 

=11 

=16 

[debug] move action_id=19, action=((0, 1), (0, 0)), 
[debug] current_player=1 (B), 
[debug] board[(0, 1)]=14, board[(0, 0)]=6, 
[debug] board state:
[[ 6 14 14  5]
 [15 15  9  8]
 [15 15  2 15]
 [ 5  4  1 15]
 [15  4  3  0]
 [15 15 13 15]
 [15 12 13  6]
 [15 13 15 10]], 

=10 

=16 

=12 d1 d2

[debug] move action_id=304, action=((7, 3), (6, 3)), 
[debug] current_player=0 (R), 
[debug] board[(7, 3)]=14, board[(6, 3)]=10, 
[debug] board state:
[[ 6 14 14  5]
 [15 15  9  8]
 [15 15  2 15]
 [ 5  4  1 15]
 [15  4  3  0]
 [15 15 13 15]
 [15 12 13 10]
 [15 13 15 14]], 

=10 

=16 

[debug] move action_id=8, action=((0, 0), (0, 1)), 
[debug] current_player=1 (B), 
[debug] board[(0, 0)]=14, board[(0, 1)]=6, 
[debug] board state:
[[14  6 14  5]
 [15 15  9  8]
 [15 15  2 15]
 [ 5  4  1 15]
 [15  4  3  0]
 [15 15 13 15]
 [15 12 13 10]
 [15 13 15 14]], 

=10 

=16 

=12 a3 a3

[debug] move action_id=220, action=((5, 0), (5, 0)), 
[debug] current_player=0 (R), 
[debug] board[(5, 0)]=10, board[(5, 0)]=10, 
[debug] board state:
[[14  6 14  5]
 [15 15  9  8]
 [15 15  2 15]
 [ 5  4  1 15]
 [15  4  3  0]
 [10 15 13 15]
 [15 12 13 10]
 [15 13 15 14]], 

=11 

=16 

[debug] move action_id=19, action=((0, 1), (0, 0)), 
[debug] current_player=1 (B), 
[debug] board[(0, 1)]=14, board[(0, 0)]=6, 
[debug] board state:
[[ 6 14 14  5]
 [15 15  9  8]
 [15 15  2 15]
 [ 5  4  1 15]
 [15  4  3  0]
 [10 15 13 15]
 [15 12 13 10]
 [15 13 15 14]], 

=10 

=16 

=12 c1 c1

[debug] move action_id=330, action=((7, 2), (7, 2)), 
[debug] current_player=0 (R), 
[debug] board[(7, 2)]=6, board[(7, 2)]=6, 
[debug] board state:
[[ 6 14 14  5]
 [15 15  9  8]
 [15 15  2 15]
 [ 5  4  1 15]
 [15  4  3  0]
 [10 15 13 15]
 [15 12 13 10]
 [15 13  6 14]], 

=11 

=16 

[debug] move action_id=8, action=((0, 0), (0, 1)), 
[debug] current_player=1 (B), 
[debug] board[(0, 0)]=14, board[(0, 1)]=6, 
[debug] board state:
[[14  6 14  5]
 [15 15  9  8]
 [15 15  2 15]
 [ 5  4  1 15]
 [15  4  3  0]
 [10 15 13 15]
 [15 12 13 10]
 [15 13  6 14]], 

=10 

=16 

=12 b3 b3

[debug] move action_id=231, action=((5, 1), (5, 1)), 
[debug] current_player=0 (R), 
[debug] board[(5, 1)]=2, board[(5, 1)]=2, 
[debug] board state:
[[14  6 14  5]
 [15 15  9  8]
 [15 15  2 15]
 [ 5  4  1 15]
 [15  4  3  0]
 [10  2 13 15]
 [15 12 13 10]
 [15 13  6 14]], 

=11 

=16 

[debug] move action_id=19, action=((0, 1), (0, 0)), 
[debug] current_player=1 (B), 
[debug] board[(0, 1)]=14, board[(0, 0)]=6, 
[debug] board state:
[[ 6 14 14  5]
 [15 15  9  8]
 [15 15  2 15]
 [ 5  4  1 15]
 [15  4  3  0]
 [10  2 13 15]
 [15 12 13 10]
 [15 13  6 14]], 

=10 

=16 

=12 d3 d3

[debug] move action_id=253, action=((5, 3), (5, 3)), 
[debug] current_player=0 (R), 
[debug] board[(5, 3)]=13, board[(5, 3)]=13, 
[debug] board state:
[[ 6 14 14  5]
 [15 15  9  8]
 [15 15  2 15]
 [ 5  4  1 15]
 [15  4  3  0]
 [10  2 13 13]
 [15 12 13 10]
 [15 13  6 14]], 

=11 

=16 

[debug] move action_id=8, action=((0, 0), (0, 1)), 
[debug] current_player=1 (B), 
[debug] board[(0, 0)]=14, board[(0, 1)]=6, 
[debug] board state:
[[14  6 14  5]
 [15 15  9  8]
 [15 15  2 15]
 [ 5  4  1 15]
 [15  4  3  0]
 [10  2 13 13]
 [15 12 13 10]
 [15 13  6 14]], 

=10 

=16 

=12 d6 d6

[debug] move action_id=121, action=((2, 3), (2, 3)), 
[debug] current_player=0 (R), 
[debug] board[(2, 3)]=1, board[(2, 3)]=1, 
[debug] board state:
[[14  6 14  5]
 [15 15  9  8]
 [15 15  2  1]
 [ 5  4  1 15]
 [15  4  3  0]
 [10  2 13 13]
 [15 12 13 10]
 [15 13  6 14]], 

=11 

=16 

[debug] move action_id=19, action=((0, 1), (0, 0)), 
[debug] current_player=1 (B), 
[debug] board[(0, 1)]=14, board[(0, 0)]=6, 
[debug] board state:
[[ 6 14 14  5]
 [15 15  9  8]
 [15 15  2  1]
 [ 5  4  1 15]
 [15  4  3  0]
 [10  2 13 13]
 [15 12 13 10]
 [15 13  6 14]], 

=10 

=16 

=12 a4 a4

[debug] move action_id=176, action=((4, 0), (4, 0)), 
[debug] current_player=0 (R), 
[debug] board[(4, 0)]=8, board[(4, 0)]=8, 
[debug] board state:
[[ 6 14 14  5]
 [15 15  9  8]
 [15 15  2  1]
 [ 5  4  1 15]
 [ 8  4  3  0]
 [10  2 13 13]
 [15 12 13 10]
 [15 13  6 14]], 

=11 

=16 

[debug] move action_id=8, action=((0, 0), (0, 1)), 
[debug] current_player=1 (B), 
[debug] board[(0, 0)]=14, board[(0, 1)]=6, 
[debug] board state:
[[14  6 14  5]
 [15 15  9  8]
 [15 15  2  1]
 [ 5  4  1 15]
 [ 8  4  3  0]
 [10  2 13 13]
 [15 12 13 10]
 [15 13  6 14]], 

=10 

=16 

=12 a4 b4

[debug] move action_id=184, action=((4, 0), (4, 1)), 
[debug] current_player=0 (R), 
[debug] board[(4, 0)]=14, board[(4, 1)]=8, 
[debug] board state:
[[14  6 14  5]
 [15 15  9  8]
 [15 15  2  1]
 [ 5  4  1 15]
 [14  8  3  0]
 [10  2 13 13]
 [15 12 13 10]
 [15 13  6 14]], 

=10 

=16 

[debug] move action_id=19, action=((0, 1), (0, 0)), 
[debug] current_player=1 (B), 
[debug] board[(0, 1)]=14, board[(0, 0)]=6, 
[debug] board state:
[[ 6 14 14  5]
 [15 15  9  8]
 [15 15  2  1]
 [ 5  4  1 15]
 [14  8  3  0]
 [10  2 13 13]
 [15 12 13 10]
 [15 13  6 14]], 

=10 

=16 

=12 b4 a4

[debug] move action_id=195, action=((4, 1), (4, 0)), 
[debug] current_player=0 (R), 
[debug] board[(4, 1)]=14, board[(4, 0)]=8, 
[debug] board state:
[[ 6 14 14  5]
 [15 15  9  8]
 [15 15  2  1]
 [ 5  4  1 15]
 [ 8 14  3  0]
 [10  2 13 13]
 [15 12 13 10]
 [15 13  6 14]], 

=10 

=16 

[debug] move action_id=8, action=((0, 0), (0, 1)), 
[debug] current_player=1 (B), 
[debug] board[(0, 0)]=14, board[(0, 1)]=6, 
[debug] board state:
[[14  6 14  5]
 [15 15  9  8]
 [15 15  2  1]
 [ 5  4  1 15]
 [ 8 14  3  0]
 [10  2 13 13]
 [15 12 13 10]
 [15 13  6 14]], 

=10 

=16 

=12 a4 b4

[debug] move action_id=184, action=((4, 0), (4, 1)), 
[debug] current_player=0 (R), 
[debug] board[(4, 0)]=14, board[(4, 1)]=8, 
[debug] board state:
[[14  6 14  5]
 [15 15  9  8]
 [15 15  2  1]
 [ 5  4  1 15]
 [14  8  3  0]
 [10  2 13 13]
 [15 12 13 10]
 [15 13  6 14]], 

=10 

=16 

[debug] move action_id=19, action=((0, 1), (0, 0)), 
[debug] current_player=1 (B), 
[debug] board[(0, 1)]=14, board[(0, 0)]=6, 
[debug] board state:
[[ 6 14 14  5]
 [15 15  9  8]
 [15 15  2  1]
 [ 5  4  1 15]
 [14  8  3  0]
 [10  2 13 13]
 [15 12 13 10]
 [15 13  6 14]], 

=10 

=16 

=12 b4 a4

[debug] move action_id=195, action=((4, 1), (4, 0)), 
[debug] current_player=0 (R), 
[debug] board[(4, 1)]=14, board[(4, 0)]=8, 
[debug] board state:
[[ 6 14 14  5]
 [15 15  9  8]
 [15 15  2  1]
 [ 5  4  1 15]
 [ 8 14  3  0]
 [10  2 13 13]
 [15 12 13 10]
 [15 13  6 14]], 

=10 

=16 

[debug] move action_id=8, action=((0, 0), (0, 1)), 
[debug] current_player=1 (B), 
[debug] board[(0, 0)]=14, board[(0, 1)]=6, 
[debug] board state:
[[14  6 14  5]
 [15 15  9  8]
 [15 15  2  1]
 [ 5  4  1 15]
 [ 8 14  3  0]
 [10  2 13 13]
 [15 12 13 10]
 [15 13  6 14]], 

=10 

=16 

=12 a4 b4

[debug] move action_id=184, action=((4, 0), (4, 1)), 
[debug] current_player=0 (R), 
[debug] board[(4, 0)]=14, board[(4, 1)]=8, 
[debug] board state:
[[14  6 14  5]
 [15 15  9  8]
 [15 15  2  1]
 [ 5  4  1 15]
 [14  8  3  0]
 [10  2 13 13]
 [15 12 13 10]
 [15 13  6 14]], 

=10 

=16 

[debug] move action_id=19, action=((0, 1), (0, 0)), 
[debug] current_player=1 (B), 
[debug] board[(0, 1)]=14, board[(0, 0)]=6, 
[debug] board state:
[[ 6 14 14  5]
 [15 15  9  8]
 [15 15  2  1]
 [ 5  4  1 15]
 [14  8  3  0]
 [10  2 13 13]
 [15 12 13 10]
 [15 13  6 14]], 

=10 

=16 

=12 b4 a4

[debug] move action_id=195, action=((4, 1), (4, 0)), 
[debug] current_player=0 (R), 
[debug] board[(4, 1)]=14, board[(4, 0)]=8, 
[debug] board state:
[[ 6 14 14  5]
 [15 15  9  8]
 [15 15  2  1]
 [ 5  4  1 15]
 [ 8 14  3  0]
 [10  2 13 13]
 [15 12 13 10]
 [15 13  6 14]], 

=10 

=16 

[debug] move action_id=8, action=((0, 0), (0, 1)), 
[debug] current_player=1 (B), 
[debug] board[(0, 0)]=14, board[(0, 1)]=6, 
[debug] board state:
[[14  6 14  5]
 [15 15  9  8]
 [15 15  2  1]
 [ 5  4  1 15]
 [ 8 14  3  0]
 [10  2 13 13]
 [15 12 13 10]
 [15 13  6 14]], 

=10 

=16 

=12 a4 b4

[debug] move action_id=184, action=((4, 0), (4, 1)), 
[debug] current_player=0 (R), 
[debug] board[(4, 0)]=14, board[(4, 1)]=8, 
[debug] board state:
[[14  6 14  5]
 [15 15  9  8]
 [15 15  2  1]
 [ 5  4  1 15]
 [14  8  3  0]
 [10  2 13 13]
 [15 12 13 10]
 [15 13  6 14]], 

=10 

=16 


# 10 27 29 63 65 99 101 135 137 171 173 207 209 243 245 279 281 315 317 351 353 387 389 423 425 459 461 495 497 531 533 567 569 603 605 639 641 675 677 711 713 747 749 783 785 819 821 855 857 891 893 927 929 963 965 999 1001 1035 1037 1071 1073 #
/home/ntcucsk201/anaconda3/envs/darkchess/lib/python3.10/site-packages/treevalue/tree/integration/torch.py:23: FutureWarning: `torch.utils._pytree._register_pytree_node` is deprecated. Please use `torch.utils._pytree.register_pytree_node` instead.
  register_for_torch(TreeValue)
/home/ntcucsk201/anaconda3/envs/darkchess/lib/python3.10/site-packages/treevalue/tree/integration/torch.py:24: FutureWarning: `torch.utils._pytree._register_pytree_node` is deprecated. Please use `torch.utils._pytree.register_pytree_node` instead.
  register_for_torch(FastTreeValue)
Gym has been unmaintained since 2022 and does not support NumPy 2.0 amongst other critical functionality.
Please upgrade to Gymnasium, the maintained drop-in replacement of Gym, or contact the authors of your software and request that they upgrade.
See the migration guide at https://gymnasium.farama.org/introduction/migration_guide/ for additional information.
[DEBUG] Config loaded successfully
/home/ntcucsk201/DarkChess/LightZero/zoo/board_games/darkchess/muzero_mgtp.py:38: FutureWarning: You are using `torch.load` with `weights_only=False` (the current default value), which uses the default pickle module implicitly. It is possible to construct malicious pickle data which will execute arbitrary code during unpickling (See https://github.com/pytorch/pytorch/blob/main/SECURITY.md#untrusted-models for more details). In a future release, the default value for `weights_only` will be flipped to `True`. This limits the functions that could be executed during unpickling. Arbitrary objects will no longer be allowed to be loaded via this mode unless they are explicitly allowlisted by the user via `torch.serialization.add_safe_globals`. We recommend you start setting `weights_only=True` for any use case where you don't have full control of the loaded file. Please open an issue on GitHub for any issues related to this experimental feature.
  checkpoint = torch.load(model_path, map_location='cpu')
[DEBUG] Model moved to device: cuda:0

###
Account: a0_mu
Mode: MGTP
Path: /home/ntcucsk201/anaconda3/envs/darkchess/bin/python
Arg: /home/ntcucsk201/DarkChess/LightZero/zoo/board_games/darkchess/muzero_mgtp.py -model_path /home/ntcucsk201/DarkChess/LightZero/zoo/board_games/darkchess/data_muzero/darkchess_muzero_ns1000_upc50_rer0.0_bs512/ckpt/ckpt_best.pth.tar -config_path /home/ntcucsk201/DarkChess/LightZero/zoo/board_games/darkchess/data_muzero/darkchess_muzero_ns1000_upc50_rer0.0_bs512/formatted_total_config.py
Name: LightZero_DarkChess
Version: 1.0.0
###
