INITIAL
* 0:5am Feb 23, 2026
* a1_alphazero vs a0_mu
* 1 2 2 2 2 2 5 1 2 2 2 2 2 5
* X X X X
* X X X X
* X X X X
* X X X X
* X X X X
* X X X X
* X X X X
* X X X X
* first 1
* time 900
* 1. a8(p) b1(K)
* 2. b8(p) c7(p)
* 3. c8(G) b5(G)
* 4. d8(k) a4(N)
* 5. d8-c8 a7(P)
* 6. c8-d8 a6(m)
* 7. b8-c8 a5(M)
* 8. a8-b8 d6(c)
* 9. b8-a8 d7(P)
* 10. a8-b8 c5(n)
* 11. b8-a8 c2(m)
* 12. a8-b8 c3(C)
* 13. b8-a8 d1(r)
* 14. a8-b8 a3(R)
* 15. b8-a8 b6(p)
* 16. a8-b8 b2(g)
* 17. b8-a8 b3(c)
* 18. a8-b8 a1(n)
* 19. b8-a8 d2(P)
* 20. a8-b8 c6(P)
* 21. b8-a8 d4(C)
* 22. a8-b8 c4(r)
* 23. b8-a8 b7(R)
* 24. a8-b8 b7-c7
* 25. b8-a8 a7-b7
* 26. a8-b8 b7-a7
* 27. b8-a8 a7-b7
* 28. a8-b8 b7-a7
* 29. b8-a8 a7-b7
* 30. a8-b8 b7-a7
* PositionRepetitionDraw,3,4 a1_alphazero Draw 0.500000,0.500000
* Comment 0 0
0. 1771776302267
1. 1771776302267
2. 1771776304457
3. 1771776304863
4. 1771776306812
5. 1771776307217
6. 1771776309168
7. 1771776309570
8. 1771776311522
9. 1771776311923
10. 1771776313876
11. 1771776314277
12. 1771776316228
13. 1771776316630
14. 1771776318581
15. 1771776318982
16. 1771776320985
17. 1771776321388
18. 1771776323340
19. 1771776323743
20. 1771776325694
21. 1771776326098
22. 1771776328049
23. 1771776328454
24. 1771776330404
25. 1771776330809
26. 1771776332808
27. 1771776333214
28. 1771776335213
29. 1771776335618
30. 1771776337567
31. 1771776337972
32. 1771776339921
33. 1771776340326
34. 1771776342276
35. 1771776342680
36. 1771776344631
37. 1771776345034
38. 1771776347036
39. 1771776347439
40. 1771776349390
41. 1771776349791
42. 1771776351745
43. 1771776352145
44. 1771776354149
45. 1771776354550
46. 1771776356555
47. 1771776356955
48. 1771776358909
49. 1771776359310
50. 1771776361314
51. 1771776361716
52. 1771776363669
53. 1771776364071
54. 1771776366023
55. 1771776366425
56. 1771776368428
57. 1771776368779
58. 1771776370734
59. 1771776371134
60. 1771776373088

# 10 27 29 63 65 99 101 135 137 171 173 207 209 243 245 279 281 315 317 351 353 387 389 423 425 459 461 495 497 531 533 567 569 603 605 639 641 675 677 711 713 747 749 783 785 819 821 855 857 891 893 927 929 963 965 999 1001 1035 1037 1071 1073 #
LightZero MGTP Interface Ready
=1 LightZero_DarkChess

=2 1.0.0

=7 

=15 

=14 

[debug] move action_id=0, action=((0, 0), (0, 0)), 
[debug] current_player=1 (R), 
[debug] board[(0, 0)]=13, board[(0, 0)]=13, 
[debug] board state:
[[13 15 15 15]
 [15 15 15 15]
 [15 15 15 15]
 [15 15 15 15]
 [15 15 15 15]
 [15 15 15 15]
 [15 15 15 15]
 [15 15 15 15]], 

=11 

=16 

=12 b1 b1

[debug] move action_id=319, action=((7, 1), (7, 1)), 
[debug] current_player=0 (B), 
[debug] board[(7, 1)]=0, board[(7, 1)]=0, 
[debug] board state:
[[13 15 15 15]
 [15 15 15 15]
 [15 15 15 15]
 [15 15 15 15]
 [15 15 15 15]
 [15 15 15 15]
 [15 15 15 15]
 [15  0 15 15]], 

=11 

=16 

[debug] move action_id=11, action=((0, 1), (0, 1)), 
[debug] current_player=1 (R), 
[debug] board[(0, 1)]=13, board[(0, 1)]=13, 
[debug] board state:
[[13 13 15 15]
 [15 15 15 15]
 [15 15 15 15]
 [15 15 15 15]
 [15 15 15 15]
 [15 15 15 15]
 [15 15 15 15]
 [15  0 15 15]], 

=11 

=16 

=12 c7 c7

[debug] move action_id=66, action=((1, 2), (1, 2)), 
[debug] current_player=0 (B), 
[debug] board[(1, 2)]=13, board[(1, 2)]=13, 
[debug] board state:
[[13 13 15 15]
 [15 15 13 15]
 [15 15 15 15]
 [15 15 15 15]
 [15 15 15 15]
 [15 15 15 15]
 [15 15 15 15]
 [15  0 15 15]], 

=11 

=16 

[debug] move action_id=22, action=((0, 2), (0, 2)), 
[debug] current_player=1 (R), 
[debug] board[(0, 2)]=1, board[(0, 2)]=1, 
[debug] board state:
[[13 13  1 15]
 [15 15 13 15]
 [15 15 15 15]
 [15 15 15 15]
 [15 15 15 15]
 [15 15 15 15]
 [15 15 15 15]
 [15  0 15 15]], 

=11 

=16 

=12 b5 b5

[debug] move action_id=143, action=((3, 1), (3, 1)), 
[debug] current_player=0 (B), 
[debug] board[(3, 1)]=1, board[(3, 1)]=1, 
[debug] board state:
[[13 13  1 15]
 [15 15 13 15]
 [15 15 15 15]
 [15  1 15 15]
 [15 15 15 15]
 [15 15 15 15]
 [15 15 15 15]
 [15  0 15 15]], 

=11 

=16 

[debug] move action_id=33, action=((0, 3), (0, 3)), 
[debug] current_player=1 (R), 
[debug] board[(0, 3)]=7, board[(0, 3)]=7, 
[debug] board state:
[[13 13  1  7]
 [15 15 13 15]
 [15 15 15 15]
 [15  1 15 15]
 [15 15 15 15]
 [15 15 15 15]
 [15 15 15 15]
 [15  0 15 15]], 

=11 

=16 

=12 a4 a4

[debug] move action_id=176, action=((4, 0), (4, 0)), 
[debug] current_player=0 (B), 
[debug] board[(4, 0)]=4, board[(4, 0)]=4, 
[debug] board state:
[[13 13  1  7]
 [15 15 13 15]
 [15 15 15 15]
 [15  1 15 15]
 [ 4 15 15 15]
 [15 15 15 15]
 [15 15 15 15]
 [15  0 15 15]], 

=11 

=16 

[debug] move action_id=43, action=((0, 3), (0, 2)), 
[debug] current_player=1 (R), 
[debug] board[(0, 3)]=14, board[(0, 2)]=7, 
[debug] board state:
[[13 13  7 14]
 [15 15 13 15]
 [15 15 15 15]
 [15  1 15 15]
 [ 4 15 15 15]
 [15 15 15 15]
 [15 15 15 15]
 [15  0 15 15]], 

=10 

=16 

=12 a7 a7

[debug] move action_id=44, action=((1, 0), (1, 0)), 
[debug] current_player=0 (B), 
[debug] board[(1, 0)]=6, board[(1, 0)]=6, 
[debug] board state:
[[13 13  7 14]
 [ 6 15 13 15]
 [15 15 15 15]
 [15  1 15 15]
 [ 4 15 15 15]
 [15 15 15 15]
 [15 15 15 15]
 [15  0 15 15]], 

=11 

=16 

[debug] move action_id=32, action=((0, 2), (0, 3)), 
[debug] current_player=1 (R), 
[debug] board[(0, 2)]=14, board[(0, 3)]=7, 
[debug] board state:
[[13 13 14  7]
 [ 6 15 13 15]
 [15 15 15 15]
 [15  1 15 15]
 [ 4 15 15 15]
 [15 15 15 15]
 [15 15 15 15]
 [15  0 15 15]], 

=10 

=16 

=12 a6 a6

[debug] move action_id=88, action=((2, 0), (2, 0)), 
[debug] current_player=0 (B), 
[debug] board[(2, 0)]=9, board[(2, 0)]=9, 
[debug] board state:
[[13 13 14  7]
 [ 6 15 13 15]
 [ 9 15 15 15]
 [15  1 15 15]
 [ 4 15 15 15]
 [15 15 15 15]
 [15 15 15 15]
 [15  0 15 15]], 

=11 

=16 

[debug] move action_id=20, action=((0, 1), (0, 2)), 
[debug] current_player=1 (R), 
[debug] board[(0, 1)]=14, board[(0, 2)]=13, 
[debug] board state:
[[13 14 13  7]
 [ 6 15 13 15]
 [ 9 15 15 15]
 [15  1 15 15]
 [ 4 15 15 15]
 [15 15 15 15]
 [15 15 15 15]
 [15  0 15 15]], 

=10 

=16 

=12 a5 a5

[debug] move action_id=132, action=((3, 0), (3, 0)), 
[debug] current_player=0 (B), 
[debug] board[(3, 0)]=2, board[(3, 0)]=2, 
[debug] board state:
[[13 14 13  7]
 [ 6 15 13 15]
 [ 9 15 15 15]
 [ 2  1 15 15]
 [ 4 15 15 15]
 [15 15 15 15]
 [15 15 15 15]
 [15  0 15 15]], 

=11 

=16 

[debug] move action_id=8, action=((0, 0), (0, 1)), 
[debug] current_player=1 (R), 
[debug] board[(0, 0)]=14, board[(0, 1)]=13, 
[debug] board state:
[[14 13 13  7]
 [ 6 15 13 15]
 [ 9 15 15 15]
 [ 2  1 15 15]
 [ 4 15 15 15]
 [15 15 15 15]
 [15 15 15 15]
 [15  0 15 15]], 

=10 

=16 

=12 d6 d6

[debug] move action_id=121, action=((2, 3), (2, 3)), 
[debug] current_player=0 (B), 
[debug] board[(2, 3)]=12, board[(2, 3)]=12, 
[debug] board state:
[[14 13 13  7]
 [ 6 15 13 15]
 [ 9 15 15 12]
 [ 2  1 15 15]
 [ 4 15 15 15]
 [15 15 15 15]
 [15 15 15 15]
 [15  0 15 15]], 

=11 

=16 

[debug] move action_id=19, action=((0, 1), (0, 0)), 
[debug] current_player=1 (R), 
[debug] board[(0, 1)]=14, board[(0, 0)]=13, 
[debug] board state:
[[13 14 13  7]
 [ 6 15 13 15]
 [ 9 15 15 12]
 [ 2  1 15 15]
 [ 4 15 15 15]
 [15 15 15 15]
 [15 15 15 15]
 [15  0 15 15]], 

=10 

=16 

=12 d7 d7

[debug] move action_id=77, action=((1, 3), (1, 3)), 
[debug] current_player=0 (B), 
[debug] board[(1, 3)]=6, board[(1, 3)]=6, 
[debug] board state:
[[13 14 13  7]
 [ 6 15 13  6]
 [ 9 15 15 12]
 [ 2  1 15 15]
 [ 4 15 15 15]
 [15 15 15 15]
 [15 15 15 15]
 [15  0 15 15]], 

=11 

=16 

[debug] move action_id=8, action=((0, 0), (0, 1)), 
[debug] current_player=1 (R), 
[debug] board[(0, 0)]=14, board[(0, 1)]=13, 
[debug] board state:
[[14 13 13  7]
 [ 6 15 13  6]
 [ 9 15 15 12]
 [ 2  1 15 15]
 [ 4 15 15 15]
 [15 15 15 15]
 [15 15 15 15]
 [15  0 15 15]], 

=10 

=16 

=12 c5 c5

[debug] move action_id=154, action=((3, 2), (3, 2)), 
[debug] current_player=0 (B), 
[debug] board[(3, 2)]=11, board[(3, 2)]=11, 
[debug] board state:
[[14 13 13  7]
 [ 6 15 13  6]
 [ 9 15 15 12]
 [ 2  1 11 15]
 [ 4 15 15 15]
 [15 15 15 15]
 [15 15 15 15]
 [15  0 15 15]], 

=11 

=16 

[debug] move action_id=19, action=((0, 1), (0, 0)), 
[debug] current_player=1 (R), 
[debug] board[(0, 1)]=14, board[(0, 0)]=13, 
[debug] board state:
[[13 14 13  7]
 [ 6 15 13  6]
 [ 9 15 15 12]
 [ 2  1 11 15]
 [ 4 15 15 15]
 [15 15 15 15]
 [15 15 15 15]
 [15  0 15 15]], 

=10 

=16 

=12 c2 c2

[debug] move action_id=286, action=((6, 2), (6, 2)), 
[debug] current_player=0 (B), 
[debug] board[(6, 2)]=9, board[(6, 2)]=9, 
[debug] board state:
[[13 14 13  7]
 [ 6 15 13  6]
 [ 9 15 15 12]
 [ 2  1 11 15]
 [ 4 15 15 15]
 [15 15 15 15]
 [15 15  9 15]
 [15  0 15 15]], 

=11 

=16 

[debug] move action_id=8, action=((0, 0), (0, 1)), 
[debug] current_player=1 (R), 
[debug] board[(0, 0)]=14, board[(0, 1)]=13, 
[debug] board state:
[[14 13 13  7]
 [ 6 15 13  6]
 [ 9 15 15 12]
 [ 2  1 11 15]
 [ 4 15 15 15]
 [15 15 15 15]
 [15 15  9 15]
 [15  0 15 15]], 

=10 

=16 

=12 c3 c3

[debug] move action_id=242, action=((5, 2), (5, 2)), 
[debug] current_player=0 (B), 
[debug] board[(5, 2)]=5, board[(5, 2)]=5, 
[debug] board state:
[[14 13 13  7]
 [ 6 15 13  6]
 [ 9 15 15 12]
 [ 2  1 11 15]
 [ 4 15 15 15]
 [15 15  5 15]
 [15 15  9 15]
 [15  0 15 15]], 

=11 

=16 

[debug] move action_id=19, action=((0, 1), (0, 0)), 
[debug] current_player=1 (R), 
[debug] board[(0, 1)]=14, board[(0, 0)]=13, 
[debug] board state:
[[13 14 13  7]
 [ 6 15 13  6]
 [ 9 15 15 12]
 [ 2  1 11 15]
 [ 4 15 15 15]
 [15 15  5 15]
 [15 15  9 15]
 [15  0 15 15]], 

=10 

=16 

=12 d1 d1

[debug] move action_id=341, action=((7, 3), (7, 3)), 
[debug] current_player=0 (B), 
[debug] board[(7, 3)]=10, board[(7, 3)]=10, 
[debug] board state:
[[13 14 13  7]
 [ 6 15 13  6]
 [ 9 15 15 12]
 [ 2  1 11 15]
 [ 4 15 15 15]
 [15 15  5 15]
 [15 15  9 15]
 [15  0 15 10]], 

=11 

=16 

[debug] move action_id=8, action=((0, 0), (0, 1)), 
[debug] current_player=1 (R), 
[debug] board[(0, 0)]=14, board[(0, 1)]=13, 
[debug] board state:
[[14 13 13  7]
 [ 6 15 13  6]
 [ 9 15 15 12]
 [ 2  1 11 15]
 [ 4 15 15 15]
 [15 15  5 15]
 [15 15  9 15]
 [15  0 15 10]], 

=10 

=16 

=12 a3 a3

[debug] move action_id=220, action=((5, 0), (5, 0)), 
[debug] current_player=0 (B), 
[debug] board[(5, 0)]=3, board[(5, 0)]=3, 
[debug] board state:
[[14 13 13  7]
 [ 6 15 13  6]
 [ 9 15 15 12]
 [ 2  1 11 15]
 [ 4 15 15 15]
 [ 3 15  5 15]
 [15 15  9 15]
 [15  0 15 10]], 

=11 

=16 

[debug] move action_id=19, action=((0, 1), (0, 0)), 
[debug] current_player=1 (R), 
[debug] board[(0, 1)]=14, board[(0, 0)]=13, 
[debug] board state:
[[13 14 13  7]
 [ 6 15 13  6]
 [ 9 15 15 12]
 [ 2  1 11 15]
 [ 4 15 15 15]
 [ 3 15  5 15]
 [15 15  9 15]
 [15  0 15 10]], 

=10 

=16 

=12 b6 b6

[debug] move action_id=99, action=((2, 1), (2, 1)), 
[debug] current_player=0 (B), 
[debug] board[(2, 1)]=13, board[(2, 1)]=13, 
[debug] board state:
[[13 14 13  7]
 [ 6 15 13  6]
 [ 9 13 15 12]
 [ 2  1 11 15]
 [ 4 15 15 15]
 [ 3 15  5 15]
 [15 15  9 15]
 [15  0 15 10]], 

=11 

=16 

[debug] move action_id=8, action=((0, 0), (0, 1)), 
[debug] current_player=1 (R), 
[debug] board[(0, 0)]=14, board[(0, 1)]=13, 
[debug] board state:
[[14 13 13  7]
 [ 6 15 13  6]
 [ 9 13 15 12]
 [ 2  1 11 15]
 [ 4 15 15 15]
 [ 3 15  5 15]
 [15 15  9 15]
 [15  0 15 10]], 

=10 

=16 

=12 b2 b2

[debug] move action_id=275, action=((6, 1), (6, 1)), 
[debug] current_player=0 (B), 
[debug] board[(6, 1)]=8, board[(6, 1)]=8, 
[debug] board state:
[[14 13 13  7]
 [ 6 15 13  6]
 [ 9 13 15 12]
 [ 2  1 11 15]
 [ 4 15 15 15]
 [ 3 15  5 15]
 [15  8  9 15]
 [15  0 15 10]], 

=11 

=16 

[debug] move action_id=19, action=((0, 1), (0, 0)), 
[debug] current_player=1 (R), 
[debug] board[(0, 1)]=14, board[(0, 0)]=13, 
[debug] board state:
[[13 14 13  7]
 [ 6 15 13  6]
 [ 9 13 15 12]
 [ 2  1 11 15]
 [ 4 15 15 15]
 [ 3 15  5 15]
 [15  8  9 15]
 [15  0 15 10]], 

=10 

=16 

=12 b3 b3

[debug] move action_id=231, action=((5, 1), (5, 1)), 
[debug] current_player=0 (B), 
[debug] board[(5, 1)]=12, board[(5, 1)]=12, 
[debug] board state:
[[13 14 13  7]
 [ 6 15 13  6]
 [ 9 13 15 12]
 [ 2  1 11 15]
 [ 4 15 15 15]
 [ 3 12  5 15]
 [15  8  9 15]
 [15  0 15 10]], 

=11 

=16 

[debug] move action_id=8, action=((0, 0), (0, 1)), 
[debug] current_player=1 (R), 
[debug] board[(0, 0)]=14, board[(0, 1)]=13, 
[debug] board state:
[[14 13 13  7]
 [ 6 15 13  6]
 [ 9 13 15 12]
 [ 2  1 11 15]
 [ 4 15 15 15]
 [ 3 12  5 15]
 [15  8  9 15]
 [15  0 15 10]], 

=10 

=16 

=12 a1 a1

[debug] move action_id=308, action=((7, 0), (7, 0)), 
[debug] current_player=0 (B), 
[debug] board[(7, 0)]=11, board[(7, 0)]=11, 
[debug] board state:
[[14 13 13  7]
 [ 6 15 13  6]
 [ 9 13 15 12]
 [ 2  1 11 15]
 [ 4 15 15 15]
 [ 3 12  5 15]
 [15  8  9 15]
 [11  0 15 10]], 

=11 

=16 

[debug] move action_id=19, action=((0, 1), (0, 0)), 
[debug] current_player=1 (R), 
[debug] board[(0, 1)]=14, board[(0, 0)]=13, 
[debug] board state:
[[13 14 13  7]
 [ 6 15 13  6]
 [ 9 13 15 12]
 [ 2  1 11 15]
 [ 4 15 15 15]
 [ 3 12  5 15]
 [15  8  9 15]
 [11  0 15 10]], 

=10 

=16 

=12 d2 d2

[debug] move action_id=297, action=((6, 3), (6, 3)), 
[debug] current_player=0 (B), 
[debug] board[(6, 3)]=6, board[(6, 3)]=6, 
[debug] board state:
[[13 14 13  7]
 [ 6 15 13  6]
 [ 9 13 15 12]
 [ 2  1 11 15]
 [ 4 15 15 15]
 [ 3 12  5 15]
 [15  8  9  6]
 [11  0 15 10]], 

=11 

=16 

[debug] move action_id=8, action=((0, 0), (0, 1)), 
[debug] current_player=1 (R), 
[debug] board[(0, 0)]=14, board[(0, 1)]=13, 
[debug] board state:
[[14 13 13  7]
 [ 6 15 13  6]
 [ 9 13 15 12]
 [ 2  1 11 15]
 [ 4 15 15 15]
 [ 3 12  5 15]
 [15  8  9  6]
 [11  0 15 10]], 

=10 

=16 

=12 c6 c6

[debug] move action_id=110, action=((2, 2), (2, 2)), 
[debug] current_player=0 (B), 
[debug] board[(2, 2)]=6, board[(2, 2)]=6, 
[debug] board state:
[[14 13 13  7]
 [ 6 15 13  6]
 [ 9 13  6 12]
 [ 2  1 11 15]
 [ 4 15 15 15]
 [ 3 12  5 15]
 [15  8  9  6]
 [11  0 15 10]], 

=11 

=16 

[debug] move action_id=19, action=((0, 1), (0, 0)), 
[debug] current_player=1 (R), 
[debug] board[(0, 1)]=14, board[(0, 0)]=13, 
[debug] board state:
[[13 14 13  7]
 [ 6 15 13  6]
 [ 9 13  6 12]
 [ 2  1 11 15]
 [ 4 15 15 15]
 [ 3 12  5 15]
 [15  8  9  6]
 [11  0 15 10]], 

=10 

=16 

=12 d4 d4

[debug] move action_id=209, action=((4, 3), (4, 3)), 
[debug] current_player=0 (B), 
[debug] board[(4, 3)]=5, board[(4, 3)]=5, 
[debug] board state:
[[13 14 13  7]
 [ 6 15 13  6]
 [ 9 13  6 12]
 [ 2  1 11 15]
 [ 4 15 15  5]
 [ 3 12  5 15]
 [15  8  9  6]
 [11  0 15 10]], 

=11 

=16 

[debug] move action_id=8, action=((0, 0), (0, 1)), 
[debug] current_player=1 (R), 
[debug] board[(0, 0)]=14, board[(0, 1)]=13, 
[debug] board state:
[[14 13 13  7]
 [ 6 15 13  6]
 [ 9 13  6 12]
 [ 2  1 11 15]
 [ 4 15 15  5]
 [ 3 12  5 15]
 [15  8  9  6]
 [11  0 15 10]], 

=10 

=16 

=12 c4 c4

[debug] move action_id=198, action=((4, 2), (4, 2)), 
[debug] current_player=0 (B), 
[debug] board[(4, 2)]=10, board[(4, 2)]=10, 
[debug] board state:
[[14 13 13  7]
 [ 6 15 13  6]
 [ 9 13  6 12]
 [ 2  1 11 15]
 [ 4 15 10  5]
 [ 3 12  5 15]
 [15  8  9  6]
 [11  0 15 10]], 

=11 

=16 

[debug] move action_id=19, action=((0, 1), (0, 0)), 
[debug] current_player=1 (R), 
[debug] board[(0, 1)]=14, board[(0, 0)]=13, 
[debug] board state:
[[13 14 13  7]
 [ 6 15 13  6]
 [ 9 13  6 12]
 [ 2  1 11 15]
 [ 4 15 10  5]
 [ 3 12  5 15]
 [15  8  9  6]
 [11  0 15 10]], 

=10 

=16 

=12 b7 b7

[debug] move action_id=55, action=((1, 1), (1, 1)), 
[debug] current_player=0 (B), 
[debug] board[(1, 1)]=3, board[(1, 1)]=3, 
[debug] board state:
[[13 14 13  7]
 [ 6  3 13  6]
 [ 9 13  6 12]
 [ 2  1 11 15]
 [ 4 15 10  5]
 [ 3 12  5 15]
 [15  8  9  6]
 [11  0 15 10]], 

=11 

=16 

[debug] move action_id=8, action=((0, 0), (0, 1)), 
[debug] current_player=1 (R), 
[debug] board[(0, 0)]=14, board[(0, 1)]=13, 
[debug] board state:
[[14 13 13  7]
 [ 6  3 13  6]
 [ 9 13  6 12]
 [ 2  1 11 15]
 [ 4 15 10  5]
 [ 3 12  5 15]
 [15  8  9  6]
 [11  0 15 10]], 

=10 

=16 

=12 b7 c7

[debug] move action_id=64, action=((1, 1), (1, 2)), 
[debug] current_player=0 (B), 
[debug] board[(1, 1)]=14, board[(1, 2)]=3, 
[debug] board state:
[[14 13 13  7]
 [ 6 14  3  6]
 [ 9 13  6 12]
 [ 2  1 11 15]
 [ 4 15 10  5]
 [ 3 12  5 15]
 [15  8  9  6]
 [11  0 15 10]], 

=10 

=16 

[debug] move action_id=19, action=((0, 1), (0, 0)), 
[debug] current_player=1 (R), 
[debug] board[(0, 1)]=14, board[(0, 0)]=13, 
[debug] board state:
[[13 14 13  7]
 [ 6 14  3  6]
 [ 9 13  6 12]
 [ 2  1 11 15]
 [ 4 15 10  5]
 [ 3 12  5 15]
 [15  8  9  6]
 [11  0 15 10]], 

=10 

=16 

=12 a7 b7

[debug] move action_id=52, action=((1, 0), (1, 1)), 
[debug] current_player=0 (B), 
[debug] board[(1, 0)]=14, board[(1, 1)]=6, 
[debug] board state:
[[13 14 13  7]
 [14  6  3  6]
 [ 9 13  6 12]
 [ 2  1 11 15]
 [ 4 15 10  5]
 [ 3 12  5 15]
 [15  8  9  6]
 [11  0 15 10]], 

=10 

=16 

[debug] move action_id=8, action=((0, 0), (0, 1)), 
[debug] current_player=1 (R), 
[debug] board[(0, 0)]=14, board[(0, 1)]=13, 
[debug] board state:
[[14 13 13  7]
 [14  6  3  6]
 [ 9 13  6 12]
 [ 2  1 11 15]
 [ 4 15 10  5]
 [ 3 12  5 15]
 [15  8  9  6]
 [11  0 15 10]], 

=10 

=16 

=12 b7 a7

[debug] move action_id=63, action=((1, 1), (1, 0)), 
[debug] current_player=0 (B), 
[debug] board[(1, 1)]=14, board[(1, 0)]=6, 
[debug] board state:
[[14 13 13  7]
 [ 6 14  3  6]
 [ 9 13  6 12]
 [ 2  1 11 15]
 [ 4 15 10  5]
 [ 3 12  5 15]
 [15  8  9  6]
 [11  0 15 10]], 

=10 

=16 

[debug] move action_id=19, action=((0, 1), (0, 0)), 
[debug] current_player=1 (R), 
[debug] board[(0, 1)]=14, board[(0, 0)]=13, 
[debug] board state:
[[13 14 13  7]
 [ 6 14  3  6]
 [ 9 13  6 12]
 [ 2  1 11 15]
 [ 4 15 10  5]
 [ 3 12  5 15]
 [15  8  9  6]
 [11  0 15 10]], 

=10 

=16 

=12 a7 b7

[debug] move action_id=52, action=((1, 0), (1, 1)), 
[debug] current_player=0 (B), 
[debug] board[(1, 0)]=14, board[(1, 1)]=6, 
[debug] board state:
[[13 14 13  7]
 [14  6  3  6]
 [ 9 13  6 12]
 [ 2  1 11 15]
 [ 4 15 10  5]
 [ 3 12  5 15]
 [15  8  9  6]
 [11  0 15 10]], 

=10 

=16 

[debug] move action_id=8, action=((0, 0), (0, 1)), 
[debug] current_player=1 (R), 
[debug] board[(0, 0)]=14, board[(0, 1)]=13, 
[debug] board state:
[[14 13 13  7]
 [14  6  3  6]
 [ 9 13  6 12]
 [ 2  1 11 15]
 [ 4 15 10  5]
 [ 3 12  5 15]
 [15  8  9  6]
 [11  0 15 10]], 

=10 

=16 

=12 b7 a7

[debug] move action_id=63, action=((1, 1), (1, 0)), 
[debug] current_player=0 (B), 
[debug] board[(1, 1)]=14, board[(1, 0)]=6, 
[debug] board state:
[[14 13 13  7]
 [ 6 14  3  6]
 [ 9 13  6 12]
 [ 2  1 11 15]
 [ 4 15 10  5]
 [ 3 12  5 15]
 [15  8  9  6]
 [11  0 15 10]], 

=10 

=16 

[debug] move action_id=19, action=((0, 1), (0, 0)), 
[debug] current_player=1 (R), 
[debug] board[(0, 1)]=14, board[(0, 0)]=13, 
[debug] board state:
[[13 14 13  7]
 [ 6 14  3  6]
 [ 9 13  6 12]
 [ 2  1 11 15]
 [ 4 15 10  5]
 [ 3 12  5 15]
 [15  8  9  6]
 [11  0 15 10]], 

=10 

=16 

=12 a7 b7

[debug] move action_id=52, action=((1, 0), (1, 1)), 
[debug] current_player=0 (B), 
[debug] board[(1, 0)]=14, board[(1, 1)]=6, 
[debug] board state:
[[13 14 13  7]
 [14  6  3  6]
 [ 9 13  6 12]
 [ 2  1 11 15]
 [ 4 15 10  5]
 [ 3 12  5 15]
 [15  8  9  6]
 [11  0 15 10]], 

=10 

=16 

[debug] move action_id=8, action=((0, 0), (0, 1)), 
[debug] current_player=1 (R), 
[debug] board[(0, 0)]=14, board[(0, 1)]=13, 
[debug] board state:
[[14 13 13  7]
 [14  6  3  6]
 [ 9 13  6 12]
 [ 2  1 11 15]
 [ 4 15 10  5]
 [ 3 12  5 15]
 [15  8  9  6]
 [11  0 15 10]], 

=10 

=16 

=12 b7 a7

[debug] move action_id=63, action=((1, 1), (1, 0)), 
[debug] current_player=0 (B), 
[debug] board[(1, 1)]=14, board[(1, 0)]=6, 
[debug] board state:
[[14 13 13  7]
 [ 6 14  3  6]
 [ 9 13  6 12]
 [ 2  1 11 15]
 [ 4 15 10  5]
 [ 3 12  5 15]
 [15  8  9  6]
 [11  0 15 10]], 

=10 

=16 


# 10 27 29 63 65 99 101 135 137 171 173 207 209 243 245 279 281 315 317 351 353 387 389 423 425 459 461 495 497 531 533 567 569 603 605 639 641 675 677 711 713 747 749 783 785 819 821 855 857 891 893 927 929 963 965 999 1001 1035 1037 1071 1073 #
/home/ntcucsk201/anaconda3/envs/darkchess/lib/python3.10/site-packages/treevalue/tree/integration/torch.py:23: FutureWarning: `torch.utils._pytree._register_pytree_node` is deprecated. Please use `torch.utils._pytree.register_pytree_node` instead.
  register_for_torch(TreeValue)
/home/ntcucsk201/anaconda3/envs/darkchess/lib/python3.10/site-packages/treevalue/tree/integration/torch.py:24: FutureWarning: `torch.utils._pytree._register_pytree_node` is deprecated. Please use `torch.utils._pytree.register_pytree_node` instead.
  register_for_torch(FastTreeValue)
Gym has been unmaintained since 2022 and does not support NumPy 2.0 amongst other critical functionality.
Please upgrade to Gymnasium, the maintained drop-in replacement of Gym, or contact the authors of your software and request that they upgrade.
See the migration guide at https://gymnasium.farama.org/introduction/migration_guide/ for additional information.
[DEBUG] Config loaded successfully
/home/ntcucsk201/DarkChess/LightZero/zoo/board_games/darkchess/muzero_mgtp.py:38: FutureWarning: You are using `torch.load` with `weights_only=False` (the current default value), which uses the default pickle module implicitly. It is possible to construct malicious pickle data which will execute arbitrary code during unpickling (See https://github.com/pytorch/pytorch/blob/main/SECURITY.md#untrusted-models for more details). In a future release, the default value for `weights_only` will be flipped to `True`. This limits the functions that could be executed during unpickling. Arbitrary objects will no longer be allowed to be loaded via this mode unless they are explicitly allowlisted by the user via `torch.serialization.add_safe_globals`. We recommend you start setting `weights_only=True` for any use case where you don't have full control of the loaded file. Please open an issue on GitHub for any issues related to this experimental feature.
  checkpoint = torch.load(model_path, map_location='cpu')
[DEBUG] Model moved to device: cuda:0

###
Account: a0_mu
Mode: MGTP
Path: /home/ntcucsk201/anaconda3/envs/darkchess/bin/python
Arg: /home/ntcucsk201/DarkChess/LightZero/zoo/board_games/darkchess/muzero_mgtp.py -model_path /home/ntcucsk201/DarkChess/LightZero/zoo/board_games/darkchess/data_muzero/darkchess_muzero_ns1000_upc50_rer0.0_bs512/ckpt/ckpt_best.pth.tar -config_path /home/ntcucsk201/DarkChess/LightZero/zoo/board_games/darkchess/data_muzero/darkchess_muzero_ns1000_upc50_rer0.0_bs512/formatted_total_config.py
Name: LightZero_DarkChess
Version: 1.0.0
###
