INITIAL
* 0:11am Feb 23, 2026
* a0_mu vs a1_alphazero
* 1 2 2 2 2 2 5 1 2 2 2 2 2 5
* X X X X
* X X X X
* X X X X
* X X X X
* X X X X
* X X X X
* X X X X
* X X X X
* first 0
* time 900
* 1. b1(K) a8(G)
* 2. b5(P) b8(P)
* 3. c7(p) c8(r)
* 4. a5(N) c8-b8
* 5. c5(k) b8-c8
* 6. d7(M) c8-b8
* 7. d1(n) b8-c8
* 8. d2(P) c8-b8
* 9. c3(C) b8-c8
* 10. c2(p) c8-b8
* 11. d4(M) b8-c8
* 12. c6(c) c8-b8
* 13. a3(C) b8-c8
* 14. b2(N) c8-b8
* 15. b4(n) b8-c8
* 16. c1(p) c8-b8
* 17. a2(R) b8-c8
* 18. c4(P) c8-b8
* 19. d3(g) b8-c8
* 20. b7(p) b7-b8
* 21. d8(G) a7(m)
* 22. c4-c5 a7-b7
* 23. d4-c4 b7-a7
* 24. b3(r) a7-b7
* 25. c4-b4 b7-a7
* 26. b4-c4 a7-b7
* 27. c4-b4 b7-a7
* 28. c3-c4 a7-b7
* 29. c4-c3 b7-a7
* 30. c3-c4 a7-b7
* 31. c4-c3 b7-a7
* 32. c3-c4 a7-b7
* 33. c4-c3
* PositionRepetitionDraw,3,4 a0_mu Draw 0.500000,0.500000
* Comment 0 0
0. 1771776703773
1. 1771776703773
2. 1771776704356
3. 1771776706319
4. 1771776706712
5. 1771776708675
6. 1771776709117
7. 1771776711081
8. 1771776711521
9. 1771776713488
10. 1771776713926
11. 1771776715893
12. 1771776716331
13. 1771776718298
14. 1771776718737
15. 1771776720703
16. 1771776721142
17. 1771776723109
18. 1771776723549
19. 1771776725514
20. 1771776725954
21. 1771776727920
22. 1771776728360
23. 1771776730323
24. 1771776730715
25. 1771776732678
26. 1771776733071
27. 1771776735082
28. 1771776735477
29. 1771776737437
30. 1771776737833
31. 1771776739790
32. 1771776740189
33. 1771776742143
34. 1771776742545
35. 1771776744547
36. 1771776744951
37. 1771776746952
38. 1771776747357
39. 1771776749357
40. 1771776749813
41. 1771776751762
42. 1771776752169
43. 1771776754116
44. 1771776754525
45. 1771776756471
46. 1771776756881
47. 1771776758873
48. 1771776759286
49. 1771776761278
50. 1771776761690
51. 1771776763732
52. 1771776764143
53. 1771776766136
54. 1771776766547
55. 1771776768540
56. 1771776768952
57. 1771776770944
58. 1771776771356
59. 1771776773398
60. 1771776773812
61. 1771776775800
62. 1771776776216
63. 1771776778255
64. 1771776778670
65. 1771776780710

# 10 12 46 48 82 84 118 120 154 156 190 192 226 228 262 264 298 300 334 336 370 372 406 408 442 444 478 480 514 516 550 552 586 588 622 624 658 660 694 696 730 732 766 768 802 804 838 840 874 876 910 912 946 948 982 984 1018 1020 1054 1056 1090 1092 1126 1128 1162 1164 #
LightZero MGTP Interface Ready
=1 LightZero_DarkChess

=2 1.0.0

=7 

=15 

=14 

=12 b1 b1

[debug] move action_id=319, action=((7, 1), (7, 1)), 
[debug] current_player=1 (B), 
[debug] board[(7, 1)]=0, board[(7, 1)]=0, 
[debug] board state:
[[15 15 15 15]
 [15 15 15 15]
 [15 15 15 15]
 [15 15 15 15]
 [15 15 15 15]
 [15 15 15 15]
 [15 15 15 15]
 [15  0 15 15]], 

=11 

=16 

[debug] move action_id=0, action=((0, 0), (0, 0)), 
[debug] current_player=0 (R), 
[debug] board[(0, 0)]=1, board[(0, 0)]=1, 
[debug] board state:
[[ 1 15 15 15]
 [15 15 15 15]
 [15 15 15 15]
 [15 15 15 15]
 [15 15 15 15]
 [15 15 15 15]
 [15 15 15 15]
 [15  0 15 15]], 

=11 

=16 

=12 b5 b5

[debug] move action_id=143, action=((3, 1), (3, 1)), 
[debug] current_player=1 (B), 
[debug] board[(3, 1)]=6, board[(3, 1)]=6, 
[debug] board state:
[[ 1 15 15 15]
 [15 15 15 15]
 [15 15 15 15]
 [15  6 15 15]
 [15 15 15 15]
 [15 15 15 15]
 [15 15 15 15]
 [15  0 15 15]], 

=11 

=16 

[debug] move action_id=11, action=((0, 1), (0, 1)), 
[debug] current_player=0 (R), 
[debug] board[(0, 1)]=6, board[(0, 1)]=6, 
[debug] board state:
[[ 1  6 15 15]
 [15 15 15 15]
 [15 15 15 15]
 [15  6 15 15]
 [15 15 15 15]
 [15 15 15 15]
 [15 15 15 15]
 [15  0 15 15]], 

=11 

=16 

=12 c7 c7

[debug] move action_id=66, action=((1, 2), (1, 2)), 
[debug] current_player=1 (B), 
[debug] board[(1, 2)]=13, board[(1, 2)]=13, 
[debug] board state:
[[ 1  6 15 15]
 [15 15 13 15]
 [15 15 15 15]
 [15  6 15 15]
 [15 15 15 15]
 [15 15 15 15]
 [15 15 15 15]
 [15  0 15 15]], 

=11 

=16 

[debug] move action_id=22, action=((0, 2), (0, 2)), 
[debug] current_player=0 (R), 
[debug] board[(0, 2)]=10, board[(0, 2)]=10, 
[debug] board state:
[[ 1  6 10 15]
 [15 15 13 15]
 [15 15 15 15]
 [15  6 15 15]
 [15 15 15 15]
 [15 15 15 15]
 [15 15 15 15]
 [15  0 15 15]], 

=11 

=16 

=12 a5 a5

[debug] move action_id=132, action=((3, 0), (3, 0)), 
[debug] current_player=1 (B), 
[debug] board[(3, 0)]=4, board[(3, 0)]=4, 
[debug] board state:
[[ 1  6 10 15]
 [15 15 13 15]
 [15 15 15 15]
 [ 4  6 15 15]
 [15 15 15 15]
 [15 15 15 15]
 [15 15 15 15]
 [15  0 15 15]], 

=11 

=16 

[debug] move action_id=31, action=((0, 2), (0, 1)), 
[debug] current_player=0 (R), 
[debug] board[(0, 2)]=14, board[(0, 1)]=10, 
[debug] board state:
[[ 1 10 14 15]
 [15 15 13 15]
 [15 15 15 15]
 [ 4  6 15 15]
 [15 15 15 15]
 [15 15 15 15]
 [15 15 15 15]
 [15  0 15 15]], 

=10 

=16 

=12 c5 c5

[debug] move action_id=154, action=((3, 2), (3, 2)), 
[debug] current_player=1 (B), 
[debug] board[(3, 2)]=7, board[(3, 2)]=7, 
[debug] board state:
[[ 1 10 14 15]
 [15 15 13 15]
 [15 15 15 15]
 [ 4  6  7 15]
 [15 15 15 15]
 [15 15 15 15]
 [15 15 15 15]
 [15  0 15 15]], 

=11 

=16 

[debug] move action_id=20, action=((0, 1), (0, 2)), 
[debug] current_player=0 (R), 
[debug] board[(0, 1)]=14, board[(0, 2)]=10, 
[debug] board state:
[[ 1 14 10 15]
 [15 15 13 15]
 [15 15 15 15]
 [ 4  6  7 15]
 [15 15 15 15]
 [15 15 15 15]
 [15 15 15 15]
 [15  0 15 15]], 

=10 

=16 

=12 d7 d7

[debug] move action_id=77, action=((1, 3), (1, 3)), 
[debug] current_player=1 (B), 
[debug] board[(1, 3)]=2, board[(1, 3)]=2, 
[debug] board state:
[[ 1 14 10 15]
 [15 15 13  2]
 [15 15 15 15]
 [ 4  6  7 15]
 [15 15 15 15]
 [15 15 15 15]
 [15 15 15 15]
 [15  0 15 15]], 

=11 

=16 

[debug] move action_id=31, action=((0, 2), (0, 1)), 
[debug] current_player=0 (R), 
[debug] board[(0, 2)]=14, board[(0, 1)]=10, 
[debug] board state:
[[ 1 10 14 15]
 [15 15 13  2]
 [15 15 15 15]
 [ 4  6  7 15]
 [15 15 15 15]
 [15 15 15 15]
 [15 15 15 15]
 [15  0 15 15]], 

=10 

=16 

=12 d1 d1

[debug] move action_id=341, action=((7, 3), (7, 3)), 
[debug] current_player=1 (B), 
[debug] board[(7, 3)]=11, board[(7, 3)]=11, 
[debug] board state:
[[ 1 10 14 15]
 [15 15 13  2]
 [15 15 15 15]
 [ 4  6  7 15]
 [15 15 15 15]
 [15 15 15 15]
 [15 15 15 15]
 [15  0 15 11]], 

=11 

=16 

[debug] move action_id=20, action=((0, 1), (0, 2)), 
[debug] current_player=0 (R), 
[debug] board[(0, 1)]=14, board[(0, 2)]=10, 
[debug] board state:
[[ 1 14 10 15]
 [15 15 13  2]
 [15 15 15 15]
 [ 4  6  7 15]
 [15 15 15 15]
 [15 15 15 15]
 [15 15 15 15]
 [15  0 15 11]], 

=10 

=16 

=12 d2 d2

[debug] move action_id=297, action=((6, 3), (6, 3)), 
[debug] current_player=1 (B), 
[debug] board[(6, 3)]=6, board[(6, 3)]=6, 
[debug] board state:
[[ 1 14 10 15]
 [15 15 13  2]
 [15 15 15 15]
 [ 4  6  7 15]
 [15 15 15 15]
 [15 15 15 15]
 [15 15 15  6]
 [15  0 15 11]], 

=11 

=16 

[debug] move action_id=31, action=((0, 2), (0, 1)), 
[debug] current_player=0 (R), 
[debug] board[(0, 2)]=14, board[(0, 1)]=10, 
[debug] board state:
[[ 1 10 14 15]
 [15 15 13  2]
 [15 15 15 15]
 [ 4  6  7 15]
 [15 15 15 15]
 [15 15 15 15]
 [15 15 15  6]
 [15  0 15 11]], 

=10 

=16 

=12 c3 c3

[debug] move action_id=242, action=((5, 2), (5, 2)), 
[debug] current_player=1 (B), 
[debug] board[(5, 2)]=5, board[(5, 2)]=5, 
[debug] board state:
[[ 1 10 14 15]
 [15 15 13  2]
 [15 15 15 15]
 [ 4  6  7 15]
 [15 15 15 15]
 [15 15  5 15]
 [15 15 15  6]
 [15  0 15 11]], 

=11 

=16 

[debug] move action_id=20, action=((0, 1), (0, 2)), 
[debug] current_player=0 (R), 
[debug] board[(0, 1)]=14, board[(0, 2)]=10, 
[debug] board state:
[[ 1 14 10 15]
 [15 15 13  2]
 [15 15 15 15]
 [ 4  6  7 15]
 [15 15 15 15]
 [15 15  5 15]
 [15 15 15  6]
 [15  0 15 11]], 

=10 

=16 

=12 c2 c2

[debug] move action_id=286, action=((6, 2), (6, 2)), 
[debug] current_player=1 (B), 
[debug] board[(6, 2)]=13, board[(6, 2)]=13, 
[debug] board state:
[[ 1 14 10 15]
 [15 15 13  2]
 [15 15 15 15]
 [ 4  6  7 15]
 [15 15 15 15]
 [15 15  5 15]
 [15 15 13  6]
 [15  0 15 11]], 

=11 

=16 

[debug] move action_id=31, action=((0, 2), (0, 1)), 
[debug] current_player=0 (R), 
[debug] board[(0, 2)]=14, board[(0, 1)]=10, 
[debug] board state:
[[ 1 10 14 15]
 [15 15 13  2]
 [15 15 15 15]
 [ 4  6  7 15]
 [15 15 15 15]
 [15 15  5 15]
 [15 15 13  6]
 [15  0 15 11]], 

=10 

=16 

=12 d4 d4

[debug] move action_id=209, action=((4, 3), (4, 3)), 
[debug] current_player=1 (B), 
[debug] board[(4, 3)]=2, board[(4, 3)]=2, 
[debug] board state:
[[ 1 10 14 15]
 [15 15 13  2]
 [15 15 15 15]
 [ 4  6  7 15]
 [15 15 15  2]
 [15 15  5 15]
 [15 15 13  6]
 [15  0 15 11]], 

=11 

=16 

[debug] move action_id=20, action=((0, 1), (0, 2)), 
[debug] current_player=0 (R), 
[debug] board[(0, 1)]=14, board[(0, 2)]=10, 
[debug] board state:
[[ 1 14 10 15]
 [15 15 13  2]
 [15 15 15 15]
 [ 4  6  7 15]
 [15 15 15  2]
 [15 15  5 15]
 [15 15 13  6]
 [15  0 15 11]], 

=10 

=16 

=12 c6 c6

[debug] move action_id=110, action=((2, 2), (2, 2)), 
[debug] current_player=1 (B), 
[debug] board[(2, 2)]=12, board[(2, 2)]=12, 
[debug] board state:
[[ 1 14 10 15]
 [15 15 13  2]
 [15 15 12 15]
 [ 4  6  7 15]
 [15 15 15  2]
 [15 15  5 15]
 [15 15 13  6]
 [15  0 15 11]], 

=11 

=16 

[debug] move action_id=31, action=((0, 2), (0, 1)), 
[debug] current_player=0 (R), 
[debug] board[(0, 2)]=14, board[(0, 1)]=10, 
[debug] board state:
[[ 1 10 14 15]
 [15 15 13  2]
 [15 15 12 15]
 [ 4  6  7 15]
 [15 15 15  2]
 [15 15  5 15]
 [15 15 13  6]
 [15  0 15 11]], 

=10 

=16 

=12 a3 a3

[debug] move action_id=220, action=((5, 0), (5, 0)), 
[debug] current_player=1 (B), 
[debug] board[(5, 0)]=5, board[(5, 0)]=5, 
[debug] board state:
[[ 1 10 14 15]
 [15 15 13  2]
 [15 15 12 15]
 [ 4  6  7 15]
 [15 15 15  2]
 [ 5 15  5 15]
 [15 15 13  6]
 [15  0 15 11]], 

=11 

=16 

[debug] move action_id=20, action=((0, 1), (0, 2)), 
[debug] current_player=0 (R), 
[debug] board[(0, 1)]=14, board[(0, 2)]=10, 
[debug] board state:
[[ 1 14 10 15]
 [15 15 13  2]
 [15 15 12 15]
 [ 4  6  7 15]
 [15 15 15  2]
 [ 5 15  5 15]
 [15 15 13  6]
 [15  0 15 11]], 

=10 

=16 

=12 b2 b2

[debug] move action_id=275, action=((6, 1), (6, 1)), 
[debug] current_player=1 (B), 
[debug] board[(6, 1)]=4, board[(6, 1)]=4, 
[debug] board state:
[[ 1 14 10 15]
 [15 15 13  2]
 [15 15 12 15]
 [ 4  6  7 15]
 [15 15 15  2]
 [ 5 15  5 15]
 [15  4 13  6]
 [15  0 15 11]], 

=11 

=16 

[debug] move action_id=31, action=((0, 2), (0, 1)), 
[debug] current_player=0 (R), 
[debug] board[(0, 2)]=14, board[(0, 1)]=10, 
[debug] board state:
[[ 1 10 14 15]
 [15 15 13  2]
 [15 15 12 15]
 [ 4  6  7 15]
 [15 15 15  2]
 [ 5 15  5 15]
 [15  4 13  6]
 [15  0 15 11]], 

=10 

=16 

=12 b4 b4

[debug] move action_id=187, action=((4, 1), (4, 1)), 
[debug] current_player=1 (B), 
[debug] board[(4, 1)]=11, board[(4, 1)]=11, 
[debug] board state:
[[ 1 10 14 15]
 [15 15 13  2]
 [15 15 12 15]
 [ 4  6  7 15]
 [15 11 15  2]
 [ 5 15  5 15]
 [15  4 13  6]
 [15  0 15 11]], 

=11 

=16 

[debug] move action_id=20, action=((0, 1), (0, 2)), 
[debug] current_player=0 (R), 
[debug] board[(0, 1)]=14, board[(0, 2)]=10, 
[debug] board state:
[[ 1 14 10 15]
 [15 15 13  2]
 [15 15 12 15]
 [ 4  6  7 15]
 [15 11 15  2]
 [ 5 15  5 15]
 [15  4 13  6]
 [15  0 15 11]], 

=10 

=16 

=12 c1 c1

[debug] move action_id=330, action=((7, 2), (7, 2)), 
[debug] current_player=1 (B), 
[debug] board[(7, 2)]=13, board[(7, 2)]=13, 
[debug] board state:
[[ 1 14 10 15]
 [15 15 13  2]
 [15 15 12 15]
 [ 4  6  7 15]
 [15 11 15  2]
 [ 5 15  5 15]
 [15  4 13  6]
 [15  0 13 11]], 

=11 

=16 

[debug] move action_id=31, action=((0, 2), (0, 1)), 
[debug] current_player=0 (R), 
[debug] board[(0, 2)]=14, board[(0, 1)]=10, 
[debug] board state:
[[ 1 10 14 15]
 [15 15 13  2]
 [15 15 12 15]
 [ 4  6  7 15]
 [15 11 15  2]
 [ 5 15  5 15]
 [15  4 13  6]
 [15  0 13 11]], 

=10 

=16 

=12 a2 a2

[debug] move action_id=264, action=((6, 0), (6, 0)), 
[debug] current_player=1 (B), 
[debug] board[(6, 0)]=3, board[(6, 0)]=3, 
[debug] board state:
[[ 1 10 14 15]
 [15 15 13  2]
 [15 15 12 15]
 [ 4  6  7 15]
 [15 11 15  2]
 [ 5 15  5 15]
 [ 3  4 13  6]
 [15  0 13 11]], 

=11 

=16 

[debug] move action_id=20, action=((0, 1), (0, 2)), 
[debug] current_player=0 (R), 
[debug] board[(0, 1)]=14, board[(0, 2)]=10, 
[debug] board state:
[[ 1 14 10 15]
 [15 15 13  2]
 [15 15 12 15]
 [ 4  6  7 15]
 [15 11 15  2]
 [ 5 15  5 15]
 [ 3  4 13  6]
 [15  0 13 11]], 

=10 

=16 

=12 c4 c4

[debug] move action_id=198, action=((4, 2), (4, 2)), 
[debug] current_player=1 (B), 
[debug] board[(4, 2)]=6, board[(4, 2)]=6, 
[debug] board state:
[[ 1 14 10 15]
 [15 15 13  2]
 [15 15 12 15]
 [ 4  6  7 15]
 [15 11  6  2]
 [ 5 15  5 15]
 [ 3  4 13  6]
 [15  0 13 11]], 

=11 

=16 

[debug] move action_id=31, action=((0, 2), (0, 1)), 
[debug] current_player=0 (R), 
[debug] board[(0, 2)]=14, board[(0, 1)]=10, 
[debug] board state:
[[ 1 10 14 15]
 [15 15 13  2]
 [15 15 12 15]
 [ 4  6  7 15]
 [15 11  6  2]
 [ 5 15  5 15]
 [ 3  4 13  6]
 [15  0 13 11]], 

=10 

=16 

=12 d3 d3

[debug] move action_id=253, action=((5, 3), (5, 3)), 
[debug] current_player=1 (B), 
[debug] board[(5, 3)]=8, board[(5, 3)]=8, 
[debug] board state:
[[ 1 10 14 15]
 [15 15 13  2]
 [15 15 12 15]
 [ 4  6  7 15]
 [15 11  6  2]
 [ 5 15  5  8]
 [ 3  4 13  6]
 [15  0 13 11]], 

=11 

=16 

[debug] move action_id=20, action=((0, 1), (0, 2)), 
[debug] current_player=0 (R), 
[debug] board[(0, 1)]=14, board[(0, 2)]=10, 
[debug] board state:
[[ 1 14 10 15]
 [15 15 13  2]
 [15 15 12 15]
 [ 4  6  7 15]
 [15 11  6  2]
 [ 5 15  5  8]
 [ 3  4 13  6]
 [15  0 13 11]], 

=10 

=16 

=12 b7 b7

[debug] move action_id=55, action=((1, 1), (1, 1)), 
[debug] current_player=1 (B), 
[debug] board[(1, 1)]=13, board[(1, 1)]=13, 
[debug] board state:
[[ 1 14 10 15]
 [15 13 13  2]
 [15 15 12 15]
 [ 4  6  7 15]
 [15 11  6  2]
 [ 5 15  5  8]
 [ 3  4 13  6]
 [15  0 13 11]], 

=11 

=16 

[debug] move action_id=12, action=((1, 1), (0, 1)), 
[debug] current_player=0 (R), 
[debug] board[(1, 1)]=14, board[(0, 1)]=13, 
[debug] board state:
[[ 1 13 10 15]
 [15 14 13  2]
 [15 15 12 15]
 [ 4  6  7 15]
 [15 11  6  2]
 [ 5 15  5  8]
 [ 3  4 13  6]
 [15  0 13 11]], 

=10 

=16 

=12 d8 d8

[debug] move action_id=33, action=((0, 3), (0, 3)), 
[debug] current_player=1 (B), 
[debug] board[(0, 3)]=1, board[(0, 3)]=1, 
[debug] board state:
[[ 1 13 10  1]
 [15 14 13  2]
 [15 15 12 15]
 [ 4  6  7 15]
 [15 11  6  2]
 [ 5 15  5  8]
 [ 3  4 13  6]
 [15  0 13 11]], 

=11 

=16 

[debug] move action_id=44, action=((1, 0), (1, 0)), 
[debug] current_player=0 (R), 
[debug] board[(1, 0)]=9, board[(1, 0)]=9, 
[debug] board state:
[[ 1 13 10  1]
 [ 9 14 13  2]
 [15 15 12 15]
 [ 4  6  7 15]
 [15 11  6  2]
 [ 5 15  5  8]
 [ 3  4 13  6]
 [15  0 13 11]], 

=11 

=16 

=12 c4 c5

[debug] move action_id=158, action=((4, 2), (3, 2)), 
[debug] current_player=1 (B), 
[debug] board[(4, 2)]=14, board[(3, 2)]=6, 
[debug] board state:
[[ 1 13 10  1]
 [ 9 14 13  2]
 [15 15 12 15]
 [ 4  6  6 15]
 [15 11 14  2]
 [ 5 15  5  8]
 [ 3  4 13  6]
 [15  0 13 11]], 

=10 

=16 

[debug] move action_id=52, action=((1, 0), (1, 1)), 
[debug] current_player=0 (R), 
[debug] board[(1, 0)]=14, board[(1, 1)]=9, 
[debug] board state:
[[ 1 13 10  1]
 [14  9 13  2]
 [15 15 12 15]
 [ 4  6  6 15]
 [15 11 14  2]
 [ 5 15  5  8]
 [ 3  4 13  6]
 [15  0 13 11]], 

=10 

=16 

=12 d4 c4

[debug] move action_id=219, action=((4, 3), (4, 2)), 
[debug] current_player=1 (B), 
[debug] board[(4, 3)]=14, board[(4, 2)]=2, 
[debug] board state:
[[ 1 13 10  1]
 [14  9 13  2]
 [15 15 12 15]
 [ 4  6  6 15]
 [15 11  2 14]
 [ 5 15  5  8]
 [ 3  4 13  6]
 [15  0 13 11]], 

=10 

=16 

[debug] move action_id=63, action=((1, 1), (1, 0)), 
[debug] current_player=0 (R), 
[debug] board[(1, 1)]=14, board[(1, 0)]=9, 
[debug] board state:
[[ 1 13 10  1]
 [ 9 14 13  2]
 [15 15 12 15]
 [ 4  6  6 15]
 [15 11  2 14]
 [ 5 15  5  8]
 [ 3  4 13  6]
 [15  0 13 11]], 

=10 

=16 

=12 b3 b3

[debug] move action_id=231, action=((5, 1), (5, 1)), 
[debug] current_player=1 (B), 
[debug] board[(5, 1)]=10, board[(5, 1)]=10, 
[debug] board state:
[[ 1 13 10  1]
 [ 9 14 13  2]
 [15 15 12 15]
 [ 4  6  6 15]
 [15 11  2 14]
 [ 5 10  5  8]
 [ 3  4 13  6]
 [15  0 13 11]], 

=11 

=16 

[debug] move action_id=52, action=((1, 0), (1, 1)), 
[debug] current_player=0 (R), 
[debug] board[(1, 0)]=14, board[(1, 1)]=9, 
[debug] board state:
[[ 1 13 10  1]
 [14  9 13  2]
 [15 15 12 15]
 [ 4  6  6 15]
 [15 11  2 14]
 [ 5 10  5  8]
 [ 3  4 13  6]
 [15  0 13 11]], 

=10 

=16 

=12 c4 b4

[debug] move action_id=207, action=((4, 2), (4, 1)), 
[debug] current_player=1 (B), 
[debug] board[(4, 2)]=14, board[(4, 1)]=2, 
[debug] board state:
[[ 1 13 10  1]
 [14  9 13  2]
 [15 15 12 15]
 [ 4  6  6 15]
 [15  2 14 14]
 [ 5 10  5  8]
 [ 3  4 13  6]
 [15  0 13 11]], 

=10 

=16 

[debug] move action_id=63, action=((1, 1), (1, 0)), 
[debug] current_player=0 (R), 
[debug] board[(1, 1)]=14, board[(1, 0)]=9, 
[debug] board state:
[[ 1 13 10  1]
 [ 9 14 13  2]
 [15 15 12 15]
 [ 4  6  6 15]
 [15  2 14 14]
 [ 5 10  5  8]
 [ 3  4 13  6]
 [15  0 13 11]], 

=10 

=16 

=12 b4 c4

[debug] move action_id=196, action=((4, 1), (4, 2)), 
[debug] current_player=1 (B), 
[debug] board[(4, 1)]=14, board[(4, 2)]=2, 
[debug] board state:
[[ 1 13 10  1]
 [ 9 14 13  2]
 [15 15 12 15]
 [ 4  6  6 15]
 [15 14  2 14]
 [ 5 10  5  8]
 [ 3  4 13  6]
 [15  0 13 11]], 

=10 

=16 

[debug] move action_id=52, action=((1, 0), (1, 1)), 
[debug] current_player=0 (R), 
[debug] board[(1, 0)]=14, board[(1, 1)]=9, 
[debug] board state:
[[ 1 13 10  1]
 [14  9 13  2]
 [15 15 12 15]
 [ 4  6  6 15]
 [15 14  2 14]
 [ 5 10  5  8]
 [ 3  4 13  6]
 [15  0 13 11]], 

=10 

=16 

=12 c4 b4

[debug] move action_id=207, action=((4, 2), (4, 1)), 
[debug] current_player=1 (B), 
[debug] board[(4, 2)]=14, board[(4, 1)]=2, 
[debug] board state:
[[ 1 13 10  1]
 [14  9 13  2]
 [15 15 12 15]
 [ 4  6  6 15]
 [15  2 14 14]
 [ 5 10  5  8]
 [ 3  4 13  6]
 [15  0 13 11]], 

=10 

=16 

[debug] move action_id=63, action=((1, 1), (1, 0)), 
[debug] current_player=0 (R), 
[debug] board[(1, 1)]=14, board[(1, 0)]=9, 
[debug] board state:
[[ 1 13 10  1]
 [ 9 14 13  2]
 [15 15 12 15]
 [ 4  6  6 15]
 [15  2 14 14]
 [ 5 10  5  8]
 [ 3  4 13  6]
 [15  0 13 11]], 

=10 

=16 

=12 c3 c4

[debug] move action_id=203, action=((5, 2), (4, 2)), 
[debug] current_player=1 (B), 
[debug] board[(5, 2)]=14, board[(4, 2)]=5, 
[debug] board state:
[[ 1 13 10  1]
 [ 9 14 13  2]
 [15 15 12 15]
 [ 4  6  6 15]
 [15  2  5 14]
 [ 5 10 14  8]
 [ 3  4 13  6]
 [15  0 13 11]], 

=10 

=16 

[debug] move action_id=52, action=((1, 0), (1, 1)), 
[debug] current_player=0 (R), 
[debug] board[(1, 0)]=14, board[(1, 1)]=9, 
[debug] board state:
[[ 1 13 10  1]
 [14  9 13  2]
 [15 15 12 15]
 [ 4  6  6 15]
 [15  2  5 14]
 [ 5 10 14  8]
 [ 3  4 13  6]
 [15  0 13 11]], 

=10 

=16 

=12 c4 c3

[debug] move action_id=247, action=((4, 2), (5, 2)), 
[debug] current_player=1 (B), 
[debug] board[(4, 2)]=14, board[(5, 2)]=5, 
[debug] board state:
[[ 1 13 10  1]
 [14  9 13  2]
 [15 15 12 15]
 [ 4  6  6 15]
 [15  2 14 14]
 [ 5 10  5  8]
 [ 3  4 13  6]
 [15  0 13 11]], 

=10 

=16 

[debug] move action_id=63, action=((1, 1), (1, 0)), 
[debug] current_player=0 (R), 
[debug] board[(1, 1)]=14, board[(1, 0)]=9, 
[debug] board state:
[[ 1 13 10  1]
 [ 9 14 13  2]
 [15 15 12 15]
 [ 4  6  6 15]
 [15  2 14 14]
 [ 5 10  5  8]
 [ 3  4 13  6]
 [15  0 13 11]], 

=10 

=16 

=12 c3 c4

[debug] move action_id=203, action=((5, 2), (4, 2)), 
[debug] current_player=1 (B), 
[debug] board[(5, 2)]=14, board[(4, 2)]=5, 
[debug] board state:
[[ 1 13 10  1]
 [ 9 14 13  2]
 [15 15 12 15]
 [ 4  6  6 15]
 [15  2  5 14]
 [ 5 10 14  8]
 [ 3  4 13  6]
 [15  0 13 11]], 

=10 

=16 

[debug] move action_id=52, action=((1, 0), (1, 1)), 
[debug] current_player=0 (R), 
[debug] board[(1, 0)]=14, board[(1, 1)]=9, 
[debug] board state:
[[ 1 13 10  1]
 [14  9 13  2]
 [15 15 12 15]
 [ 4  6  6 15]
 [15  2  5 14]
 [ 5 10 14  8]
 [ 3  4 13  6]
 [15  0 13 11]], 

=10 

=16 

=12 c4 c3

[debug] move action_id=247, action=((4, 2), (5, 2)), 
[debug] current_player=1 (B), 
[debug] board[(4, 2)]=14, board[(5, 2)]=5, 
[debug] board state:
[[ 1 13 10  1]
 [14  9 13  2]
 [15 15 12 15]
 [ 4  6  6 15]
 [15  2 14 14]
 [ 5 10  5  8]
 [ 3  4 13  6]
 [15  0 13 11]], 

=10 

=16 

[debug] move action_id=63, action=((1, 1), (1, 0)), 
[debug] current_player=0 (R), 
[debug] board[(1, 1)]=14, board[(1, 0)]=9, 
[debug] board state:
[[ 1 13 10  1]
 [ 9 14 13  2]
 [15 15 12 15]
 [ 4  6  6 15]
 [15  2 14 14]
 [ 5 10  5  8]
 [ 3  4 13  6]
 [15  0 13 11]], 

=10 

=16 

=12 c3 c4

[debug] move action_id=203, action=((5, 2), (4, 2)), 
[debug] current_player=1 (B), 
[debug] board[(5, 2)]=14, board[(4, 2)]=5, 
[debug] board state:
[[ 1 13 10  1]
 [ 9 14 13  2]
 [15 15 12 15]
 [ 4  6  6 15]
 [15  2  5 14]
 [ 5 10 14  8]
 [ 3  4 13  6]
 [15  0 13 11]], 

=10 

=16 

[debug] move action_id=52, action=((1, 0), (1, 1)), 
[debug] current_player=0 (R), 
[debug] board[(1, 0)]=14, board[(1, 1)]=9, 
[debug] board state:
[[ 1 13 10  1]
 [14  9 13  2]
 [15 15 12 15]
 [ 4  6  6 15]
 [15  2  5 14]
 [ 5 10 14  8]
 [ 3  4 13  6]
 [15  0 13 11]], 

=10 

=16 

=12 c4 c3

[debug] move action_id=247, action=((4, 2), (5, 2)), 
[debug] current_player=1 (B), 
[debug] board[(4, 2)]=14, board[(5, 2)]=5, 
[debug] board state:
[[ 1 13 10  1]
 [14  9 13  2]
 [15 15 12 15]
 [ 4  6  6 15]
 [15  2 14 14]
 [ 5 10  5  8]
 [ 3  4 13  6]
 [15  0 13 11]], 

=10 

=16 


# 10 12 46 48 82 84 118 120 154 156 190 192 226 228 262 264 298 300 334 336 370 372 406 408 442 444 478 480 514 516 550 552 586 588 622 624 658 660 694 696 730 732 766 768 802 804 838 840 874 876 910 912 946 948 982 984 1018 1020 1054 1056 1090 1092 1126 1128 1162 1164 #
/home/ntcucsk201/anaconda3/envs/darkchess/lib/python3.10/site-packages/treevalue/tree/integration/torch.py:23: FutureWarning: `torch.utils._pytree._register_pytree_node` is deprecated. Please use `torch.utils._pytree.register_pytree_node` instead.
  register_for_torch(TreeValue)
/home/ntcucsk201/anaconda3/envs/darkchess/lib/python3.10/site-packages/treevalue/tree/integration/torch.py:24: FutureWarning: `torch.utils._pytree._register_pytree_node` is deprecated. Please use `torch.utils._pytree.register_pytree_node` instead.
  register_for_torch(FastTreeValue)
Gym has been unmaintained since 2022 and does not support NumPy 2.0 amongst other critical functionality.
Please upgrade to Gymnasium, the maintained drop-in replacement of Gym, or contact the authors of your software and request that they upgrade.
See the migration guide at https://gymnasium.farama.org/introduction/migration_guide/ for additional information.
[DEBUG] Config loaded successfully
/home/ntcucsk201/DarkChess/LightZero/zoo/board_games/darkchess/muzero_mgtp.py:38: FutureWarning: You are using `torch.load` with `weights_only=False` (the current default value), which uses the default pickle module implicitly. It is possible to construct malicious pickle data which will execute arbitrary code during unpickling (See https://github.com/pytorch/pytorch/blob/main/SECURITY.md#untrusted-models for more details). In a future release, the default value for `weights_only` will be flipped to `True`. This limits the functions that could be executed during unpickling. Arbitrary objects will no longer be allowed to be loaded via this mode unless they are explicitly allowlisted by the user via `torch.serialization.add_safe_globals`. We recommend you start setting `weights_only=True` for any use case where you don't have full control of the loaded file. Please open an issue on GitHub for any issues related to this experimental feature.
  checkpoint = torch.load(model_path, map_location='cpu')
[DEBUG] Model moved to device: cuda:0

###
Account: a0_mu
Mode: MGTP
Path: /home/ntcucsk201/anaconda3/envs/darkchess/bin/python
Arg: /home/ntcucsk201/DarkChess/LightZero/zoo/board_games/darkchess/muzero_mgtp.py -model_path /home/ntcucsk201/DarkChess/LightZero/zoo/board_games/darkchess/data_muzero/darkchess_muzero_ns1000_upc50_rer0.0_bs512/ckpt/ckpt_best.pth.tar -config_path /home/ntcucsk201/DarkChess/LightZero/zoo/board_games/darkchess/data_muzero/darkchess_muzero_ns1000_upc50_rer0.0_bs512/formatted_total_config.py
Name: LightZero_DarkChess
Version: 1.0.0
###
