INITIAL
* 0:30am Feb 23, 2026
* a0_mu vs a1_alphazero
* 1 2 2 2 2 2 5 1 2 2 2 2 2 5
* X X X X
* X X X X
* X X X X
* X X X X
* X X X X
* X X X X
* X X X X
* X X X X
* first 1
* time 900
* 1. b1(g) a8(M)
* 2. c7(C) b8(r)
* 3. b5(R) a8-b8
* 4. c6(c) b8-a8
* 5. a5(m) a8-b8
* 6. c5(n) b8-a8
* 7. c4(R) a8-b8
* 8. d2(G) b8-a8
* 9. d7(r) a8-b8
* 10. c3(k) b8-a8
* 11. d1(p) a8-b8
* 12. d4(P) b8-a8
* 13. a3(C) a8-b8
* 14. b7(m) b8-a8
* 15. b7-c7 a8-b8
* 16. d6(K) b8-a8
* 17. b6(n) a8-b8
* 18. b3(g) b8-a8
* 19. a1(P) a8-b8
* 20. b2(G) b8-a8
* 21. c2(p) a8-b8
* 22. b4(P) b8-a8
* 23. d3(p) a8-b8
* 24. c7-b7 b8-a8
* 25. d5(P) a8-b8
* 26. c5-d5 b8-a8
* 27. c6-c7 a8-b8
* 28. d5-c5 b8-a8
* 29. a2(N) a8-b8
* 30. b3-a3 b8-a8
* 31. c5-d5 a8-b8
* 32. c3-b3 b8-a8
* 33. d3-c3 a8-b8
* 34. d5-c5 b8-a8
* 35. b7-b8 a8-b8
* 36. a4(c) b8-a8
* 37. a3-a2 a8-b8
* 38. a2-a3 b8-a8
* 39. a3-a2 a8-b8
* 40. a2-a3 b8-a8
* 41. a3-a2 a8-b8
* 42. a2-a3 b8-a8
* 43. a3-a2
* PositionRepetitionDraw,3,4 a0_mu Draw 0.500000,0.500000
* Comment 0 0
0. 1771777851031
1. 1771777851031
2. 1771777851578
3. 1771777853526
4. 1771777853933
5. 1771777855881
6. 1771777856289
7. 1771777858236
8. 1771777858645
9. 1771777860593
10. 1771777861000
11. 1771777862949
12. 1771777863356
13. 1771777865304
14. 1771777865711
15. 1771777867660
16. 1771777868065
17. 1771777870016
18. 1771777870420
19. 1771777872422
20. 1771777872825
21. 1771777874828
22. 1771777875231
23. 1771777877234
24. 1771777877636
25. 1771777879589
26. 1771777879990
27. 1771777881994
28. 1771777882395
29. 1771777884348
30. 1771777884749
31. 1771777886753
32. 1771777887153
33. 1771777889107
34. 1771777889507
35. 1771777891513
36. 1771777891912
37. 1771777893919
38. 1771777894316
39. 1771777896325
40. 1771777896720
41. 1771777898681
42. 1771777899075
43. 1771777901086
44. 1771777901480
45. 1771777903490
46. 1771777903883
47. 1771777905845
48. 1771777906287
49. 1771777908250
50. 1771777908691
51. 1771777910703
52. 1771777911096
53. 1771777913055
54. 1771777913450
55. 1771777915459
56. 1771777915854
57. 1771777917863
58. 1771777918258
59. 1771777920267
60. 1771777920662
61. 1771777922671
62. 1771777923066
63. 1771777925076
64. 1771777925471
65. 1771777927480
66. 1771777927875
67. 1771777929884
68. 1771777930280
69. 1771777932289
70. 1771777932684
71. 1771777934694
72. 1771777935088
73. 1771777937098
74. 1771777937492
75. 1771777939504
76. 1771777939897
77. 1771777941909
78. 1771777942303
79. 1771777944314
80. 1771777944757
81. 1771777946770
82. 1771777947212
83. 1771777949226
84. 1771777949667
85. 1771777951681

# 10 12 46 48 82 84 118 120 154 156 190 192 226 228 262 264 298 300 334 336 370 372 406 408 442 444 478 480 514 516 550 552 586 588 622 624 658 660 694 696 730 732 766 768 802 804 838 840 874 876 910 912 946 948 982 984 1018 1020 1054 1056 1090 1092 1126 1128 1162 1164 1198 1200 1234 1236 1270 1272 1306 1308 1342 1344 1378 1380 1414 1416 1450 1452 1486 1488 1522 1524 #
LightZero MGTP Interface Ready
=1 LightZero_DarkChess

=2 1.0.0

=7 

=15 

=14 

=12 b1 b1

[debug] move action_id=319, action=((7, 1), (7, 1)), 
[debug] current_player=1 (R), 
[debug] board[(7, 1)]=8, board[(7, 1)]=8, 
[debug] board state:
[[15 15 15 15]
 [15 15 15 15]
 [15 15 15 15]
 [15 15 15 15]
 [15 15 15 15]
 [15 15 15 15]
 [15 15 15 15]
 [15  8 15 15]], 

=11 

=16 

[debug] move action_id=0, action=((0, 0), (0, 0)), 
[debug] current_player=0 (B), 
[debug] board[(0, 0)]=2, board[(0, 0)]=2, 
[debug] board state:
[[ 2 15 15 15]
 [15 15 15 15]
 [15 15 15 15]
 [15 15 15 15]
 [15 15 15 15]
 [15 15 15 15]
 [15 15 15 15]
 [15  8 15 15]], 

=11 

=16 

=12 c7 c7

[debug] move action_id=66, action=((1, 2), (1, 2)), 
[debug] current_player=1 (R), 
[debug] board[(1, 2)]=5, board[(1, 2)]=5, 
[debug] board state:
[[ 2 15 15 15]
 [15 15  5 15]
 [15 15 15 15]
 [15 15 15 15]
 [15 15 15 15]
 [15 15 15 15]
 [15 15 15 15]
 [15  8 15 15]], 

=11 

=16 

[debug] move action_id=11, action=((0, 1), (0, 1)), 
[debug] current_player=0 (B), 
[debug] board[(0, 1)]=10, board[(0, 1)]=10, 
[debug] board state:
[[ 2 10 15 15]
 [15 15  5 15]
 [15 15 15 15]
 [15 15 15 15]
 [15 15 15 15]
 [15 15 15 15]
 [15 15 15 15]
 [15  8 15 15]], 

=11 

=16 

=12 b5 b5

[debug] move action_id=143, action=((3, 1), (3, 1)), 
[debug] current_player=1 (R), 
[debug] board[(3, 1)]=3, board[(3, 1)]=3, 
[debug] board state:
[[ 2 10 15 15]
 [15 15  5 15]
 [15 15 15 15]
 [15  3 15 15]
 [15 15 15 15]
 [15 15 15 15]
 [15 15 15 15]
 [15  8 15 15]], 

=11 

=16 

[debug] move action_id=8, action=((0, 0), (0, 1)), 
[debug] current_player=0 (B), 
[debug] board[(0, 0)]=14, board[(0, 1)]=2, 
[debug] board state:
[[14  2 15 15]
 [15 15  5 15]
 [15 15 15 15]
 [15  3 15 15]
 [15 15 15 15]
 [15 15 15 15]
 [15 15 15 15]
 [15  8 15 15]], 

=10 

=16 

=12 c6 c6

[debug] move action_id=110, action=((2, 2), (2, 2)), 
[debug] current_player=1 (R), 
[debug] board[(2, 2)]=12, board[(2, 2)]=12, 
[debug] board state:
[[14  2 15 15]
 [15 15  5 15]
 [15 15 12 15]
 [15  3 15 15]
 [15 15 15 15]
 [15 15 15 15]
 [15 15 15 15]
 [15  8 15 15]], 

=11 

=16 

[debug] move action_id=19, action=((0, 1), (0, 0)), 
[debug] current_player=0 (B), 
[debug] board[(0, 1)]=14, board[(0, 0)]=2, 
[debug] board state:
[[ 2 14 15 15]
 [15 15  5 15]
 [15 15 12 15]
 [15  3 15 15]
 [15 15 15 15]
 [15 15 15 15]
 [15 15 15 15]
 [15  8 15 15]], 

=10 

=16 

=12 a5 a5

[debug] move action_id=132, action=((3, 0), (3, 0)), 
[debug] current_player=1 (R), 
[debug] board[(3, 0)]=9, board[(3, 0)]=9, 
[debug] board state:
[[ 2 14 15 15]
 [15 15  5 15]
 [15 15 12 15]
 [ 9  3 15 15]
 [15 15 15 15]
 [15 15 15 15]
 [15 15 15 15]
 [15  8 15 15]], 

=11 

=16 

[debug] move action_id=8, action=((0, 0), (0, 1)), 
[debug] current_player=0 (B), 
[debug] board[(0, 0)]=14, board[(0, 1)]=2, 
[debug] board state:
[[14  2 15 15]
 [15 15  5 15]
 [15 15 12 15]
 [ 9  3 15 15]
 [15 15 15 15]
 [15 15 15 15]
 [15 15 15 15]
 [15  8 15 15]], 

=10 

=16 

=12 c5 c5

[debug] move action_id=154, action=((3, 2), (3, 2)), 
[debug] current_player=1 (R), 
[debug] board[(3, 2)]=11, board[(3, 2)]=11, 
[debug] board state:
[[14  2 15 15]
 [15 15  5 15]
 [15 15 12 15]
 [ 9  3 11 15]
 [15 15 15 15]
 [15 15 15 15]
 [15 15 15 15]
 [15  8 15 15]], 

=11 

=16 

[debug] move action_id=19, action=((0, 1), (0, 0)), 
[debug] current_player=0 (B), 
[debug] board[(0, 1)]=14, board[(0, 0)]=2, 
[debug] board state:
[[ 2 14 15 15]
 [15 15  5 15]
 [15 15 12 15]
 [ 9  3 11 15]
 [15 15 15 15]
 [15 15 15 15]
 [15 15 15 15]
 [15  8 15 15]], 

=10 

=16 

=12 c4 c4

[debug] move action_id=198, action=((4, 2), (4, 2)), 
[debug] current_player=1 (R), 
[debug] board[(4, 2)]=3, board[(4, 2)]=3, 
[debug] board state:
[[ 2 14 15 15]
 [15 15  5 15]
 [15 15 12 15]
 [ 9  3 11 15]
 [15 15  3 15]
 [15 15 15 15]
 [15 15 15 15]
 [15  8 15 15]], 

=11 

=16 

[debug] move action_id=8, action=((0, 0), (0, 1)), 
[debug] current_player=0 (B), 
[debug] board[(0, 0)]=14, board[(0, 1)]=2, 
[debug] board state:
[[14  2 15 15]
 [15 15  5 15]
 [15 15 12 15]
 [ 9  3 11 15]
 [15 15  3 15]
 [15 15 15 15]
 [15 15 15 15]
 [15  8 15 15]], 

=10 

=16 

=12 d2 d2

[debug] move action_id=297, action=((6, 3), (6, 3)), 
[debug] current_player=1 (R), 
[debug] board[(6, 3)]=1, board[(6, 3)]=1, 
[debug] board state:
[[14  2 15 15]
 [15 15  5 15]
 [15 15 12 15]
 [ 9  3 11 15]
 [15 15  3 15]
 [15 15 15 15]
 [15 15 15  1]
 [15  8 15 15]], 

=11 

=16 

[debug] move action_id=19, action=((0, 1), (0, 0)), 
[debug] current_player=0 (B), 
[debug] board[(0, 1)]=14, board[(0, 0)]=2, 
[debug] board state:
[[ 2 14 15 15]
 [15 15  5 15]
 [15 15 12 15]
 [ 9  3 11 15]
 [15 15  3 15]
 [15 15 15 15]
 [15 15 15  1]
 [15  8 15 15]], 

=10 

=16 

=12 d7 d7

[debug] move action_id=77, action=((1, 3), (1, 3)), 
[debug] current_player=1 (R), 
[debug] board[(1, 3)]=10, board[(1, 3)]=10, 
[debug] board state:
[[ 2 14 15 15]
 [15 15  5 10]
 [15 15 12 15]
 [ 9  3 11 15]
 [15 15  3 15]
 [15 15 15 15]
 [15 15 15  1]
 [15  8 15 15]], 

=11 

=16 

[debug] move action_id=8, action=((0, 0), (0, 1)), 
[debug] current_player=0 (B), 
[debug] board[(0, 0)]=14, board[(0, 1)]=2, 
[debug] board state:
[[14  2 15 15]
 [15 15  5 10]
 [15 15 12 15]
 [ 9  3 11 15]
 [15 15  3 15]
 [15 15 15 15]
 [15 15 15  1]
 [15  8 15 15]], 

=10 

=16 

=12 c3 c3

[debug] move action_id=242, action=((5, 2), (5, 2)), 
[debug] current_player=1 (R), 
[debug] board[(5, 2)]=7, board[(5, 2)]=7, 
[debug] board state:
[[14  2 15 15]
 [15 15  5 10]
 [15 15 12 15]
 [ 9  3 11 15]
 [15 15  3 15]
 [15 15  7 15]
 [15 15 15  1]
 [15  8 15 15]], 

=11 

=16 

[debug] move action_id=19, action=((0, 1), (0, 0)), 
[debug] current_player=0 (B), 
[debug] board[(0, 1)]=14, board[(0, 0)]=2, 
[debug] board state:
[[ 2 14 15 15]
 [15 15  5 10]
 [15 15 12 15]
 [ 9  3 11 15]
 [15 15  3 15]
 [15 15  7 15]
 [15 15 15  1]
 [15  8 15 15]], 

=10 

=16 

=12 d1 d1

[debug] move action_id=341, action=((7, 3), (7, 3)), 
[debug] current_player=1 (R), 
[debug] board[(7, 3)]=13, board[(7, 3)]=13, 
[debug] board state:
[[ 2 14 15 15]
 [15 15  5 10]
 [15 15 12 15]
 [ 9  3 11 15]
 [15 15  3 15]
 [15 15  7 15]
 [15 15 15  1]
 [15  8 15 13]], 

=11 

=16 

[debug] move action_id=8, action=((0, 0), (0, 1)), 
[debug] current_player=0 (B), 
[debug] board[(0, 0)]=14, board[(0, 1)]=2, 
[debug] board state:
[[14  2 15 15]
 [15 15  5 10]
 [15 15 12 15]
 [ 9  3 11 15]
 [15 15  3 15]
 [15 15  7 15]
 [15 15 15  1]
 [15  8 15 13]], 

=10 

=16 

=12 d4 d4

[debug] move action_id=209, action=((4, 3), (4, 3)), 
[debug] current_player=1 (R), 
[debug] board[(4, 3)]=6, board[(4, 3)]=6, 
[debug] board state:
[[14  2 15 15]
 [15 15  5 10]
 [15 15 12 15]
 [ 9  3 11 15]
 [15 15  3  6]
 [15 15  7 15]
 [15 15 15  1]
 [15  8 15 13]], 

=11 

=16 

[debug] move action_id=19, action=((0, 1), (0, 0)), 
[debug] current_player=0 (B), 
[debug] board[(0, 1)]=14, board[(0, 0)]=2, 
[debug] board state:
[[ 2 14 15 15]
 [15 15  5 10]
 [15 15 12 15]
 [ 9  3 11 15]
 [15 15  3  6]
 [15 15  7 15]
 [15 15 15  1]
 [15  8 15 13]], 

=10 

=16 

=12 a3 a3

[debug] move action_id=220, action=((5, 0), (5, 0)), 
[debug] current_player=1 (R), 
[debug] board[(5, 0)]=5, board[(5, 0)]=5, 
[debug] board state:
[[ 2 14 15 15]
 [15 15  5 10]
 [15 15 12 15]
 [ 9  3 11 15]
 [15 15  3  6]
 [ 5 15  7 15]
 [15 15 15  1]
 [15  8 15 13]], 

=11 

=16 

[debug] move action_id=8, action=((0, 0), (0, 1)), 
[debug] current_player=0 (B), 
[debug] board[(0, 0)]=14, board[(0, 1)]=2, 
[debug] board state:
[[14  2 15 15]
 [15 15  5 10]
 [15 15 12 15]
 [ 9  3 11 15]
 [15 15  3  6]
 [ 5 15  7 15]
 [15 15 15  1]
 [15  8 15 13]], 

=10 

=16 

=12 b7 b7

[debug] move action_id=55, action=((1, 1), (1, 1)), 
[debug] current_player=1 (R), 
[debug] board[(1, 1)]=9, board[(1, 1)]=9, 
[debug] board state:
[[14  2 15 15]
 [15  9  5 10]
 [15 15 12 15]
 [ 9  3 11 15]
 [15 15  3  6]
 [ 5 15  7 15]
 [15 15 15  1]
 [15  8 15 13]], 

=11 

=16 

[debug] move action_id=19, action=((0, 1), (0, 0)), 
[debug] current_player=0 (B), 
[debug] board[(0, 1)]=14, board[(0, 0)]=2, 
[debug] board state:
[[ 2 14 15 15]
 [15  9  5 10]
 [15 15 12 15]
 [ 9  3 11 15]
 [15 15  3  6]
 [ 5 15  7 15]
 [15 15 15  1]
 [15  8 15 13]], 

=10 

=16 

=12 b7 c7

[debug] move action_id=64, action=((1, 1), (1, 2)), 
[debug] current_player=1 (R), 
[debug] board[(1, 1)]=14, board[(1, 2)]=9, 
[debug] board state:
[[ 2 14 15 15]
 [15 14  9 10]
 [15 15 12 15]
 [ 9  3 11 15]
 [15 15  3  6]
 [ 5 15  7 15]
 [15 15 15  1]
 [15  8 15 13]], 

=10 

=16 

[debug] move action_id=8, action=((0, 0), (0, 1)), 
[debug] current_player=0 (B), 
[debug] board[(0, 0)]=14, board[(0, 1)]=2, 
[debug] board state:
[[14  2 15 15]
 [15 14  9 10]
 [15 15 12 15]
 [ 9  3 11 15]
 [15 15  3  6]
 [ 5 15  7 15]
 [15 15 15  1]
 [15  8 15 13]], 

=10 

=16 

=12 d6 d6

[debug] move action_id=121, action=((2, 3), (2, 3)), 
[debug] current_player=1 (R), 
[debug] board[(2, 3)]=0, board[(2, 3)]=0, 
[debug] board state:
[[14  2 15 15]
 [15 14  9 10]
 [15 15 12  0]
 [ 9  3 11 15]
 [15 15  3  6]
 [ 5 15  7 15]
 [15 15 15  1]
 [15  8 15 13]], 

=11 

=16 

[debug] move action_id=19, action=((0, 1), (0, 0)), 
[debug] current_player=0 (B), 
[debug] board[(0, 1)]=14, board[(0, 0)]=2, 
[debug] board state:
[[ 2 14 15 15]
 [15 14  9 10]
 [15 15 12  0]
 [ 9  3 11 15]
 [15 15  3  6]
 [ 5 15  7 15]
 [15 15 15  1]
 [15  8 15 13]], 

=10 

=16 

=12 b6 b6

[debug] move action_id=99, action=((2, 1), (2, 1)), 
[debug] current_player=1 (R), 
[debug] board[(2, 1)]=11, board[(2, 1)]=11, 
[debug] board state:
[[ 2 14 15 15]
 [15 14  9 10]
 [15 11 12  0]
 [ 9  3 11 15]
 [15 15  3  6]
 [ 5 15  7 15]
 [15 15 15  1]
 [15  8 15 13]], 

=11 

=16 

[debug] move action_id=8, action=((0, 0), (0, 1)), 
[debug] current_player=0 (B), 
[debug] board[(0, 0)]=14, board[(0, 1)]=2, 
[debug] board state:
[[14  2 15 15]
 [15 14  9 10]
 [15 11 12  0]
 [ 9  3 11 15]
 [15 15  3  6]
 [ 5 15  7 15]
 [15 15 15  1]
 [15  8 15 13]], 

=10 

=16 

=12 b3 b3

[debug] move action_id=231, action=((5, 1), (5, 1)), 
[debug] current_player=1 (R), 
[debug] board[(5, 1)]=8, board[(5, 1)]=8, 
[debug] board state:
[[14  2 15 15]
 [15 14  9 10]
 [15 11 12  0]
 [ 9  3 11 15]
 [15 15  3  6]
 [ 5  8  7 15]
 [15 15 15  1]
 [15  8 15 13]], 

=11 

=16 

[debug] move action_id=19, action=((0, 1), (0, 0)), 
[debug] current_player=0 (B), 
[debug] board[(0, 1)]=14, board[(0, 0)]=2, 
[debug] board state:
[[ 2 14 15 15]
 [15 14  9 10]
 [15 11 12  0]
 [ 9  3 11 15]
 [15 15  3  6]
 [ 5  8  7 15]
 [15 15 15  1]
 [15  8 15 13]], 

=10 

=16 

=12 a1 a1

[debug] move action_id=308, action=((7, 0), (7, 0)), 
[debug] current_player=1 (R), 
[debug] board[(7, 0)]=6, board[(7, 0)]=6, 
[debug] board state:
[[ 2 14 15 15]
 [15 14  9 10]
 [15 11 12  0]
 [ 9  3 11 15]
 [15 15  3  6]
 [ 5  8  7 15]
 [15 15 15  1]
 [ 6  8 15 13]], 

=11 

=16 

[debug] move action_id=8, action=((0, 0), (0, 1)), 
[debug] current_player=0 (B), 
[debug] board[(0, 0)]=14, board[(0, 1)]=2, 
[debug] board state:
[[14  2 15 15]
 [15 14  9 10]
 [15 11 12  0]
 [ 9  3 11 15]
 [15 15  3  6]
 [ 5  8  7 15]
 [15 15 15  1]
 [ 6  8 15 13]], 

=10 

=16 

=12 b2 b2

[debug] move action_id=275, action=((6, 1), (6, 1)), 
[debug] current_player=1 (R), 
[debug] board[(6, 1)]=1, board[(6, 1)]=1, 
[debug] board state:
[[14  2 15 15]
 [15 14  9 10]
 [15 11 12  0]
 [ 9  3 11 15]
 [15 15  3  6]
 [ 5  8  7 15]
 [15  1 15  1]
 [ 6  8 15 13]], 

=11 

=16 

[debug] move action_id=19, action=((0, 1), (0, 0)), 
[debug] current_player=0 (B), 
[debug] board[(0, 1)]=14, board[(0, 0)]=2, 
[debug] board state:
[[ 2 14 15 15]
 [15 14  9 10]
 [15 11 12  0]
 [ 9  3 11 15]
 [15 15  3  6]
 [ 5  8  7 15]
 [15  1 15  1]
 [ 6  8 15 13]], 

=10 

=16 

=12 c2 c2

[debug] move action_id=286, action=((6, 2), (6, 2)), 
[debug] current_player=1 (R), 
[debug] board[(6, 2)]=13, board[(6, 2)]=13, 
[debug] board state:
[[ 2 14 15 15]
 [15 14  9 10]
 [15 11 12  0]
 [ 9  3 11 15]
 [15 15  3  6]
 [ 5  8  7 15]
 [15  1 13  1]
 [ 6  8 15 13]], 

=11 

=16 

[debug] move action_id=8, action=((0, 0), (0, 1)), 
[debug] current_player=0 (B), 
[debug] board[(0, 0)]=14, board[(0, 1)]=2, 
[debug] board state:
[[14  2 15 15]
 [15 14  9 10]
 [15 11 12  0]
 [ 9  3 11 15]
 [15 15  3  6]
 [ 5  8  7 15]
 [15  1 13  1]
 [ 6  8 15 13]], 

=10 

=16 

=12 b4 b4

[debug] move action_id=187, action=((4, 1), (4, 1)), 
[debug] current_player=1 (R), 
[debug] board[(4, 1)]=6, board[(4, 1)]=6, 
[debug] board state:
[[14  2 15 15]
 [15 14  9 10]
 [15 11 12  0]
 [ 9  3 11 15]
 [15  6  3  6]
 [ 5  8  7 15]
 [15  1 13  1]
 [ 6  8 15 13]], 

=11 

=16 

[debug] move action_id=19, action=((0, 1), (0, 0)), 
[debug] current_player=0 (B), 
[debug] board[(0, 1)]=14, board[(0, 0)]=2, 
[debug] board state:
[[ 2 14 15 15]
 [15 14  9 10]
 [15 11 12  0]
 [ 9  3 11 15]
 [15  6  3  6]
 [ 5  8  7 15]
 [15  1 13  1]
 [ 6  8 15 13]], 

=10 

=16 

=12 d3 d3

[debug] move action_id=253, action=((5, 3), (5, 3)), 
[debug] current_player=1 (R), 
[debug] board[(5, 3)]=13, board[(5, 3)]=13, 
[debug] board state:
[[ 2 14 15 15]
 [15 14  9 10]
 [15 11 12  0]
 [ 9  3 11 15]
 [15  6  3  6]
 [ 5  8  7 13]
 [15  1 13  1]
 [ 6  8 15 13]], 

=11 

=16 

[debug] move action_id=8, action=((0, 0), (0, 1)), 
[debug] current_player=0 (B), 
[debug] board[(0, 0)]=14, board[(0, 1)]=2, 
[debug] board state:
[[14  2 15 15]
 [15 14  9 10]
 [15 11 12  0]
 [ 9  3 11 15]
 [15  6  3  6]
 [ 5  8  7 13]
 [15  1 13  1]
 [ 6  8 15 13]], 

=10 

=16 

=12 c7 b7

[debug] move action_id=75, action=((1, 2), (1, 1)), 
[debug] current_player=1 (R), 
[debug] board[(1, 2)]=14, board[(1, 1)]=9, 
[debug] board state:
[[14  2 15 15]
 [15  9 14 10]
 [15 11 12  0]
 [ 9  3 11 15]
 [15  6  3  6]
 [ 5  8  7 13]
 [15  1 13  1]
 [ 6  8 15 13]], 

=10 

=16 

[debug] move action_id=19, action=((0, 1), (0, 0)), 
[debug] current_player=0 (B), 
[debug] board[(0, 1)]=14, board[(0, 0)]=2, 
[debug] board state:
[[ 2 14 15 15]
 [15  9 14 10]
 [15 11 12  0]
 [ 9  3 11 15]
 [15  6  3  6]
 [ 5  8  7 13]
 [15  1 13  1]
 [ 6  8 15 13]], 

=10 

=16 

=12 d5 d5

[debug] move action_id=165, action=((3, 3), (3, 3)), 
[debug] current_player=1 (R), 
[debug] board[(3, 3)]=6, board[(3, 3)]=6, 
[debug] board state:
[[ 2 14 15 15]
 [15  9 14 10]
 [15 11 12  0]
 [ 9  3 11  6]
 [15  6  3  6]
 [ 5  8  7 13]
 [15  1 13  1]
 [ 6  8 15 13]], 

=11 

=16 

[debug] move action_id=8, action=((0, 0), (0, 1)), 
[debug] current_player=0 (B), 
[debug] board[(0, 0)]=14, board[(0, 1)]=2, 
[debug] board state:
[[14  2 15 15]
 [15  9 14 10]
 [15 11 12  0]
 [ 9  3 11  6]
 [15  6  3  6]
 [ 5  8  7 13]
 [15  1 13  1]
 [ 6  8 15 13]], 

=10 

=16 

=12 c5 d5

[debug] move action_id=164, action=((3, 2), (3, 3)), 
[debug] current_player=1 (R), 
[debug] board[(3, 2)]=14, board[(3, 3)]=11, 
[debug] board state:
[[14  2 15 15]
 [15  9 14 10]
 [15 11 12  0]
 [ 9  3 14 11]
 [15  6  3  6]
 [ 5  8  7 13]
 [15  1 13  1]
 [ 6  8 15 13]], 

=10 

=16 

[debug] move action_id=19, action=((0, 1), (0, 0)), 
[debug] current_player=0 (B), 
[debug] board[(0, 1)]=14, board[(0, 0)]=2, 
[debug] board state:
[[ 2 14 15 15]
 [15  9 14 10]
 [15 11 12  0]
 [ 9  3 14 11]
 [15  6  3  6]
 [ 5  8  7 13]
 [15  1 13  1]
 [ 6  8 15 13]], 

=10 

=16 

=12 c6 c7

[debug] move action_id=68, action=((2, 2), (1, 2)), 
[debug] current_player=1 (R), 
[debug] board[(2, 2)]=14, board[(1, 2)]=12, 
[debug] board state:
[[ 2 14 15 15]
 [15  9 12 10]
 [15 11 14  0]
 [ 9  3 14 11]
 [15  6  3  6]
 [ 5  8  7 13]
 [15  1 13  1]
 [ 6  8 15 13]], 

=10 

=16 

[debug] move action_id=8, action=((0, 0), (0, 1)), 
[debug] current_player=0 (B), 
[debug] board[(0, 0)]=14, board[(0, 1)]=2, 
[debug] board state:
[[14  2 15 15]
 [15  9 12 10]
 [15 11 14  0]
 [ 9  3 14 11]
 [15  6  3  6]
 [ 5  8  7 13]
 [15  1 13  1]
 [ 6  8 15 13]], 

=10 

=16 

=12 d5 c5

[debug] move action_id=175, action=((3, 3), (3, 2)), 
[debug] current_player=1 (R), 
[debug] board[(3, 3)]=14, board[(3, 2)]=11, 
[debug] board state:
[[14  2 15 15]
 [15  9 12 10]
 [15 11 14  0]
 [ 9  3 11 14]
 [15  6  3  6]
 [ 5  8  7 13]
 [15  1 13  1]
 [ 6  8 15 13]], 

=10 

=16 

[debug] move action_id=19, action=((0, 1), (0, 0)), 
[debug] current_player=0 (B), 
[debug] board[(0, 1)]=14, board[(0, 0)]=2, 
[debug] board state:
[[ 2 14 15 15]
 [15  9 12 10]
 [15 11 14  0]
 [ 9  3 11 14]
 [15  6  3  6]
 [ 5  8  7 13]
 [15  1 13  1]
 [ 6  8 15 13]], 

=10 

=16 

=12 a2 a2

[debug] move action_id=264, action=((6, 0), (6, 0)), 
[debug] current_player=1 (R), 
[debug] board[(6, 0)]=4, board[(6, 0)]=4, 
[debug] board state:
[[ 2 14 15 15]
 [15  9 12 10]
 [15 11 14  0]
 [ 9  3 11 14]
 [15  6  3  6]
 [ 5  8  7 13]
 [ 4  1 13  1]
 [ 6  8 15 13]], 

=11 

=16 

[debug] move action_id=8, action=((0, 0), (0, 1)), 
[debug] current_player=0 (B), 
[debug] board[(0, 0)]=14, board[(0, 1)]=2, 
[debug] board state:
[[14  2 15 15]
 [15  9 12 10]
 [15 11 14  0]
 [ 9  3 11 14]
 [15  6  3  6]
 [ 5  8  7 13]
 [ 4  1 13  1]
 [ 6  8 15 13]], 

=10 

=16 

=12 b3 a3

[debug] move action_id=239, action=((5, 1), (5, 0)), 
[debug] current_player=1 (R), 
[debug] board[(5, 1)]=14, board[(5, 0)]=8, 
[debug] board state:
[[14  2 15 15]
 [15  9 12 10]
 [15 11 14  0]
 [ 9  3 11 14]
 [15  6  3  6]
 [ 8 14  7 13]
 [ 4  1 13  1]
 [ 6  8 15 13]], 

=10 

=16 

[debug] move action_id=19, action=((0, 1), (0, 0)), 
[debug] current_player=0 (B), 
[debug] board[(0, 1)]=14, board[(0, 0)]=2, 
[debug] board state:
[[ 2 14 15 15]
 [15  9 12 10]
 [15 11 14  0]
 [ 9  3 11 14]
 [15  6  3  6]
 [ 8 14  7 13]
 [ 4  1 13  1]
 [ 6  8 15 13]], 

=10 

=16 

=12 c5 d5

[debug] move action_id=164, action=((3, 2), (3, 3)), 
[debug] current_player=1 (R), 
[debug] board[(3, 2)]=14, board[(3, 3)]=11, 
[debug] board state:
[[ 2 14 15 15]
 [15  9 12 10]
 [15 11 14  0]
 [ 9  3 14 11]
 [15  6  3  6]
 [ 8 14  7 13]
 [ 4  1 13  1]
 [ 6  8 15 13]], 

=10 

=16 

[debug] move action_id=8, action=((0, 0), (0, 1)), 
[debug] current_player=0 (B), 
[debug] board[(0, 0)]=14, board[(0, 1)]=2, 
[debug] board state:
[[14  2 15 15]
 [15  9 12 10]
 [15 11 14  0]
 [ 9  3 14 11]
 [15  6  3  6]
 [ 8 14  7 13]
 [ 4  1 13  1]
 [ 6  8 15 13]], 

=10 

=16 

=12 c3 b3

[debug] move action_id=251, action=((5, 2), (5, 1)), 
[debug] current_player=1 (R), 
[debug] board[(5, 2)]=14, board[(5, 1)]=7, 
[debug] board state:
[[14  2 15 15]
 [15  9 12 10]
 [15 11 14  0]
 [ 9  3 14 11]
 [15  6  3  6]
 [ 8  7 14 13]
 [ 4  1 13  1]
 [ 6  8 15 13]], 

=10 

=16 

[debug] move action_id=19, action=((0, 1), (0, 0)), 
[debug] current_player=0 (B), 
[debug] board[(0, 1)]=14, board[(0, 0)]=2, 
[debug] board state:
[[ 2 14 15 15]
 [15  9 12 10]
 [15 11 14  0]
 [ 9  3 14 11]
 [15  6  3  6]
 [ 8  7 14 13]
 [ 4  1 13  1]
 [ 6  8 15 13]], 

=10 

=16 

=12 d3 c3

[debug] move action_id=263, action=((5, 3), (5, 2)), 
[debug] current_player=1 (R), 
[debug] board[(5, 3)]=14, board[(5, 2)]=13, 
[debug] board state:
[[ 2 14 15 15]
 [15  9 12 10]
 [15 11 14  0]
 [ 9  3 14 11]
 [15  6  3  6]
 [ 8  7 13 14]
 [ 4  1 13  1]
 [ 6  8 15 13]], 

=10 

=16 

[debug] move action_id=8, action=((0, 0), (0, 1)), 
[debug] current_player=0 (B), 
[debug] board[(0, 0)]=14, board[(0, 1)]=2, 
[debug] board state:
[[14  2 15 15]
 [15  9 12 10]
 [15 11 14  0]
 [ 9  3 14 11]
 [15  6  3  6]
 [ 8  7 13 14]
 [ 4  1 13  1]
 [ 6  8 15 13]], 

=10 

=16 

=12 d5 c5

[debug] move action_id=175, action=((3, 3), (3, 2)), 
[debug] current_player=1 (R), 
[debug] board[(3, 3)]=14, board[(3, 2)]=11, 
[debug] board state:
[[14  2 15 15]
 [15  9 12 10]
 [15 11 14  0]
 [ 9  3 11 14]
 [15  6  3  6]
 [ 8  7 13 14]
 [ 4  1 13  1]
 [ 6  8 15 13]], 

=10 

=16 

[debug] move action_id=19, action=((0, 1), (0, 0)), 
[debug] current_player=0 (B), 
[debug] board[(0, 1)]=14, board[(0, 0)]=2, 
[debug] board state:
[[ 2 14 15 15]
 [15  9 12 10]
 [15 11 14  0]
 [ 9  3 11 14]
 [15  6  3  6]
 [ 8  7 13 14]
 [ 4  1 13  1]
 [ 6  8 15 13]], 

=10 

=16 

=12 b7 b8

[debug] move action_id=12, action=((1, 1), (0, 1)), 
[debug] current_player=1 (R), 
[debug] board[(1, 1)]=14, board[(0, 1)]=9, 
[debug] board state:
[[ 2  9 15 15]
 [15 14 12 10]
 [15 11 14  0]
 [ 9  3 11 14]
 [15  6  3  6]
 [ 8  7 13 14]
 [ 4  1 13  1]
 [ 6  8 15 13]], 

=10 

=16 

[debug] move action_id=8, action=((0, 0), (0, 1)), 
[debug] current_player=0 (B), 
[debug] board[(0, 0)]=14, board[(0, 1)]=2, 
[debug] board state:
[[14  2 15 15]
 [15 14 12 10]
 [15 11 14  0]
 [ 9  3 11 14]
 [15  6  3  6]
 [ 8  7 13 14]
 [ 4  1 13  1]
 [ 6  8 15 13]], 

=10 

=16 

=12 a4 a4

[debug] move action_id=176, action=((4, 0), (4, 0)), 
[debug] current_player=1 (R), 
[debug] board[(4, 0)]=12, board[(4, 0)]=12, 
[debug] board state:
[[14  2 15 15]
 [15 14 12 10]
 [15 11 14  0]
 [ 9  3 11 14]
 [12  6  3  6]
 [ 8  7 13 14]
 [ 4  1 13  1]
 [ 6  8 15 13]], 

=11 

=16 

[debug] move action_id=19, action=((0, 1), (0, 0)), 
[debug] current_player=0 (B), 
[debug] board[(0, 1)]=14, board[(0, 0)]=2, 
[debug] board state:
[[ 2 14 15 15]
 [15 14 12 10]
 [15 11 14  0]
 [ 9  3 11 14]
 [12  6  3  6]
 [ 8  7 13 14]
 [ 4  1 13  1]
 [ 6  8 15 13]], 

=10 

=16 

=12 a3 a2

[debug] move action_id=270, action=((5, 0), (6, 0)), 
[debug] current_player=1 (R), 
[debug] board[(5, 0)]=14, board[(6, 0)]=8, 
[debug] board state:
[[ 2 14 15 15]
 [15 14 12 10]
 [15 11 14  0]
 [ 9  3 11 14]
 [12  6  3  6]
 [14  7 13 14]
 [ 8  1 13  1]
 [ 6  8 15 13]], 

=10 

=16 

[debug] move action_id=8, action=((0, 0), (0, 1)), 
[debug] current_player=0 (B), 
[debug] board[(0, 0)]=14, board[(0, 1)]=2, 
[debug] board state:
[[14  2 15 15]
 [15 14 12 10]
 [15 11 14  0]
 [ 9  3 11 14]
 [12  6  3  6]
 [14  7 13 14]
 [ 8  1 13  1]
 [ 6  8 15 13]], 

=10 

=16 

=12 a2 a3

[debug] move action_id=226, action=((6, 0), (5, 0)), 
[debug] current_player=1 (R), 
[debug] board[(6, 0)]=14, board[(5, 0)]=8, 
[debug] board state:
[[14  2 15 15]
 [15 14 12 10]
 [15 11 14  0]
 [ 9  3 11 14]
 [12  6  3  6]
 [ 8  7 13 14]
 [14  1 13  1]
 [ 6  8 15 13]], 

=10 

=16 

[debug] move action_id=19, action=((0, 1), (0, 0)), 
[debug] current_player=0 (B), 
[debug] board[(0, 1)]=14, board[(0, 0)]=2, 
[debug] board state:
[[ 2 14 15 15]
 [15 14 12 10]
 [15 11 14  0]
 [ 9  3 11 14]
 [12  6  3  6]
 [ 8  7 13 14]
 [14  1 13  1]
 [ 6  8 15 13]], 

=10 

=16 

=12 a3 a2

[debug] move action_id=270, action=((5, 0), (6, 0)), 
[debug] current_player=1 (R), 
[debug] board[(5, 0)]=14, board[(6, 0)]=8, 
[debug] board state:
[[ 2 14 15 15]
 [15 14 12 10]
 [15 11 14  0]
 [ 9  3 11 14]
 [12  6  3  6]
 [14  7 13 14]
 [ 8  1 13  1]
 [ 6  8 15 13]], 

=10 

=16 

[debug] move action_id=8, action=((0, 0), (0, 1)), 
[debug] current_player=0 (B), 
[debug] board[(0, 0)]=14, board[(0, 1)]=2, 
[debug] board state:
[[14  2 15 15]
 [15 14 12 10]
 [15 11 14  0]
 [ 9  3 11 14]
 [12  6  3  6]
 [14  7 13 14]
 [ 8  1 13  1]
 [ 6  8 15 13]], 

=10 

=16 

=12 a2 a3

[debug] move action_id=226, action=((6, 0), (5, 0)), 
[debug] current_player=1 (R), 
[debug] board[(6, 0)]=14, board[(5, 0)]=8, 
[debug] board state:
[[14  2 15 15]
 [15 14 12 10]
 [15 11 14  0]
 [ 9  3 11 14]
 [12  6  3  6]
 [ 8  7 13 14]
 [14  1 13  1]
 [ 6  8 15 13]], 

=10 

=16 

[debug] move action_id=19, action=((0, 1), (0, 0)), 
[debug] current_player=0 (B), 
[debug] board[(0, 1)]=14, board[(0, 0)]=2, 
[debug] board state:
[[ 2 14 15 15]
 [15 14 12 10]
 [15 11 14  0]
 [ 9  3 11 14]
 [12  6  3  6]
 [ 8  7 13 14]
 [14  1 13  1]
 [ 6  8 15 13]], 

=10 

=16 

=12 a3 a2

[debug] move action_id=270, action=((5, 0), (6, 0)), 
[debug] current_player=1 (R), 
[debug] board[(5, 0)]=14, board[(6, 0)]=8, 
[debug] board state:
[[ 2 14 15 15]
 [15 14 12 10]
 [15 11 14  0]
 [ 9  3 11 14]
 [12  6  3  6]
 [14  7 13 14]
 [ 8  1 13  1]
 [ 6  8 15 13]], 

=10 

=16 

[debug] move action_id=8, action=((0, 0), (0, 1)), 
[debug] current_player=0 (B), 
[debug] board[(0, 0)]=14, board[(0, 1)]=2, 
[debug] board state:
[[14  2 15 15]
 [15 14 12 10]
 [15 11 14  0]
 [ 9  3 11 14]
 [12  6  3  6]
 [14  7 13 14]
 [ 8  1 13  1]
 [ 6  8 15 13]], 

=10 

=16 

=12 a2 a3

[debug] move action_id=226, action=((6, 0), (5, 0)), 
[debug] current_player=1 (R), 
[debug] board[(6, 0)]=14, board[(5, 0)]=8, 
[debug] board state:
[[14  2 15 15]
 [15 14 12 10]
 [15 11 14  0]
 [ 9  3 11 14]
 [12  6  3  6]
 [ 8  7 13 14]
 [14  1 13  1]
 [ 6  8 15 13]], 

=10 

=16 

[debug] move action_id=19, action=((0, 1), (0, 0)), 
[debug] current_player=0 (B), 
[debug] board[(0, 1)]=14, board[(0, 0)]=2, 
[debug] board state:
[[ 2 14 15 15]
 [15 14 12 10]
 [15 11 14  0]
 [ 9  3 11 14]
 [12  6  3  6]
 [ 8  7 13 14]
 [14  1 13  1]
 [ 6  8 15 13]], 

=10 

=16 

=12 a3 a2

[debug] move action_id=270, action=((5, 0), (6, 0)), 
[debug] current_player=1 (R), 
[debug] board[(5, 0)]=14, board[(6, 0)]=8, 
[debug] board state:
[[ 2 14 15 15]
 [15 14 12 10]
 [15 11 14  0]
 [ 9  3 11 14]
 [12  6  3  6]
 [14  7 13 14]
 [ 8  1 13  1]
 [ 6  8 15 13]], 

=10 

=16 


# 10 12 46 48 82 84 118 120 154 156 190 192 226 228 262 264 298 300 334 336 370 372 406 408 442 444 478 480 514 516 550 552 586 588 622 624 658 660 694 696 730 732 766 768 802 804 838 840 874 876 910 912 946 948 982 984 1018 1020 1054 1056 1090 1092 1126 1128 1162 1164 1198 1200 1234 1236 1270 1272 1306 1308 1342 1344 1378 1380 1414 1416 1450 1452 1486 1488 1522 1524 #
/home/ntcucsk201/anaconda3/envs/darkchess/lib/python3.10/site-packages/treevalue/tree/integration/torch.py:23: FutureWarning: `torch.utils._pytree._register_pytree_node` is deprecated. Please use `torch.utils._pytree.register_pytree_node` instead.
  register_for_torch(TreeValue)
/home/ntcucsk201/anaconda3/envs/darkchess/lib/python3.10/site-packages/treevalue/tree/integration/torch.py:24: FutureWarning: `torch.utils._pytree._register_pytree_node` is deprecated. Please use `torch.utils._pytree.register_pytree_node` instead.
  register_for_torch(FastTreeValue)
Gym has been unmaintained since 2022 and does not support NumPy 2.0 amongst other critical functionality.
Please upgrade to Gymnasium, the maintained drop-in replacement of Gym, or contact the authors of your software and request that they upgrade.
See the migration guide at https://gymnasium.farama.org/introduction/migration_guide/ for additional information.
[DEBUG] Config loaded successfully
/home/ntcucsk201/DarkChess/LightZero/zoo/board_games/darkchess/muzero_mgtp.py:38: FutureWarning: You are using `torch.load` with `weights_only=False` (the current default value), which uses the default pickle module implicitly. It is possible to construct malicious pickle data which will execute arbitrary code during unpickling (See https://github.com/pytorch/pytorch/blob/main/SECURITY.md#untrusted-models for more details). In a future release, the default value for `weights_only` will be flipped to `True`. This limits the functions that could be executed during unpickling. Arbitrary objects will no longer be allowed to be loaded via this mode unless they are explicitly allowlisted by the user via `torch.serialization.add_safe_globals`. We recommend you start setting `weights_only=True` for any use case where you don't have full control of the loaded file. Please open an issue on GitHub for any issues related to this experimental feature.
  checkpoint = torch.load(model_path, map_location='cpu')
[DEBUG] Model moved to device: cuda:0

###
Account: a0_mu
Mode: MGTP
Path: /home/ntcucsk201/anaconda3/envs/darkchess/bin/python
Arg: /home/ntcucsk201/DarkChess/LightZero/zoo/board_games/darkchess/muzero_mgtp.py -model_path /home/ntcucsk201/DarkChess/LightZero/zoo/board_games/darkchess/data_muzero/darkchess_muzero_ns1000_upc50_rer0.0_bs512/ckpt/ckpt_best.pth.tar -config_path /home/ntcucsk201/DarkChess/LightZero/zoo/board_games/darkchess/data_muzero/darkchess_muzero_ns1000_upc50_rer0.0_bs512/formatted_total_config.py
Name: LightZero_DarkChess
Version: 1.0.0
###
