INITIAL
* 6:43pm Feb 23, 2026
* a1_alphazero vs a0_mu
* 1 2 2 2 2 2 5 1 2 2 2 2 2 5
* X X X X
* X X X X
* X X X X
* X X X X
* X X X X
* X X X X
* X X X X
* X X X X
* first 0
* time 900
* 1. a8(C) b1(P)
* 2. c4(p) b8(P)
* 3. c3(P) b5(n)
* 4. c2(c) c7(k)
* 5. a7(N) a6(r)
* 6. d7(N) c5(m)
* 7. b2(G) b7(p)
* 8. b2-c2 d1(m)
* 9. c8(p) d4(C)
* 10. a8-c8 d6(R)
* 11. b8-a8 d2(K)
* 12. a8-b8 a3(g)
* 13. d3(P) d8(G)
* 14. b8-b7 b4(c)
* 15. a2(p) c6(r)
* 16. c8-b8 a5(M)
* 17. d6-c6 c7-d7
* 18. d8-c8 a2-b2
* 19. a5-b5 a6-a7
* 20. b5-b4 d7-c7
* 21. b1-b2 c7-d7
* 22. b4-b5 c4-b4
* 23. b5-a5 c5-b5
* 24. c6-c5 a7-a8
* 25. a5-a6 a8-a7
* 26. a6-a7 d7-c7
* 27. b8-a8 c7-d7
* 28. b7-b8 d7-c7
* 29. b8-b7 c7-d7
* 30. b7-b8 d7-c7
* 31. b8-b7 c7-d7
* 32. b7-b8 d7-c7
* 33. b8-b7
* PositionRepetitionDraw,3,4 a1_alphazero Draw 0.500000,0.500000
* Comment 0 0
0. 1771843383502
1. 1771843383502
2. 1771843385593
3. 1771843386096
4. 1771843387998
5. 1771843388499
6. 1771843390402
7. 1771843390852
8. 1771843392757
9. 1771843393207
10. 1771843395112
11. 1771843395561
12. 1771843397466
13. 1771843397915
14. 1771843399871
15. 1771843400319
16. 1771843402276
17. 1771843402774
18. 1771843404731
19. 1771843405179
20. 1771843407136
21. 1771843407583
22. 1771843409541
23. 1771843409987
24. 1771843411946
25. 1771843412392
26. 1771843414351
27. 1771843414747
28. 1771843416706
29. 1771843417152
30. 1771843419112
31. 1771843419507
32. 1771843421467
33. 1771843421862
34. 1771843423821
35. 1771843424267
36. 1771843426227
37. 1771843426673
38. 1771843428632
39. 1771843429078
40. 1771843431036
41. 1771843431483
42. 1771843433441
43. 1771843433837
44. 1771843435797
45. 1771843436193
46. 1771843438152
47. 1771843438596
48. 1771843440556
49. 1771843440951
50. 1771843442960
51. 1771843443357
52. 1771843445314
53. 1771843445761
54. 1771843447719
55. 1771843448167
56. 1771843450123
57. 1771843450520
58. 1771843452479
59. 1771843452874
60. 1771843454834
61. 1771843455228
62. 1771843457189
63. 1771843457631
64. 1771843459594
65. 1771843460036

# 10 12 46 48 82 84 118 120 154 156 190 192 226 228 262 264 298 300 334 336 370 372 406 408 442 444 478 480 514 516 550 552 586 588 622 624 658 660 694 696 730 732 766 768 802 804 838 840 874 876 910 912 946 948 982 984 1018 1020 1054 1056 1090 1092 1126 1128 1162 1164 #
LightZero MGTP Interface Ready
=1 LightZero_DarkChess

=2 1.0.0

=7 

=15 

=14 

=12 a8 a8

[debug] move action_id=0, action=((0, 0), (0, 0)), 
[debug] current_player=1 (B), 
[debug] board[(0, 0)]=5, board[(0, 0)]=5, 
[debug] board state:
[[ 5 15 15 15]
 [15 15 15 15]
 [15 15 15 15]
 [15 15 15 15]
 [15 15 15 15]
 [15 15 15 15]
 [15 15 15 15]
 [15 15 15 15]], 

=11 

=16 

[debug] move action_id=319, action=((7, 1), (7, 1)), 
[debug] current_player=0 (R), 
[debug] board[(7, 1)]=6, board[(7, 1)]=6, 
[debug] board state:
[[ 5 15 15 15]
 [15 15 15 15]
 [15 15 15 15]
 [15 15 15 15]
 [15 15 15 15]
 [15 15 15 15]
 [15 15 15 15]
 [15  6 15 15]], 

=11 

=16 

=12 c4 c4

[debug] move action_id=198, action=((4, 2), (4, 2)), 
[debug] current_player=1 (B), 
[debug] board[(4, 2)]=13, board[(4, 2)]=13, 
[debug] board state:
[[ 5 15 15 15]
 [15 15 15 15]
 [15 15 15 15]
 [15 15 15 15]
 [15 15 13 15]
 [15 15 15 15]
 [15 15 15 15]
 [15  6 15 15]], 

=11 

=16 

[debug] move action_id=11, action=((0, 1), (0, 1)), 
[debug] current_player=0 (R), 
[debug] board[(0, 1)]=6, board[(0, 1)]=6, 
[debug] board state:
[[ 5  6 15 15]
 [15 15 15 15]
 [15 15 15 15]
 [15 15 15 15]
 [15 15 13 15]
 [15 15 15 15]
 [15 15 15 15]
 [15  6 15 15]], 

=11 

=16 

=12 c3 c3

[debug] move action_id=242, action=((5, 2), (5, 2)), 
[debug] current_player=1 (B), 
[debug] board[(5, 2)]=6, board[(5, 2)]=6, 
[debug] board state:
[[ 5  6 15 15]
 [15 15 15 15]
 [15 15 15 15]
 [15 15 15 15]
 [15 15 13 15]
 [15 15  6 15]
 [15 15 15 15]
 [15  6 15 15]], 

=11 

=16 

[debug] move action_id=143, action=((3, 1), (3, 1)), 
[debug] current_player=0 (R), 
[debug] board[(3, 1)]=11, board[(3, 1)]=11, 
[debug] board state:
[[ 5  6 15 15]
 [15 15 15 15]
 [15 15 15 15]
 [15 11 15 15]
 [15 15 13 15]
 [15 15  6 15]
 [15 15 15 15]
 [15  6 15 15]], 

=11 

=16 

=12 c2 c2

[debug] move action_id=286, action=((6, 2), (6, 2)), 
[debug] current_player=1 (B), 
[debug] board[(6, 2)]=12, board[(6, 2)]=12, 
[debug] board state:
[[ 5  6 15 15]
 [15 15 15 15]
 [15 15 15 15]
 [15 11 15 15]
 [15 15 13 15]
 [15 15  6 15]
 [15 15 12 15]
 [15  6 15 15]], 

=11 

=16 

[debug] move action_id=66, action=((1, 2), (1, 2)), 
[debug] current_player=0 (R), 
[debug] board[(1, 2)]=7, board[(1, 2)]=7, 
[debug] board state:
[[ 5  6 15 15]
 [15 15  7 15]
 [15 15 15 15]
 [15 11 15 15]
 [15 15 13 15]
 [15 15  6 15]
 [15 15 12 15]
 [15  6 15 15]], 

=11 

=16 

=12 a7 a7

[debug] move action_id=44, action=((1, 0), (1, 0)), 
[debug] current_player=1 (B), 
[debug] board[(1, 0)]=4, board[(1, 0)]=4, 
[debug] board state:
[[ 5  6 15 15]
 [ 4 15  7 15]
 [15 15 15 15]
 [15 11 15 15]
 [15 15 13 15]
 [15 15  6 15]
 [15 15 12 15]
 [15  6 15 15]], 

=11 

=16 

[debug] move action_id=88, action=((2, 0), (2, 0)), 
[debug] current_player=0 (R), 
[debug] board[(2, 0)]=10, board[(2, 0)]=10, 
[debug] board state:
[[ 5  6 15 15]
 [ 4 15  7 15]
 [10 15 15 15]
 [15 11 15 15]
 [15 15 13 15]
 [15 15  6 15]
 [15 15 12 15]
 [15  6 15 15]], 

=11 

=16 

=12 d7 d7

[debug] move action_id=77, action=((1, 3), (1, 3)), 
[debug] current_player=1 (B), 
[debug] board[(1, 3)]=4, board[(1, 3)]=4, 
[debug] board state:
[[ 5  6 15 15]
 [ 4 15  7  4]
 [10 15 15 15]
 [15 11 15 15]
 [15 15 13 15]
 [15 15  6 15]
 [15 15 12 15]
 [15  6 15 15]], 

=11 

=16 

[debug] move action_id=154, action=((3, 2), (3, 2)), 
[debug] current_player=0 (R), 
[debug] board[(3, 2)]=9, board[(3, 2)]=9, 
[debug] board state:
[[ 5  6 15 15]
 [ 4 15  7  4]
 [10 15 15 15]
 [15 11  9 15]
 [15 15 13 15]
 [15 15  6 15]
 [15 15 12 15]
 [15  6 15 15]], 

=11 

=16 

=12 b2 b2

[debug] move action_id=275, action=((6, 1), (6, 1)), 
[debug] current_player=1 (B), 
[debug] board[(6, 1)]=1, board[(6, 1)]=1, 
[debug] board state:
[[ 5  6 15 15]
 [ 4 15  7  4]
 [10 15 15 15]
 [15 11  9 15]
 [15 15 13 15]
 [15 15  6 15]
 [15  1 12 15]
 [15  6 15 15]], 

=11 

=16 

[debug] move action_id=55, action=((1, 1), (1, 1)), 
[debug] current_player=0 (R), 
[debug] board[(1, 1)]=13, board[(1, 1)]=13, 
[debug] board state:
[[ 5  6 15 15]
 [ 4 13  7  4]
 [10 15 15 15]
 [15 11  9 15]
 [15 15 13 15]
 [15 15  6 15]
 [15  1 12 15]
 [15  6 15 15]], 

=11 

=16 

=12 b2 c2

[debug] move action_id=284, action=((6, 1), (6, 2)), 
[debug] current_player=1 (B), 
[debug] board[(6, 1)]=14, board[(6, 2)]=1, 
[debug] board state:
[[ 5  6 15 15]
 [ 4 13  7  4]
 [10 15 15 15]
 [15 11  9 15]
 [15 15 13 15]
 [15 15  6 15]
 [15 14  1 15]
 [15  6 15 15]], 

=10 

=16 

[debug] move action_id=341, action=((7, 3), (7, 3)), 
[debug] current_player=0 (R), 
[debug] board[(7, 3)]=9, board[(7, 3)]=9, 
[debug] board state:
[[ 5  6 15 15]
 [ 4 13  7  4]
 [10 15 15 15]
 [15 11  9 15]
 [15 15 13 15]
 [15 15  6 15]
 [15 14  1 15]
 [15  6 15  9]], 

=11 

=16 

=12 c8 c8

[debug] move action_id=22, action=((0, 2), (0, 2)), 
[debug] current_player=1 (B), 
[debug] board[(0, 2)]=13, board[(0, 2)]=13, 
[debug] board state:
[[ 5  6 13 15]
 [ 4 13  7  4]
 [10 15 15 15]
 [15 11  9 15]
 [15 15 13 15]
 [15 15  6 15]
 [15 14  1 15]
 [15  6 15  9]], 

=11 

=16 

[debug] move action_id=209, action=((4, 3), (4, 3)), 
[debug] current_player=0 (R), 
[debug] board[(4, 3)]=5, board[(4, 3)]=5, 
[debug] board state:
[[ 5  6 13 15]
 [ 4 13  7  4]
 [10 15 15 15]
 [15 11  9 15]
 [15 15 13  5]
 [15 15  6 15]
 [15 14  1 15]
 [15  6 15  9]], 

=11 

=16 

=12 a8 c8

[debug] move action_id=9, action=((0, 0), (0, 2)), 
[debug] current_player=1 (B), 
[debug] board[(0, 0)]=14, board[(0, 2)]=5, 
[debug] board state:
[[14  6  5 15]
 [ 4 13  7  4]
 [10 15 15 15]
 [15 11  9 15]
 [15 15 13  5]
 [15 15  6 15]
 [15 14  1 15]
 [15  6 15  9]], 

=10 

=16 

[debug] move action_id=121, action=((2, 3), (2, 3)), 
[debug] current_player=0 (R), 
[debug] board[(2, 3)]=3, board[(2, 3)]=3, 
[debug] board state:
[[14  6  5 15]
 [ 4 13  7  4]
 [10 15 15  3]
 [15 11  9 15]
 [15 15 13  5]
 [15 15  6 15]
 [15 14  1 15]
 [15  6 15  9]], 

=11 

=16 

=12 b8 a8

[debug] move action_id=19, action=((0, 1), (0, 0)), 
[debug] current_player=1 (B), 
[debug] board[(0, 1)]=14, board[(0, 0)]=6, 
[debug] board state:
[[ 6 14  5 15]
 [ 4 13  7  4]
 [10 15 15  3]
 [15 11  9 15]
 [15 15 13  5]
 [15 15  6 15]
 [15 14  1 15]
 [15  6 15  9]], 

=10 

=16 

[debug] move action_id=297, action=((6, 3), (6, 3)), 
[debug] current_player=0 (R), 
[debug] board[(6, 3)]=0, board[(6, 3)]=0, 
[debug] board state:
[[ 6 14  5 15]
 [ 4 13  7  4]
 [10 15 15  3]
 [15 11  9 15]
 [15 15 13  5]
 [15 15  6 15]
 [15 14  1  0]
 [15  6 15  9]], 

=11 

=16 

=12 a8 b8

[debug] move action_id=8, action=((0, 0), (0, 1)), 
[debug] current_player=1 (B), 
[debug] board[(0, 0)]=14, board[(0, 1)]=6, 
[debug] board state:
[[14  6  5 15]
 [ 4 13  7  4]
 [10 15 15  3]
 [15 11  9 15]
 [15 15 13  5]
 [15 15  6 15]
 [15 14  1  0]
 [15  6 15  9]], 

=10 

=16 

[debug] move action_id=220, action=((5, 0), (5, 0)), 
[debug] current_player=0 (R), 
[debug] board[(5, 0)]=8, board[(5, 0)]=8, 
[debug] board state:
[[14  6  5 15]
 [ 4 13  7  4]
 [10 15 15  3]
 [15 11  9 15]
 [15 15 13  5]
 [ 8 15  6 15]
 [15 14  1  0]
 [15  6 15  9]], 

=11 

=16 

=12 d3 d3

[debug] move action_id=253, action=((5, 3), (5, 3)), 
[debug] current_player=1 (B), 
[debug] board[(5, 3)]=6, board[(5, 3)]=6, 
[debug] board state:
[[14  6  5 15]
 [ 4 13  7  4]
 [10 15 15  3]
 [15 11  9 15]
 [15 15 13  5]
 [ 8 15  6  6]
 [15 14  1  0]
 [15  6 15  9]], 

=11 

=16 

[debug] move action_id=33, action=((0, 3), (0, 3)), 
[debug] current_player=0 (R), 
[debug] board[(0, 3)]=1, board[(0, 3)]=1, 
[debug] board state:
[[14  6  5  1]
 [ 4 13  7  4]
 [10 15 15  3]
 [15 11  9 15]
 [15 15 13  5]
 [ 8 15  6  6]
 [15 14  1  0]
 [15  6 15  9]], 

=11 

=16 

=12 b8 b7

[debug] move action_id=56, action=((0, 1), (1, 1)), 
[debug] current_player=1 (B), 
[debug] board[(0, 1)]=14, board[(1, 1)]=6, 
[debug] board state:
[[14 14  5  1]
 [ 4  6  7  4]
 [10 15 15  3]
 [15 11  9 15]
 [15 15 13  5]
 [ 8 15  6  6]
 [15 14  1  0]
 [15  6 15  9]], 

=10 

=16 

[debug] move action_id=187, action=((4, 1), (4, 1)), 
[debug] current_player=0 (R), 
[debug] board[(4, 1)]=12, board[(4, 1)]=12, 
[debug] board state:
[[14 14  5  1]
 [ 4  6  7  4]
 [10 15 15  3]
 [15 11  9 15]
 [15 12 13  5]
 [ 8 15  6  6]
 [15 14  1  0]
 [15  6 15  9]], 

=11 

=16 

=12 a2 a2

[debug] move action_id=264, action=((6, 0), (6, 0)), 
[debug] current_player=1 (B), 
[debug] board[(6, 0)]=13, board[(6, 0)]=13, 
[debug] board state:
[[14 14  5  1]
 [ 4  6  7  4]
 [10 15 15  3]
 [15 11  9 15]
 [15 12 13  5]
 [ 8 15  6  6]
 [13 14  1  0]
 [15  6 15  9]], 

=11 

=16 

[debug] move action_id=110, action=((2, 2), (2, 2)), 
[debug] current_player=0 (R), 
[debug] board[(2, 2)]=10, board[(2, 2)]=10, 
[debug] board state:
[[14 14  5  1]
 [ 4  6  7  4]
 [10 15 10  3]
 [15 11  9 15]
 [15 12 13  5]
 [ 8 15  6  6]
 [13 14  1  0]
 [15  6 15  9]], 

=11 

=16 

=12 c8 b8

[debug] move action_id=31, action=((0, 2), (0, 1)), 
[debug] current_player=1 (B), 
[debug] board[(0, 2)]=14, board[(0, 1)]=5, 
[debug] board state:
[[14  5 14  1]
 [ 4  6  7  4]
 [10 15 10  3]
 [15 11  9 15]
 [15 12 13  5]
 [ 8 15  6  6]
 [13 14  1  0]
 [15  6 15  9]], 

=10 

=16 

[debug] move action_id=132, action=((3, 0), (3, 0)), 
[debug] current_player=0 (R), 
[debug] board[(3, 0)]=2, board[(3, 0)]=2, 
[debug] board state:
[[14  5 14  1]
 [ 4  6  7  4]
 [10 15 10  3]
 [ 2 11  9 15]
 [15 12 13  5]
 [ 8 15  6  6]
 [13 14  1  0]
 [15  6 15  9]], 

=11 

=16 

=12 d6 c6

[debug] move action_id=131, action=((2, 3), (2, 2)), 
[debug] current_player=1 (B), 
[debug] board[(2, 3)]=14, board[(2, 2)]=3, 
[debug] board state:
[[14  5 14  1]
 [ 4  6  7  4]
 [10 15  3 14]
 [ 2 11  9 15]
 [15 12 13  5]
 [ 8 15  6  6]
 [13 14  1  0]
 [15  6 15  9]], 

=10 

=16 

[debug] move action_id=76, action=((1, 2), (1, 3)), 
[debug] current_player=0 (R), 
[debug] board[(1, 2)]=14, board[(1, 3)]=7, 
[debug] board state:
[[14  5 14  1]
 [ 4  6 14  7]
 [10 15  3 14]
 [ 2 11  9 15]
 [15 12 13  5]
 [ 8 15  6  6]
 [13 14  1  0]
 [15  6 15  9]], 

=10 

=16 

=12 d8 c8

[debug] move action_id=43, action=((0, 3), (0, 2)), 
[debug] current_player=1 (B), 
[debug] board[(0, 3)]=14, board[(0, 2)]=1, 
[debug] board state:
[[14  5  1 14]
 [ 4  6 14  7]
 [10 15  3 14]
 [ 2 11  9 15]
 [15 12 13  5]
 [ 8 15  6  6]
 [13 14  1  0]
 [15  6 15  9]], 

=10 

=16 

[debug] move action_id=272, action=((6, 0), (6, 1)), 
[debug] current_player=0 (R), 
[debug] board[(6, 0)]=14, board[(6, 1)]=13, 
[debug] board state:
[[14  5  1 14]
 [ 4  6 14  7]
 [10 15  3 14]
 [ 2 11  9 15]
 [15 12 13  5]
 [ 8 15  6  6]
 [14 13  1  0]
 [15  6 15  9]], 

=10 

=16 

=12 a5 b5

[debug] move action_id=140, action=((3, 0), (3, 1)), 
[debug] current_player=1 (B), 
[debug] board[(3, 0)]=14, board[(3, 1)]=2, 
[debug] board state:
[[14  5  1 14]
 [ 4  6 14  7]
 [10 15  3 14]
 [14  2  9 15]
 [15 12 13  5]
 [ 8 15  6  6]
 [14 13  1  0]
 [15  6 15  9]], 

=10 

=16 

[debug] move action_id=46, action=((2, 0), (1, 0)), 
[debug] current_player=0 (R), 
[debug] board[(2, 0)]=14, board[(1, 0)]=10, 
[debug] board state:
[[14  5  1 14]
 [10  6 14  7]
 [14 15  3 14]
 [14  2  9 15]
 [15 12 13  5]
 [ 8 15  6  6]
 [14 13  1  0]
 [15  6 15  9]], 

=10 

=16 

=12 b5 b4

[debug] move action_id=191, action=((3, 1), (4, 1)), 
[debug] current_player=1 (B), 
[debug] board[(3, 1)]=14, board[(4, 1)]=2, 
[debug] board state:
[[14  5  1 14]
 [10  6 14  7]
 [14 15  3 14]
 [14 14  9 15]
 [15  2 13  5]
 [ 8 15  6  6]
 [14 13  1  0]
 [15  6 15  9]], 

=10 

=16 

[debug] move action_id=87, action=((1, 3), (1, 2)), 
[debug] current_player=0 (R), 
[debug] board[(1, 3)]=14, board[(1, 2)]=7, 
[debug] board state:
[[14  5  1 14]
 [10  6  7 14]
 [14 15  3 14]
 [14 14  9 15]
 [15  2 13  5]
 [ 8 15  6  6]
 [14 13  1  0]
 [15  6 15  9]], 

=10 

=16 

=12 b1 b2

[debug] move action_id=282, action=((7, 1), (6, 1)), 
[debug] current_player=1 (B), 
[debug] board[(7, 1)]=14, board[(6, 1)]=6, 
[debug] board state:
[[14  5  1 14]
 [10  6  7 14]
 [14 15  3 14]
 [14 14  9 15]
 [15  2 13  5]
 [ 8 15  6  6]
 [14  6  1  0]
 [15 14 15  9]], 

=10 

=16 

[debug] move action_id=76, action=((1, 2), (1, 3)), 
[debug] current_player=0 (R), 
[debug] board[(1, 2)]=14, board[(1, 3)]=7, 
[debug] board state:
[[14  5  1 14]
 [10  6 14  7]
 [14 15  3 14]
 [14 14  9 15]
 [15  2 13  5]
 [ 8 15  6  6]
 [14  6  1  0]
 [15 14 15  9]], 

=10 

=16 

=12 b4 b5

[debug] move action_id=147, action=((4, 1), (3, 1)), 
[debug] current_player=1 (B), 
[debug] board[(4, 1)]=14, board[(3, 1)]=2, 
[debug] board state:
[[14  5  1 14]
 [10  6 14  7]
 [14 15  3 14]
 [14  2  9 15]
 [15 14 13  5]
 [ 8 15  6  6]
 [14  6  1  0]
 [15 14 15  9]], 

=10 

=16 

[debug] move action_id=207, action=((4, 2), (4, 1)), 
[debug] current_player=0 (R), 
[debug] board[(4, 2)]=14, board[(4, 1)]=13, 
[debug] board state:
[[14  5  1 14]
 [10  6 14  7]
 [14 15  3 14]
 [14  2  9 15]
 [15 13 14  5]
 [ 8 15  6  6]
 [14  6  1  0]
 [15 14 15  9]], 

=10 

=16 

=12 b5 a5

[debug] move action_id=151, action=((3, 1), (3, 0)), 
[debug] current_player=1 (B), 
[debug] board[(3, 1)]=14, board[(3, 0)]=2, 
[debug] board state:
[[14  5  1 14]
 [10  6 14  7]
 [14 15  3 14]
 [ 2 14  9 15]
 [15 13 14  5]
 [ 8 15  6  6]
 [14  6  1  0]
 [15 14 15  9]], 

=10 

=16 

[debug] move action_id=163, action=((3, 2), (3, 1)), 
[debug] current_player=0 (R), 
[debug] board[(3, 2)]=14, board[(3, 1)]=9, 
[debug] board state:
[[14  5  1 14]
 [10  6 14  7]
 [14 15  3 14]
 [ 2  9 14 15]
 [15 13 14  5]
 [ 8 15  6  6]
 [14  6  1  0]
 [15 14 15  9]], 

=10 

=16 

=12 c6 c5

[debug] move action_id=157, action=((2, 2), (3, 2)), 
[debug] current_player=1 (B), 
[debug] board[(2, 2)]=14, board[(3, 2)]=3, 
[debug] board state:
[[14  5  1 14]
 [10  6 14  7]
 [14 15 14 14]
 [ 2  9  3 15]
 [15 13 14  5]
 [ 8 15  6  6]
 [14  6  1  0]
 [15 14 15  9]], 

=10 

=16 

[debug] move action_id=1, action=((1, 0), (0, 0)), 
[debug] current_player=0 (R), 
[debug] board[(1, 0)]=14, board[(0, 0)]=10, 
[debug] board state:
[[10  5  1 14]
 [14  6 14  7]
 [14 15 14 14]
 [ 2  9  3 15]
 [15 13 14  5]
 [ 8 15  6  6]
 [14  6  1  0]
 [15 14 15  9]], 

=10 

=16 

=12 a5 a6

[debug] move action_id=91, action=((3, 0), (2, 0)), 
[debug] current_player=1 (B), 
[debug] board[(3, 0)]=14, board[(2, 0)]=2, 
[debug] board state:
[[10  5  1 14]
 [14  6 14  7]
 [ 2 15 14 14]
 [14  9  3 15]
 [15 13 14  5]
 [ 8 15  6  6]
 [14  6  1  0]
 [15 14 15  9]], 

=10 

=16 

[debug] move action_id=45, action=((0, 0), (1, 0)), 
[debug] current_player=0 (R), 
[debug] board[(0, 0)]=14, board[(1, 0)]=10, 
[debug] board state:
[[14  5  1 14]
 [10  6 14  7]
 [ 2 15 14 14]
 [14  9  3 15]
 [15 13 14  5]
 [ 8 15  6  6]
 [14  6  1  0]
 [15 14 15  9]], 

=10 

=16 

=12 a6 a7

[debug] move action_id=46, action=((2, 0), (1, 0)), 
[debug] current_player=1 (B), 
[debug] board[(2, 0)]=14, board[(1, 0)]=2, 
[debug] board state:
[[14  5  1 14]
 [ 2  6 14  7]
 [14 15 14 14]
 [14  9  3 15]
 [15 13 14  5]
 [ 8 15  6  6]
 [14  6  1  0]
 [15 14 15  9]], 

=10 

=16 

[debug] move action_id=87, action=((1, 3), (1, 2)), 
[debug] current_player=0 (R), 
[debug] board[(1, 3)]=14, board[(1, 2)]=7, 
[debug] board state:
[[14  5  1 14]
 [ 2  6  7 14]
 [14 15 14 14]
 [14  9  3 15]
 [15 13 14  5]
 [ 8 15  6  6]
 [14  6  1  0]
 [15 14 15  9]], 

=10 

=16 

=12 b8 a8

[debug] move action_id=19, action=((0, 1), (0, 0)), 
[debug] current_player=1 (B), 
[debug] board[(0, 1)]=14, board[(0, 0)]=5, 
[debug] board state:
[[ 5 14  1 14]
 [ 2  6  7 14]
 [14 15 14 14]
 [14  9  3 15]
 [15 13 14  5]
 [ 8 15  6  6]
 [14  6  1  0]
 [15 14 15  9]], 

=10 

=16 

[debug] move action_id=76, action=((1, 2), (1, 3)), 
[debug] current_player=0 (R), 
[debug] board[(1, 2)]=14, board[(1, 3)]=7, 
[debug] board state:
[[ 5 14  1 14]
 [ 2  6 14  7]
 [14 15 14 14]
 [14  9  3 15]
 [15 13 14  5]
 [ 8 15  6  6]
 [14  6  1  0]
 [15 14 15  9]], 

=10 

=16 

=12 b7 b8

[debug] move action_id=12, action=((1, 1), (0, 1)), 
[debug] current_player=1 (B), 
[debug] board[(1, 1)]=14, board[(0, 1)]=6, 
[debug] board state:
[[ 5  6  1 14]
 [ 2 14 14  7]
 [14 15 14 14]
 [14  9  3 15]
 [15 13 14  5]
 [ 8 15  6  6]
 [14  6  1  0]
 [15 14 15  9]], 

=10 

=16 

[debug] move action_id=87, action=((1, 3), (1, 2)), 
[debug] current_player=0 (R), 
[debug] board[(1, 3)]=14, board[(1, 2)]=7, 
[debug] board state:
[[ 5  6  1 14]
 [ 2 14  7 14]
 [14 15 14 14]
 [14  9  3 15]
 [15 13 14  5]
 [ 8 15  6  6]
 [14  6  1  0]
 [15 14 15  9]], 

=10 

=16 

=12 b8 b7

[debug] move action_id=56, action=((0, 1), (1, 1)), 
[debug] current_player=1 (B), 
[debug] board[(0, 1)]=14, board[(1, 1)]=6, 
[debug] board state:
[[ 5 14  1 14]
 [ 2  6  7 14]
 [14 15 14 14]
 [14  9  3 15]
 [15 13 14  5]
 [ 8 15  6  6]
 [14  6  1  0]
 [15 14 15  9]], 

=10 

=16 

[debug] move action_id=76, action=((1, 2), (1, 3)), 
[debug] current_player=0 (R), 
[debug] board[(1, 2)]=14, board[(1, 3)]=7, 
[debug] board state:
[[ 5 14  1 14]
 [ 2  6 14  7]
 [14 15 14 14]
 [14  9  3 15]
 [15 13 14  5]
 [ 8 15  6  6]
 [14  6  1  0]
 [15 14 15  9]], 

=10 

=16 

=12 b7 b8

[debug] move action_id=12, action=((1, 1), (0, 1)), 
[debug] current_player=1 (B), 
[debug] board[(1, 1)]=14, board[(0, 1)]=6, 
[debug] board state:
[[ 5  6  1 14]
 [ 2 14 14  7]
 [14 15 14 14]
 [14  9  3 15]
 [15 13 14  5]
 [ 8 15  6  6]
 [14  6  1  0]
 [15 14 15  9]], 

=10 

=16 

[debug] move action_id=87, action=((1, 3), (1, 2)), 
[debug] current_player=0 (R), 
[debug] board[(1, 3)]=14, board[(1, 2)]=7, 
[debug] board state:
[[ 5  6  1 14]
 [ 2 14  7 14]
 [14 15 14 14]
 [14  9  3 15]
 [15 13 14  5]
 [ 8 15  6  6]
 [14  6  1  0]
 [15 14 15  9]], 

=10 

=16 

=12 b8 b7

[debug] move action_id=56, action=((0, 1), (1, 1)), 
[debug] current_player=1 (B), 
[debug] board[(0, 1)]=14, board[(1, 1)]=6, 
[debug] board state:
[[ 5 14  1 14]
 [ 2  6  7 14]
 [14 15 14 14]
 [14  9  3 15]
 [15 13 14  5]
 [ 8 15  6  6]
 [14  6  1  0]
 [15 14 15  9]], 

=10 

=16 

[debug] move action_id=76, action=((1, 2), (1, 3)), 
[debug] current_player=0 (R), 
[debug] board[(1, 2)]=14, board[(1, 3)]=7, 
[debug] board state:
[[ 5 14  1 14]
 [ 2  6 14  7]
 [14 15 14 14]
 [14  9  3 15]
 [15 13 14  5]
 [ 8 15  6  6]
 [14  6  1  0]
 [15 14 15  9]], 

=10 

=16 

=12 b7 b8

[debug] move action_id=12, action=((1, 1), (0, 1)), 
[debug] current_player=1 (B), 
[debug] board[(1, 1)]=14, board[(0, 1)]=6, 
[debug] board state:
[[ 5  6  1 14]
 [ 2 14 14  7]
 [14 15 14 14]
 [14  9  3 15]
 [15 13 14  5]
 [ 8 15  6  6]
 [14  6  1  0]
 [15 14 15  9]], 

=10 

=16 

[debug] move action_id=87, action=((1, 3), (1, 2)), 
[debug] current_player=0 (R), 
[debug] board[(1, 3)]=14, board[(1, 2)]=7, 
[debug] board state:
[[ 5  6  1 14]
 [ 2 14  7 14]
 [14 15 14 14]
 [14  9  3 15]
 [15 13 14  5]
 [ 8 15  6  6]
 [14  6  1  0]
 [15 14 15  9]], 

=10 

=16 

=12 b8 b7

[debug] move action_id=56, action=((0, 1), (1, 1)), 
[debug] current_player=1 (B), 
[debug] board[(0, 1)]=14, board[(1, 1)]=6, 
[debug] board state:
[[ 5 14  1 14]
 [ 2  6  7 14]
 [14 15 14 14]
 [14  9  3 15]
 [15 13 14  5]
 [ 8 15  6  6]
 [14  6  1  0]
 [15 14 15  9]], 

=10 

=16 


# 10 12 46 48 82 84 118 120 154 156 190 192 226 228 262 264 298 300 334 336 370 372 406 408 442 444 478 480 514 516 550 552 586 588 622 624 658 660 694 696 730 732 766 768 802 804 838 840 874 876 910 912 946 948 982 984 1018 1020 1054 1056 1090 1092 1126 1128 1162 1164 #
/home/ntcucsk201/anaconda3/envs/darkchess/lib/python3.10/site-packages/treevalue/tree/integration/torch.py:23: FutureWarning: `torch.utils._pytree._register_pytree_node` is deprecated. Please use `torch.utils._pytree.register_pytree_node` instead.
  register_for_torch(TreeValue)
/home/ntcucsk201/anaconda3/envs/darkchess/lib/python3.10/site-packages/treevalue/tree/integration/torch.py:24: FutureWarning: `torch.utils._pytree._register_pytree_node` is deprecated. Please use `torch.utils._pytree.register_pytree_node` instead.
  register_for_torch(FastTreeValue)
Gym has been unmaintained since 2022 and does not support NumPy 2.0 amongst other critical functionality.
Please upgrade to Gymnasium, the maintained drop-in replacement of Gym, or contact the authors of your software and request that they upgrade.
See the migration guide at https://gymnasium.farama.org/introduction/migration_guide/ for additional information.
[DEBUG] Config loaded successfully
/home/ntcucsk201/DarkChess/LightZero/zoo/board_games/darkchess/alphazero_mgtp.py:38: FutureWarning: You are using `torch.load` with `weights_only=False` (the current default value), which uses the default pickle module implicitly. It is possible to construct malicious pickle data which will execute arbitrary code during unpickling (See https://github.com/pytorch/pytorch/blob/main/SECURITY.md#untrusted-models for more details). In a future release, the default value for `weights_only` will be flipped to `True`. This limits the functions that could be executed during unpickling. Arbitrary objects will no longer be allowed to be loaded via this mode unless they are explicitly allowlisted by the user via `torch.serialization.add_safe_globals`. We recommend you start setting `weights_only=True` for any use case where you don't have full control of the loaded file. Please open an issue on GitHub for any issues related to this experimental feature.
  checkpoint = torch.load(model_path, map_location='cpu')
[DEBUG] Model moved to device: cuda:0

###
Account: a1_alphazero
Mode: MGTP
Path: /home/ntcucsk201/anaconda3/envs/darkchess/bin/python
Arg: /home/ntcucsk201/DarkChess/LightZero/zoo/board_games/darkchess/alphazero_mgtp.py -model_path /home/ntcucsk201/DarkChess/LightZero/zoo/board_games/darkchess/data_alphazero/darkchess_alphazero_ns1000_upc50_trainitr2000_bs512_260223_153756/ckpt/iteration_1000.pth.tar -config_path /home/ntcucsk201/DarkChess/LightZero/zoo/board_games/darkchess/data_alphazero/darkchess_alphazero_ns1000_upc50_trainitr2000_bs512_260223_153756/formatted_total_config.py
Name: LightZero_DarkChess
Version: 1.0.0
###
