INITIAL
* 1:14am Feb 25, 2026
* a1_alphazero vs a0_random
* 1 2 2 2 2 2 5 1 2 2 2 2 2 5
* X X X X
* X X X X
* X X X X
* X X X X
* X X X X
* X X X X
* X X X X
* X X X X
* first 0
* time 900
* 1. a8(C) b4(N)
* 2. b8(g) c3(g)
* 3. c8(m) b3(M)
* 4. a8-c8 d5(r)
* 5. d8(R) c1(p)
* 6. a7(C) b7(P)
* 7. a7-a8 b8-c8
* 8. a8-b8 c4(K)
* 9. b8-a8 c3-b3
* 10. a8-b8 c5(n)
* 11. b8-a8 d1(R)
* 12. a8-b8 b2(r)
* 13. b8-a8 d7(n)
* 14. a8-b8 d6(P)
* 15. b8-a8 d7-d6
* 16. a8-b8 b1(c)
* 17. b8-a8 a1(c)
* 18. a8-b8 d4(p)
* 19. b8-a8 b1-d1
* 20. a8-b8 c8-d8
* 21. b8-a8 d4-c4
* 22. a8-b8 c1-b1
* 23. b8-a8 b1-c1
* 24. a8-b8 a4(G)
* 25. b8-a8 a6(M)
* 26. a8-b8 b3-b4
* 27. b8-a8 a1-b1
* 28. a8-b8 b1-a1
* 29. b8-a8 a5(p)
* 30. a8-b8 d8-c8
* 31. b8-a8 b4-a4
* 32. a8-b8 a1-b1
* 33. b8-a8 d5-d4
* 34. a8-b8 d6-d7
* 35. b8-a8 c4-c3
* 36. a8-b8 c3-c4
* 37. b8-a8 c8-b8
* 38. a8-a7 b8-a8
* 39. b7-b8 c4-c3
* 40. b8-c8 c3-b3
* 41. c8-b8 d2(m)
* 42. b8-c8 c6(P)
* 43. c8-b8 a3(G)
* 44. b8-c8 d7-d6
* 45. c8-b8 d6-d5
* 46. b8-c8 b3-b4
* 47. c8-b8 a8-a7
* 48. b8-a8 a7-a8
* 49. a6-a7 c2(k)
* 50. a7-b7 c5-c6
* 51. b7-b8 d4-c4
* 52. b8-c8 d5-d6
* 53. c8-b8 b5(P)
* 54. b8-c8 a2(N)
* 55. c8-b8 c7(p)
* 56. b8-c8 b4-b3
* 57. c8-b8 c6-c5
* 58. b8-c8 c7-c6
* 59. c8-b8 a4-a3
* 60. b8-c8 b1-a1
* 61. c8-b8 b2-b1
* 62. b8-c8 c5-b5
* 63. c8-b8 c6-c5
* 64. b8-c8 c2-b2
* 65. c8-b8 b6(p)
* 66. b8-c8 a8-a7
* 67. c8-b8 a7-a8
* 68. b8-c8 a8-b8
* 69. c8-d8 b6-c6
* 70. d8-c8 c5-d5
* 71. c8-d8 c4-c3
* 72. d8-c8 c3-c2
* 73. c8-d8 b5-b4
* 74. d8-c8 a5-b5
* 75. c8-d8 c6-c7
* 76. d8-c8 b8-a8
* 77. c8-b8 c2-c3
* 78. b8-c8 d3(P)
* 79. c8-b8 b4-c4
* 80. b8-c8 c4-b4
* 81. c8-b8 c7-b7
* 82. b8-c8 b5-c5
* 83. c8-b8 a3-a2
* 84. b8-c8 b2-c2
* 85. c8-b8 d2-d3
* 86. b8-c8 c3-c4
* 87. c8-b8 b3-c3
* 88. b8-c8 b7-b6
* 89. c8-b8 a8-b8
* NoMove a0_random Wins 0.000000,1.000000
* Comment 0 0
0. 1771953280522
1. 1771953280522
2. 1771953280706
3. 1771953281114
4. 1771953281257
5. 1771953281665
6. 1771953281809
7. 1771953282216
8. 1771953282360
9. 1771953282768
10. 1771953282912
11. 1771953283269
12. 1771953283413
13. 1771953283820
14. 1771953283965
15. 1771953284371
16. 1771953284517
17. 1771953284872
18. 1771953285018
19. 1771953285424
20. 1771953285570
21. 1771953285925
22. 1771953286071
23. 1771953286426
24. 1771953286572
25. 1771953286927
26. 1771953287073
27. 1771953287428
28. 1771953287574
29. 1771953287929
30. 1771953288075
31. 1771953288430
32. 1771953288576
33. 1771953288981
34. 1771953289127
35. 1771953289482
36. 1771953289628
37. 1771953289983
38. 1771953290129
39. 1771953290484
40. 1771953290630
41. 1771953290985
42. 1771953291131
43. 1771953291486
44. 1771953291632
45. 1771953291987
46. 1771953292134
47. 1771953292488
48. 1771953292635
49. 1771953292990
50. 1771953293136
51. 1771953293490
52. 1771953293637
53. 1771953293991
54. 1771953294138
55. 1771953294492
56. 1771953294640
57. 1771953294993
58. 1771953295140
59. 1771953295494
60. 1771953295641
61. 1771953296046
62. 1771953296192
63. 1771953296547
64. 1771953296693
65. 1771953297048
66. 1771953297195
67. 1771953297549
68. 1771953297696
69. 1771953298050
70. 1771953298197
71. 1771953298551
72. 1771953298698
73. 1771953299052
74. 1771953299199
75. 1771953299553
76. 1771953299700
77. 1771953300054
78. 1771953300201
79. 1771953300555
80. 1771953300702
81. 1771953301056
82. 1771953301203
83. 1771953301557
84. 1771953301704
85. 1771953302058
86. 1771953302205
87. 1771953302559
88. 1771953302706
89. 1771953303061
90. 1771953303207
91. 1771953303562
92. 1771953303708
93. 1771953304062
94. 1771953304209
95. 1771953304564
96. 1771953304710
97. 1771953305065
98. 1771953305211
99. 1771953305566
100. 1771953305712
101. 1771953306067
102. 1771953306213
103. 1771953306568
104. 1771953306715
105. 1771953307069
106. 1771953307215
107. 1771953307571
108. 1771953307717
109. 1771953308071
110. 1771953308219
111. 1771953308572
112. 1771953308720
113. 1771953309073
114. 1771953309220
115. 1771953309575
116. 1771953309721
117. 1771953310075
118. 1771953310223
119. 1771953310576
120. 1771953310723
121. 1771953311077
122. 1771953311224
123. 1771953311578
124. 1771953311726
125. 1771953312080
126. 1771953312226
127. 1771953312581
128. 1771953312727
129. 1771953313082
130. 1771953313228
131. 1771953313583
132. 1771953313729
133. 1771953314084
134. 1771953314230
135. 1771953314586
136. 1771953314731
137. 1771953315087
138. 1771953315232
139. 1771953315588
140. 1771953315733
141. 1771953316088
142. 1771953316234
143. 1771953316589
144. 1771953316735
145. 1771953317090
146. 1771953317236
147. 1771953317591
148. 1771953317738
149. 1771953318092
150. 1771953318238
151. 1771953318593
152. 1771953318739
153. 1771953319094
154. 1771953319240
155. 1771953319595
156. 1771953319742
157. 1771953320096
158. 1771953320242
159. 1771953320598
160. 1771953320743
161. 1771953321099
162. 1771953321244
163. 1771953321600
164. 1771953321745
165. 1771953322102
166. 1771953322246
167. 1771953322603
168. 1771953322747
169. 1771953323104
170. 1771953323248
171. 1771953323605
172. 1771953323750
173. 1771953324107
174. 1771953324250
175. 1771953324608
176. 1771953324751
177. 1771953325109
178. 1771953325252

# 10 12 46 48 82 84 118 120 154 156 190 192 226 228 262 264 298 300 334 336 370 372 406 408 442 444 478 480 514 516 550 552 586 588 622 624 658 660 694 696 730 732 766 768 802 804 838 840 874 876 910 912 946 948 982 984 1018 1020 1054 1056 1090 1092 1126 1128 1162 1164 1198 1200 1234 1236 1270 1272 1306 1308 1342 1344 1378 1380 1414 1416 1450 1452 1486 1488 1522 1524 1558 1560 1594 1596 1630 1632 1666 1668 1702 1704 1738 1740 1774 1776 1810 1812 1846 1848 1882 1884 1918 1920 1954 1956 1990 1992 2026 2028 2062 2064 2098 2100 2134 2136 2170 2172 2206 2208 2242 2244 2278 2280 2314 2316 2350 2352 2386 2388 2422 2424 2458 2460 2494 2496 2530 2532 2566 2568 2602 2604 2638 2640 2674 2676 2710 2712 2746 2748 2782 2784 2818 2820 2854 2856 2890 2892 2926 2928 2962 2964 2998 3000 3034 3036 3070 3072 3106 3108 3142 3144 3178 3180 #
LightZero MGTP Interface Ready
=1 LightZero_DarkChess

=2 1.0.0

=7 

=15 

=14 

=12 a8 a8

[debug] move action_id=0, action=((0, 0), (0, 0)), 
[debug] current_player=1 (B), 
[debug] board[(0, 0)]=5, board[(0, 0)]=5, 
[debug] board state:
[[ 5 15 15 15]
 [15 15 15 15]
 [15 15 15 15]
 [15 15 15 15]
 [15 15 15 15]
 [15 15 15 15]
 [15 15 15 15]
 [15 15 15 15]], 

=11 

=16 

[debug] move action_id=187, action=((4, 1), (4, 1)), 
[debug] current_player=0 (R), 
[debug] board[(4, 1)]=4, board[(4, 1)]=4, 
[debug] board state:
[[ 5 15 15 15]
 [15 15 15 15]
 [15 15 15 15]
 [15 15 15 15]
 [15  4 15 15]
 [15 15 15 15]
 [15 15 15 15]
 [15 15 15 15]], 

=11 

=16 

=12 b8 b8

[debug] move action_id=11, action=((0, 1), (0, 1)), 
[debug] current_player=1 (B), 
[debug] board[(0, 1)]=8, board[(0, 1)]=8, 
[debug] board state:
[[ 5  8 15 15]
 [15 15 15 15]
 [15 15 15 15]
 [15 15 15 15]
 [15  4 15 15]
 [15 15 15 15]
 [15 15 15 15]
 [15 15 15 15]], 

=11 

=16 

[debug] move action_id=242, action=((5, 2), (5, 2)), 
[debug] current_player=0 (R), 
[debug] board[(5, 2)]=8, board[(5, 2)]=8, 
[debug] board state:
[[ 5  8 15 15]
 [15 15 15 15]
 [15 15 15 15]
 [15 15 15 15]
 [15  4 15 15]
 [15 15  8 15]
 [15 15 15 15]
 [15 15 15 15]], 

=11 

=16 

=12 c8 c8

[debug] move action_id=22, action=((0, 2), (0, 2)), 
[debug] current_player=1 (B), 
[debug] board[(0, 2)]=9, board[(0, 2)]=9, 
[debug] board state:
[[ 5  8  9 15]
 [15 15 15 15]
 [15 15 15 15]
 [15 15 15 15]
 [15  4 15 15]
 [15 15  8 15]
 [15 15 15 15]
 [15 15 15 15]], 

=11 

=16 

[debug] move action_id=231, action=((5, 1), (5, 1)), 
[debug] current_player=0 (R), 
[debug] board[(5, 1)]=2, board[(5, 1)]=2, 
[debug] board state:
[[ 5  8  9 15]
 [15 15 15 15]
 [15 15 15 15]
 [15 15 15 15]
 [15  4 15 15]
 [15  2  8 15]
 [15 15 15 15]
 [15 15 15 15]], 

=11 

=16 

=12 a8 c8

[debug] move action_id=9, action=((0, 0), (0, 2)), 
[debug] current_player=1 (B), 
[debug] board[(0, 0)]=14, board[(0, 2)]=5, 
[debug] board state:
[[14  8  5 15]
 [15 15 15 15]
 [15 15 15 15]
 [15 15 15 15]
 [15  4 15 15]
 [15  2  8 15]
 [15 15 15 15]
 [15 15 15 15]], 

=10 

=16 

[debug] move action_id=165, action=((3, 3), (3, 3)), 
[debug] current_player=0 (R), 
[debug] board[(3, 3)]=10, board[(3, 3)]=10, 
[debug] board state:
[[14  8  5 15]
 [15 15 15 15]
 [15 15 15 15]
 [15 15 15 10]
 [15  4 15 15]
 [15  2  8 15]
 [15 15 15 15]
 [15 15 15 15]], 

=11 

=16 

=12 d8 d8

[debug] move action_id=33, action=((0, 3), (0, 3)), 
[debug] current_player=1 (B), 
[debug] board[(0, 3)]=3, board[(0, 3)]=3, 
[debug] board state:
[[14  8  5  3]
 [15 15 15 15]
 [15 15 15 15]
 [15 15 15 10]
 [15  4 15 15]
 [15  2  8 15]
 [15 15 15 15]
 [15 15 15 15]], 

=11 

=16 

[debug] move action_id=330, action=((7, 2), (7, 2)), 
[debug] current_player=0 (R), 
[debug] board[(7, 2)]=13, board[(7, 2)]=13, 
[debug] board state:
[[14  8  5  3]
 [15 15 15 15]
 [15 15 15 15]
 [15 15 15 10]
 [15  4 15 15]
 [15  2  8 15]
 [15 15 15 15]
 [15 15 13 15]], 

=11 

=16 

=12 a7 a7

[debug] move action_id=44, action=((1, 0), (1, 0)), 
[debug] current_player=1 (B), 
[debug] board[(1, 0)]=5, board[(1, 0)]=5, 
[debug] board state:
[[14  8  5  3]
 [ 5 15 15 15]
 [15 15 15 15]
 [15 15 15 10]
 [15  4 15 15]
 [15  2  8 15]
 [15 15 15 15]
 [15 15 13 15]], 

=11 

=16 

[debug] move action_id=55, action=((1, 1), (1, 1)), 
[debug] current_player=0 (R), 
[debug] board[(1, 1)]=6, board[(1, 1)]=6, 
[debug] board state:
[[14  8  5  3]
 [ 5  6 15 15]
 [15 15 15 15]
 [15 15 15 10]
 [15  4 15 15]
 [15  2  8 15]
 [15 15 15 15]
 [15 15 13 15]], 

=11 

=16 

=12 a7 a8

[debug] move action_id=1, action=((1, 0), (0, 0)), 
[debug] current_player=1 (B), 
[debug] board[(1, 0)]=14, board[(0, 0)]=5, 
[debug] board state:
[[ 5  8  5  3]
 [14  6 15 15]
 [15 15 15 15]
 [15 15 15 10]
 [15  4 15 15]
 [15  2  8 15]
 [15 15 15 15]
 [15 15 13 15]], 

=10 

=16 

[debug] move action_id=20, action=((0, 1), (0, 2)), 
[debug] current_player=0 (R), 
[debug] board[(0, 1)]=14, board[(0, 2)]=8, 
[debug] board state:
[[ 5 14  8  3]
 [14  6 15 15]
 [15 15 15 15]
 [15 15 15 10]
 [15  4 15 15]
 [15  2  8 15]
 [15 15 15 15]
 [15 15 13 15]], 

=10 

=16 

=12 a8 b8

[debug] move action_id=8, action=((0, 0), (0, 1)), 
[debug] current_player=1 (B), 
[debug] board[(0, 0)]=14, board[(0, 1)]=5, 
[debug] board state:
[[14  5  8  3]
 [14  6 15 15]
 [15 15 15 15]
 [15 15 15 10]
 [15  4 15 15]
 [15  2  8 15]
 [15 15 15 15]
 [15 15 13 15]], 

=10 

=16 

[debug] move action_id=198, action=((4, 2), (4, 2)), 
[debug] current_player=0 (R), 
[debug] board[(4, 2)]=0, board[(4, 2)]=0, 
[debug] board state:
[[14  5  8  3]
 [14  6 15 15]
 [15 15 15 15]
 [15 15 15 10]
 [15  4  0 15]
 [15  2  8 15]
 [15 15 15 15]
 [15 15 13 15]], 

=11 

=16 

=12 b8 a8

[debug] move action_id=19, action=((0, 1), (0, 0)), 
[debug] current_player=1 (B), 
[debug] board[(0, 1)]=14, board[(0, 0)]=5, 
[debug] board state:
[[ 5 14  8  3]
 [14  6 15 15]
 [15 15 15 15]
 [15 15 15 10]
 [15  4  0 15]
 [15  2  8 15]
 [15 15 15 15]
 [15 15 13 15]], 

=10 

=16 

[debug] move action_id=251, action=((5, 2), (5, 1)), 
[debug] current_player=0 (R), 
[debug] board[(5, 2)]=14, board[(5, 1)]=8, 
[debug] board state:
[[ 5 14  8  3]
 [14  6 15 15]
 [15 15 15 15]
 [15 15 15 10]
 [15  4  0 15]
 [15  8 14 15]
 [15 15 15 15]
 [15 15 13 15]], 

=10 

=16 

=12 a8 b8

[debug] move action_id=8, action=((0, 0), (0, 1)), 
[debug] current_player=1 (B), 
[debug] board[(0, 0)]=14, board[(0, 1)]=5, 
[debug] board state:
[[14  5  8  3]
 [14  6 15 15]
 [15 15 15 15]
 [15 15 15 10]
 [15  4  0 15]
 [15  8 14 15]
 [15 15 15 15]
 [15 15 13 15]], 

=10 

=16 

[debug] move action_id=154, action=((3, 2), (3, 2)), 
[debug] current_player=0 (R), 
[debug] board[(3, 2)]=11, board[(3, 2)]=11, 
[debug] board state:
[[14  5  8  3]
 [14  6 15 15]
 [15 15 15 15]
 [15 15 11 10]
 [15  4  0 15]
 [15  8 14 15]
 [15 15 15 15]
 [15 15 13 15]], 

=11 

=16 

=12 b8 a8

[debug] move action_id=19, action=((0, 1), (0, 0)), 
[debug] current_player=1 (B), 
[debug] board[(0, 1)]=14, board[(0, 0)]=5, 
[debug] board state:
[[ 5 14  8  3]
 [14  6 15 15]
 [15 15 15 15]
 [15 15 11 10]
 [15  4  0 15]
 [15  8 14 15]
 [15 15 15 15]
 [15 15 13 15]], 

=10 

=16 

[debug] move action_id=341, action=((7, 3), (7, 3)), 
[debug] current_player=0 (R), 
[debug] board[(7, 3)]=3, board[(7, 3)]=3, 
[debug] board state:
[[ 5 14  8  3]
 [14  6 15 15]
 [15 15 15 15]
 [15 15 11 10]
 [15  4  0 15]
 [15  8 14 15]
 [15 15 15 15]
 [15 15 13  3]], 

=11 

=16 

=12 a8 b8

[debug] move action_id=8, action=((0, 0), (0, 1)), 
[debug] current_player=1 (B), 
[debug] board[(0, 0)]=14, board[(0, 1)]=5, 
[debug] board state:
[[14  5  8  3]
 [14  6 15 15]
 [15 15 15 15]
 [15 15 11 10]
 [15  4  0 15]
 [15  8 14 15]
 [15 15 15 15]
 [15 15 13  3]], 

=10 

=16 

[debug] move action_id=275, action=((6, 1), (6, 1)), 
[debug] current_player=0 (R), 
[debug] board[(6, 1)]=10, board[(6, 1)]=10, 
[debug] board state:
[[14  5  8  3]
 [14  6 15 15]
 [15 15 15 15]
 [15 15 11 10]
 [15  4  0 15]
 [15  8 14 15]
 [15 10 15 15]
 [15 15 13  3]], 

=11 

=16 

=12 b8 a8

[debug] move action_id=19, action=((0, 1), (0, 0)), 
[debug] current_player=1 (B), 
[debug] board[(0, 1)]=14, board[(0, 0)]=5, 
[debug] board state:
[[ 5 14  8  3]
 [14  6 15 15]
 [15 15 15 15]
 [15 15 11 10]
 [15  4  0 15]
 [15  8 14 15]
 [15 10 15 15]
 [15 15 13  3]], 

=10 

=16 

[debug] move action_id=77, action=((1, 3), (1, 3)), 
[debug] current_player=0 (R), 
[debug] board[(1, 3)]=11, board[(1, 3)]=11, 
[debug] board state:
[[ 5 14  8  3]
 [14  6 15 11]
 [15 15 15 15]
 [15 15 11 10]
 [15  4  0 15]
 [15  8 14 15]
 [15 10 15 15]
 [15 15 13  3]], 

=11 

=16 

=12 a8 b8

[debug] move action_id=8, action=((0, 0), (0, 1)), 
[debug] current_player=1 (B), 
[debug] board[(0, 0)]=14, board[(0, 1)]=5, 
[debug] board state:
[[14  5  8  3]
 [14  6 15 11]
 [15 15 15 15]
 [15 15 11 10]
 [15  4  0 15]
 [15  8 14 15]
 [15 10 15 15]
 [15 15 13  3]], 

=10 

=16 

[debug] move action_id=121, action=((2, 3), (2, 3)), 
[debug] current_player=0 (R), 
[debug] board[(2, 3)]=6, board[(2, 3)]=6, 
[debug] board state:
[[14  5  8  3]
 [14  6 15 11]
 [15 15 15  6]
 [15 15 11 10]
 [15  4  0 15]
 [15  8 14 15]
 [15 10 15 15]
 [15 15 13  3]], 

=11 

=16 

=12 b8 a8

[debug] move action_id=19, action=((0, 1), (0, 0)), 
[debug] current_player=1 (B), 
[debug] board[(0, 1)]=14, board[(0, 0)]=5, 
[debug] board state:
[[ 5 14  8  3]
 [14  6 15 11]
 [15 15 15  6]
 [15 15 11 10]
 [15  4  0 15]
 [15  8 14 15]
 [15 10 15 15]
 [15 15 13  3]], 

=10 

=16 

[debug] move action_id=123, action=((1, 3), (2, 3)), 
[debug] current_player=0 (R), 
[debug] board[(1, 3)]=14, board[(2, 3)]=11, 
[debug] board state:
[[ 5 14  8  3]
 [14  6 15 14]
 [15 15 15 11]
 [15 15 11 10]
 [15  4  0 15]
 [15  8 14 15]
 [15 10 15 15]
 [15 15 13  3]], 

=10 

=16 

=12 a8 b8

[debug] move action_id=8, action=((0, 0), (0, 1)), 
[debug] current_player=1 (B), 
[debug] board[(0, 0)]=14, board[(0, 1)]=5, 
[debug] board state:
[[14  5  8  3]
 [14  6 15 14]
 [15 15 15 11]
 [15 15 11 10]
 [15  4  0 15]
 [15  8 14 15]
 [15 10 15 15]
 [15 15 13  3]], 

=10 

=16 

[debug] move action_id=319, action=((7, 1), (7, 1)), 
[debug] current_player=0 (R), 
[debug] board[(7, 1)]=12, board[(7, 1)]=12, 
[debug] board state:
[[14  5  8  3]
 [14  6 15 14]
 [15 15 15 11]
 [15 15 11 10]
 [15  4  0 15]
 [15  8 14 15]
 [15 10 15 15]
 [15 12 13  3]], 

=11 

=16 

=12 b8 a8

[debug] move action_id=19, action=((0, 1), (0, 0)), 
[debug] current_player=1 (B), 
[debug] board[(0, 1)]=14, board[(0, 0)]=5, 
[debug] board state:
[[ 5 14  8  3]
 [14  6 15 14]
 [15 15 15 11]
 [15 15 11 10]
 [15  4  0 15]
 [15  8 14 15]
 [15 10 15 15]
 [15 12 13  3]], 

=10 

=16 

[debug] move action_id=308, action=((7, 0), (7, 0)), 
[debug] current_player=0 (R), 
[debug] board[(7, 0)]=12, board[(7, 0)]=12, 
[debug] board state:
[[ 5 14  8  3]
 [14  6 15 14]
 [15 15 15 11]
 [15 15 11 10]
 [15  4  0 15]
 [15  8 14 15]
 [15 10 15 15]
 [12 12 13  3]], 

=11 

=16 

=12 a8 b8

[debug] move action_id=8, action=((0, 0), (0, 1)), 
[debug] current_player=1 (B), 
[debug] board[(0, 0)]=14, board[(0, 1)]=5, 
[debug] board state:
[[14  5  8  3]
 [14  6 15 14]
 [15 15 15 11]
 [15 15 11 10]
 [15  4  0 15]
 [15  8 14 15]
 [15 10 15 15]
 [12 12 13  3]], 

=10 

=16 

[debug] move action_id=209, action=((4, 3), (4, 3)), 
[debug] current_player=0 (R), 
[debug] board[(4, 3)]=13, board[(4, 3)]=13, 
[debug] board state:
[[14  5  8  3]
 [14  6 15 14]
 [15 15 15 11]
 [15 15 11 10]
 [15  4  0 13]
 [15  8 14 15]
 [15 10 15 15]
 [12 12 13  3]], 

=11 

=16 

=12 b8 a8

[debug] move action_id=19, action=((0, 1), (0, 0)), 
[debug] current_player=1 (B), 
[debug] board[(0, 1)]=14, board[(0, 0)]=5, 
[debug] board state:
[[ 5 14  8  3]
 [14  6 15 14]
 [15 15 15 11]
 [15 15 11 10]
 [15  4  0 13]
 [15  8 14 15]
 [15 10 15 15]
 [12 12 13  3]], 

=10 

=16 

[debug] move action_id=329, action=((7, 1), (7, 3)), 
[debug] current_player=0 (R), 
[debug] board[(7, 1)]=14, board[(7, 3)]=12, 
[debug] board state:
[[ 5 14  8  3]
 [14  6 15 14]
 [15 15 15 11]
 [15 15 11 10]
 [15  4  0 13]
 [15  8 14 15]
 [15 10 15 15]
 [12 14 13 12]], 

=10 

=16 

=12 a8 b8

[debug] move action_id=8, action=((0, 0), (0, 1)), 
[debug] current_player=1 (B), 
[debug] board[(0, 0)]=14, board[(0, 1)]=5, 
[debug] board state:
[[14  5  8  3]
 [14  6 15 14]
 [15 15 15 11]
 [15 15 11 10]
 [15  4  0 13]
 [15  8 14 15]
 [15 10 15 15]
 [12 14 13 12]], 

=10 

=16 

[debug] move action_id=32, action=((0, 2), (0, 3)), 
[debug] current_player=0 (R), 
[debug] board[(0, 2)]=14, board[(0, 3)]=8, 
[debug] board state:
[[14  5 14  8]
 [14  6 15 14]
 [15 15 15 11]
 [15 15 11 10]
 [15  4  0 13]
 [15  8 14 15]
 [15 10 15 15]
 [12 14 13 12]], 

=10 

=16 

=12 b8 a8

[debug] move action_id=19, action=((0, 1), (0, 0)), 
[debug] current_player=1 (B), 
[debug] board[(0, 1)]=14, board[(0, 0)]=5, 
[debug] board state:
[[ 5 14 14  8]
 [14  6 15 14]
 [15 15 15 11]
 [15 15 11 10]
 [15  4  0 13]
 [15  8 14 15]
 [15 10 15 15]
 [12 14 13 12]], 

=10 

=16 

[debug] move action_id=219, action=((4, 3), (4, 2)), 
[debug] current_player=0 (R), 
[debug] board[(4, 3)]=14, board[(4, 2)]=13, 
[debug] board state:
[[ 5 14 14  8]
 [14  6 15 14]
 [15 15 15 11]
 [15 15 11 10]
 [15  4 13 14]
 [15  8 14 15]
 [15 10 15 15]
 [12 14 13 12]], 

=10 

=16 

=12 a8 b8

[debug] move action_id=8, action=((0, 0), (0, 1)), 
[debug] current_player=1 (B), 
[debug] board[(0, 0)]=14, board[(0, 1)]=5, 
[debug] board state:
[[14  5 14  8]
 [14  6 15 14]
 [15 15 15 11]
 [15 15 11 10]
 [15  4 13 14]
 [15  8 14 15]
 [15 10 15 15]
 [12 14 13 12]], 

=10 

=16 

[debug] move action_id=339, action=((7, 2), (7, 1)), 
[debug] current_player=0 (R), 
[debug] board[(7, 2)]=14, board[(7, 1)]=13, 
[debug] board state:
[[14  5 14  8]
 [14  6 15 14]
 [15 15 15 11]
 [15 15 11 10]
 [15  4 13 14]
 [15  8 14 15]
 [15 10 15 15]
 [12 13 14 12]], 

=10 

=16 

=12 b8 a8

[debug] move action_id=19, action=((0, 1), (0, 0)), 
[debug] current_player=1 (B), 
[debug] board[(0, 1)]=14, board[(0, 0)]=5, 
[debug] board state:
[[ 5 14 14  8]
 [14  6 15 14]
 [15 15 15 11]
 [15 15 11 10]
 [15  4 13 14]
 [15  8 14 15]
 [15 10 15 15]
 [12 13 14 12]], 

=10 

=16 

[debug] move action_id=328, action=((7, 1), (7, 2)), 
[debug] current_player=0 (R), 
[debug] board[(7, 1)]=14, board[(7, 2)]=13, 
[debug] board state:
[[ 5 14 14  8]
 [14  6 15 14]
 [15 15 15 11]
 [15 15 11 10]
 [15  4 13 14]
 [15  8 14 15]
 [15 10 15 15]
 [12 14 13 12]], 

=10 

=16 

=12 a8 b8

[debug] move action_id=8, action=((0, 0), (0, 1)), 
[debug] current_player=1 (B), 
[debug] board[(0, 0)]=14, board[(0, 1)]=5, 
[debug] board state:
[[14  5 14  8]
 [14  6 15 14]
 [15 15 15 11]
 [15 15 11 10]
 [15  4 13 14]
 [15  8 14 15]
 [15 10 15 15]
 [12 14 13 12]], 

=10 

=16 

[debug] move action_id=176, action=((4, 0), (4, 0)), 
[debug] current_player=0 (R), 
[debug] board[(4, 0)]=1, board[(4, 0)]=1, 
[debug] board state:
[[14  5 14  8]
 [14  6 15 14]
 [15 15 15 11]
 [15 15 11 10]
 [ 1  4 13 14]
 [15  8 14 15]
 [15 10 15 15]
 [12 14 13 12]], 

=11 

=16 

=12 b8 a8

[debug] move action_id=19, action=((0, 1), (0, 0)), 
[debug] current_player=1 (B), 
[debug] board[(0, 1)]=14, board[(0, 0)]=5, 
[debug] board state:
[[ 5 14 14  8]
 [14  6 15 14]
 [15 15 15 11]
 [15 15 11 10]
 [ 1  4 13 14]
 [15  8 14 15]
 [15 10 15 15]
 [12 14 13 12]], 

=10 

=16 

[debug] move action_id=88, action=((2, 0), (2, 0)), 
[debug] current_player=0 (R), 
[debug] board[(2, 0)]=2, board[(2, 0)]=2, 
[debug] board state:
[[ 5 14 14  8]
 [14  6 15 14]
 [ 2 15 15 11]
 [15 15 11 10]
 [ 1  4 13 14]
 [15  8 14 15]
 [15 10 15 15]
 [12 14 13 12]], 

=11 

=16 

=12 a8 b8

[debug] move action_id=8, action=((0, 0), (0, 1)), 
[debug] current_player=1 (B), 
[debug] board[(0, 0)]=14, board[(0, 1)]=5, 
[debug] board state:
[[14  5 14  8]
 [14  6 15 14]
 [ 2 15 15 11]
 [15 15 11 10]
 [ 1  4 13 14]
 [15  8 14 15]
 [15 10 15 15]
 [12 14 13 12]], 

=10 

=16 

[debug] move action_id=192, action=((5, 1), (4, 1)), 
[debug] current_player=0 (R), 
[debug] board[(5, 1)]=14, board[(4, 1)]=8, 
[debug] board state:
[[14  5 14  8]
 [14  6 15 14]
 [ 2 15 15 11]
 [15 15 11 10]
 [ 1  8 13 14]
 [15 14 14 15]
 [15 10 15 15]
 [12 14 13 12]], 

=10 

=16 

=12 b8 a8

[debug] move action_id=19, action=((0, 1), (0, 0)), 
[debug] current_player=1 (B), 
[debug] board[(0, 1)]=14, board[(0, 0)]=5, 
[debug] board state:
[[ 5 14 14  8]
 [14  6 15 14]
 [ 2 15 15 11]
 [15 15 11 10]
 [ 1  8 13 14]
 [15 14 14 15]
 [15 10 15 15]
 [12 14 13 12]], 

=10 

=16 

[debug] move action_id=316, action=((7, 0), (7, 1)), 
[debug] current_player=0 (R), 
[debug] board[(7, 0)]=14, board[(7, 1)]=12, 
[debug] board state:
[[ 5 14 14  8]
 [14  6 15 14]
 [ 2 15 15 11]
 [15 15 11 10]
 [ 1  8 13 14]
 [15 14 14 15]
 [15 10 15 15]
 [14 12 13 12]], 

=10 

=16 

=12 a8 b8

[debug] move action_id=8, action=((0, 0), (0, 1)), 
[debug] current_player=1 (B), 
[debug] board[(0, 0)]=14, board[(0, 1)]=5, 
[debug] board state:
[[14  5 14  8]
 [14  6 15 14]
 [ 2 15 15 11]
 [15 15 11 10]
 [ 1  8 13 14]
 [15 14 14 15]
 [15 10 15 15]
 [14 12 13 12]], 

=10 

=16 

[debug] move action_id=327, action=((7, 1), (7, 0)), 
[debug] current_player=0 (R), 
[debug] board[(7, 1)]=14, board[(7, 0)]=12, 
[debug] board state:
[[14  5 14  8]
 [14  6 15 14]
 [ 2 15 15 11]
 [15 15 11 10]
 [ 1  8 13 14]
 [15 14 14 15]
 [15 10 15 15]
 [12 14 13 12]], 

=10 

=16 

=12 b8 a8

[debug] move action_id=19, action=((0, 1), (0, 0)), 
[debug] current_player=1 (B), 
[debug] board[(0, 1)]=14, board[(0, 0)]=5, 
[debug] board state:
[[ 5 14 14  8]
 [14  6 15 14]
 [ 2 15 15 11]
 [15 15 11 10]
 [ 1  8 13 14]
 [15 14 14 15]
 [15 10 15 15]
 [12 14 13 12]], 

=10 

=16 

[debug] move action_id=132, action=((3, 0), (3, 0)), 
[debug] current_player=0 (R), 
[debug] board[(3, 0)]=13, board[(3, 0)]=13, 
[debug] board state:
[[ 5 14 14  8]
 [14  6 15 14]
 [ 2 15 15 11]
 [13 15 11 10]
 [ 1  8 13 14]
 [15 14 14 15]
 [15 10 15 15]
 [12 14 13 12]], 

=11 

=16 

=12 a8 b8

[debug] move action_id=8, action=((0, 0), (0, 1)), 
[debug] current_player=1 (B), 
[debug] board[(0, 0)]=14, board[(0, 1)]=5, 
[debug] board state:
[[14  5 14  8]
 [14  6 15 14]
 [ 2 15 15 11]
 [13 15 11 10]
 [ 1  8 13 14]
 [15 14 14 15]
 [15 10 15 15]
 [12 14 13 12]], 

=10 

=16 

[debug] move action_id=43, action=((0, 3), (0, 2)), 
[debug] current_player=0 (R), 
[debug] board[(0, 3)]=14, board[(0, 2)]=8, 
[debug] board state:
[[14  5  8 14]
 [14  6 15 14]
 [ 2 15 15 11]
 [13 15 11 10]
 [ 1  8 13 14]
 [15 14 14 15]
 [15 10 15 15]
 [12 14 13 12]], 

=10 

=16 

=12 b8 a8

[debug] move action_id=19, action=((0, 1), (0, 0)), 
[debug] current_player=1 (B), 
[debug] board[(0, 1)]=14, board[(0, 0)]=5, 
[debug] board state:
[[ 5 14  8 14]
 [14  6 15 14]
 [ 2 15 15 11]
 [13 15 11 10]
 [ 1  8 13 14]
 [15 14 14 15]
 [15 10 15 15]
 [12 14 13 12]], 

=10 

=16 

[debug] move action_id=195, action=((4, 1), (4, 0)), 
[debug] current_player=0 (R), 
[debug] board[(4, 1)]=14, board[(4, 0)]=8, 
[debug] board state:
[[ 5 14  8 14]
 [14  6 15 14]
 [ 2 15 15 11]
 [13 15 11 10]
 [ 8 14 13 14]
 [15 14 14 15]
 [15 10 15 15]
 [12 14 13 12]], 

=10 

=16 

=12 a8 b8

[debug] move action_id=8, action=((0, 0), (0, 1)), 
[debug] current_player=1 (B), 
[debug] board[(0, 0)]=14, board[(0, 1)]=5, 
[debug] board state:
[[14  5  8 14]
 [14  6 15 14]
 [ 2 15 15 11]
 [13 15 11 10]
 [ 8 14 13 14]
 [15 14 14 15]
 [15 10 15 15]
 [12 14 13 12]], 

=10 

=16 

[debug] move action_id=316, action=((7, 0), (7, 1)), 
[debug] current_player=0 (R), 
[debug] board[(7, 0)]=14, board[(7, 1)]=12, 
[debug] board state:
[[14  5  8 14]
 [14  6 15 14]
 [ 2 15 15 11]
 [13 15 11 10]
 [ 8 14 13 14]
 [15 14 14 15]
 [15 10 15 15]
 [14 12 13 12]], 

=10 

=16 

=12 b8 a8

[debug] move action_id=19, action=((0, 1), (0, 0)), 
[debug] current_player=1 (B), 
[debug] board[(0, 1)]=14, board[(0, 0)]=5, 
[debug] board state:
[[ 5 14  8 14]
 [14  6 15 14]
 [ 2 15 15 11]
 [13 15 11 10]
 [ 8 14 13 14]
 [15 14 14 15]
 [15 10 15 15]
 [14 12 13 12]], 

=10 

=16 

[debug] move action_id=213, action=((3, 3), (4, 3)), 
[debug] current_player=0 (R), 
[debug] board[(3, 3)]=14, board[(4, 3)]=10, 
[debug] board state:
[[ 5 14  8 14]
 [14  6 15 14]
 [ 2 15 15 11]
 [13 15 11 14]
 [ 8 14 13 10]
 [15 14 14 15]
 [15 10 15 15]
 [14 12 13 12]], 

=10 

=16 

=12 a8 b8

[debug] move action_id=8, action=((0, 0), (0, 1)), 
[debug] current_player=1 (B), 
[debug] board[(0, 0)]=14, board[(0, 1)]=5, 
[debug] board state:
[[14  5  8 14]
 [14  6 15 14]
 [ 2 15 15 11]
 [13 15 11 14]
 [ 8 14 13 10]
 [15 14 14 15]
 [15 10 15 15]
 [14 12 13 12]], 

=10 

=16 

[debug] move action_id=79, action=((2, 3), (1, 3)), 
[debug] current_player=0 (R), 
[debug] board[(2, 3)]=14, board[(1, 3)]=11, 
[debug] board state:
[[14  5  8 14]
 [14  6 15 11]
 [ 2 15 15 14]
 [13 15 11 14]
 [ 8 14 13 10]
 [15 14 14 15]
 [15 10 15 15]
 [14 12 13 12]], 

=10 

=16 

=12 b8 a8

[debug] move action_id=19, action=((0, 1), (0, 0)), 
[debug] current_player=1 (B), 
[debug] board[(0, 1)]=14, board[(0, 0)]=5, 
[debug] board state:
[[ 5 14  8 14]
 [14  6 15 11]
 [ 2 15 15 14]
 [13 15 11 14]
 [ 8 14 13 10]
 [15 14 14 15]
 [15 10 15 15]
 [14 12 13 12]], 

=10 

=16 

[debug] move action_id=247, action=((4, 2), (5, 2)), 
[debug] current_player=0 (R), 
[debug] board[(4, 2)]=14, board[(5, 2)]=13, 
[debug] board state:
[[ 5 14  8 14]
 [14  6 15 11]
 [ 2 15 15 14]
 [13 15 11 14]
 [ 8 14 14 10]
 [15 14 13 15]
 [15 10 15 15]
 [14 12 13 12]], 

=10 

=16 

=12 a8 b8

[debug] move action_id=8, action=((0, 0), (0, 1)), 
[debug] current_player=1 (B), 
[debug] board[(0, 0)]=14, board[(0, 1)]=5, 
[debug] board state:
[[14  5  8 14]
 [14  6 15 11]
 [ 2 15 15 14]
 [13 15 11 14]
 [ 8 14 14 10]
 [15 14 13 15]
 [15 10 15 15]
 [14 12 13 12]], 

=10 

=16 

[debug] move action_id=203, action=((5, 2), (4, 2)), 
[debug] current_player=0 (R), 
[debug] board[(5, 2)]=14, board[(4, 2)]=13, 
[debug] board state:
[[14  5  8 14]
 [14  6 15 11]
 [ 2 15 15 14]
 [13 15 11 14]
 [ 8 14 13 10]
 [15 14 14 15]
 [15 10 15 15]
 [14 12 13 12]], 

=10 

=16 

=12 b8 a8

[debug] move action_id=19, action=((0, 1), (0, 0)), 
[debug] current_player=1 (B), 
[debug] board[(0, 1)]=14, board[(0, 0)]=5, 
[debug] board state:
[[ 5 14  8 14]
 [14  6 15 11]
 [ 2 15 15 14]
 [13 15 11 14]
 [ 8 14 13 10]
 [15 14 14 15]
 [15 10 15 15]
 [14 12 13 12]], 

=10 

=16 

[debug] move action_id=31, action=((0, 2), (0, 1)), 
[debug] current_player=0 (R), 
[debug] board[(0, 2)]=14, board[(0, 1)]=8, 
[debug] board state:
[[ 5  8 14 14]
 [14  6 15 11]
 [ 2 15 15 14]
 [13 15 11 14]
 [ 8 14 13 10]
 [15 14 14 15]
 [15 10 15 15]
 [14 12 13 12]], 

=10 

=16 

=12 a8 a7

[debug] move action_id=45, action=((0, 0), (1, 0)), 
[debug] current_player=1 (B), 
[debug] board[(0, 0)]=14, board[(1, 0)]=5, 
[debug] board state:
[[14  8 14 14]
 [ 5  6 15 11]
 [ 2 15 15 14]
 [13 15 11 14]
 [ 8 14 13 10]
 [15 14 14 15]
 [15 10 15 15]
 [14 12 13 12]], 

=10 

=16 

[debug] move action_id=19, action=((0, 1), (0, 0)), 
[debug] current_player=0 (R), 
[debug] board[(0, 1)]=14, board[(0, 0)]=8, 
[debug] board state:
[[ 8 14 14 14]
 [ 5  6 15 11]
 [ 2 15 15 14]
 [13 15 11 14]
 [ 8 14 13 10]
 [15 14 14 15]
 [15 10 15 15]
 [14 12 13 12]], 

=10 

=16 

=12 b7 b8

[debug] move action_id=12, action=((1, 1), (0, 1)), 
[debug] current_player=1 (B), 
[debug] board[(1, 1)]=14, board[(0, 1)]=6, 
[debug] board state:
[[ 8  6 14 14]
 [ 5 14 15 11]
 [ 2 15 15 14]
 [13 15 11 14]
 [ 8 14 13 10]
 [15 14 14 15]
 [15 10 15 15]
 [14 12 13 12]], 

=10 

=16 

[debug] move action_id=247, action=((4, 2), (5, 2)), 
[debug] current_player=0 (R), 
[debug] board[(4, 2)]=14, board[(5, 2)]=13, 
[debug] board state:
[[ 8  6 14 14]
 [ 5 14 15 11]
 [ 2 15 15 14]
 [13 15 11 14]
 [ 8 14 14 10]
 [15 14 13 15]
 [15 10 15 15]
 [14 12 13 12]], 

=10 

=16 

=12 b8 c8

[debug] move action_id=20, action=((0, 1), (0, 2)), 
[debug] current_player=1 (B), 
[debug] board[(0, 1)]=14, board[(0, 2)]=6, 
[debug] board state:
[[ 8 14  6 14]
 [ 5 14 15 11]
 [ 2 15 15 14]
 [13 15 11 14]
 [ 8 14 14 10]
 [15 14 13 15]
 [15 10 15 15]
 [14 12 13 12]], 

=10 

=16 

[debug] move action_id=251, action=((5, 2), (5, 1)), 
[debug] current_player=0 (R), 
[debug] board[(5, 2)]=14, board[(5, 1)]=13, 
[debug] board state:
[[ 8 14  6 14]
 [ 5 14 15 11]
 [ 2 15 15 14]
 [13 15 11 14]
 [ 8 14 14 10]
 [15 13 14 15]
 [15 10 15 15]
 [14 12 13 12]], 

=10 

=16 

=12 c8 b8

[debug] move action_id=31, action=((0, 2), (0, 1)), 
[debug] current_player=1 (B), 
[debug] board[(0, 2)]=14, board[(0, 1)]=6, 
[debug] board state:
[[ 8  6 14 14]
 [ 5 14 15 11]
 [ 2 15 15 14]
 [13 15 11 14]
 [ 8 14 14 10]
 [15 13 14 15]
 [15 10 15 15]
 [14 12 13 12]], 

=10 

=16 

[debug] move action_id=297, action=((6, 3), (6, 3)), 
[debug] current_player=0 (R), 
[debug] board[(6, 3)]=9, board[(6, 3)]=9, 
[debug] board state:
[[ 8  6 14 14]
 [ 5 14 15 11]
 [ 2 15 15 14]
 [13 15 11 14]
 [ 8 14 14 10]
 [15 13 14 15]
 [15 10 15  9]
 [14 12 13 12]], 

=11 

=16 

=12 b8 c8

[debug] move action_id=20, action=((0, 1), (0, 2)), 
[debug] current_player=1 (B), 
[debug] board[(0, 1)]=14, board[(0, 2)]=6, 
[debug] board state:
[[ 8 14  6 14]
 [ 5 14 15 11]
 [ 2 15 15 14]
 [13 15 11 14]
 [ 8 14 14 10]
 [15 13 14 15]
 [15 10 15  9]
 [14 12 13 12]], 

=10 

=16 

[debug] move action_id=110, action=((2, 2), (2, 2)), 
[debug] current_player=0 (R), 
[debug] board[(2, 2)]=6, board[(2, 2)]=6, 
[debug] board state:
[[ 8 14  6 14]
 [ 5 14 15 11]
 [ 2 15  6 14]
 [13 15 11 14]
 [ 8 14 14 10]
 [15 13 14 15]
 [15 10 15  9]
 [14 12 13 12]], 

=11 

=16 

=12 c8 b8

[debug] move action_id=31, action=((0, 2), (0, 1)), 
[debug] current_player=1 (B), 
[debug] board[(0, 2)]=14, board[(0, 1)]=6, 
[debug] board state:
[[ 8  6 14 14]
 [ 5 14 15 11]
 [ 2 15  6 14]
 [13 15 11 14]
 [ 8 14 14 10]
 [15 13 14 15]
 [15 10 15  9]
 [14 12 13 12]], 

=10 

=16 

[debug] move action_id=220, action=((5, 0), (5, 0)), 
[debug] current_player=0 (R), 
[debug] board[(5, 0)]=1, board[(5, 0)]=1, 
[debug] board state:
[[ 8  6 14 14]
 [ 5 14 15 11]
 [ 2 15  6 14]
 [13 15 11 14]
 [ 8 14 14 10]
 [ 1 13 14 15]
 [15 10 15  9]
 [14 12 13 12]], 

=11 

=16 

=12 b8 c8

[debug] move action_id=20, action=((0, 1), (0, 2)), 
[debug] current_player=1 (B), 
[debug] board[(0, 1)]=14, board[(0, 2)]=6, 
[debug] board state:
[[ 8 14  6 14]
 [ 5 14 15 11]
 [ 2 15  6 14]
 [13 15 11 14]
 [ 8 14 14 10]
 [ 1 13 14 15]
 [15 10 15  9]
 [14 12 13 12]], 

=10 

=16 

[debug] move action_id=123, action=((1, 3), (2, 3)), 
[debug] current_player=0 (R), 
[debug] board[(1, 3)]=14, board[(2, 3)]=11, 
[debug] board state:
[[ 8 14  6 14]
 [ 5 14 15 14]
 [ 2 15  6 11]
 [13 15 11 14]
 [ 8 14 14 10]
 [ 1 13 14 15]
 [15 10 15  9]
 [14 12 13 12]], 

=10 

=16 

=12 c8 b8

[debug] move action_id=31, action=((0, 2), (0, 1)), 
[debug] current_player=1 (B), 
[debug] board[(0, 2)]=14, board[(0, 1)]=6, 
[debug] board state:
[[ 8  6 14 14]
 [ 5 14 15 14]
 [ 2 15  6 11]
 [13 15 11 14]
 [ 8 14 14 10]
 [ 1 13 14 15]
 [15 10 15  9]
 [14 12 13 12]], 

=10 

=16 

[debug] move action_id=168, action=((2, 3), (3, 3)), 
[debug] current_player=0 (R), 
[debug] board[(2, 3)]=14, board[(3, 3)]=11, 
[debug] board state:
[[ 8  6 14 14]
 [ 5 14 15 14]
 [ 2 15  6 14]
 [13 15 11 11]
 [ 8 14 14 10]
 [ 1 13 14 15]
 [15 10 15  9]
 [14 12 13 12]], 

=10 

=16 

=12 b8 c8

[debug] move action_id=20, action=((0, 1), (0, 2)), 
[debug] current_player=1 (B), 
[debug] board[(0, 1)]=14, board[(0, 2)]=6, 
[debug] board state:
[[ 8 14  6 14]
 [ 5 14 15 14]
 [ 2 15  6 14]
 [13 15 11 11]
 [ 8 14 14 10]
 [ 1 13 14 15]
 [15 10 15  9]
 [14 12 13 12]], 

=10 

=16 

[debug] move action_id=192, action=((5, 1), (4, 1)), 
[debug] current_player=0 (R), 
[debug] board[(5, 1)]=14, board[(4, 1)]=13, 
[debug] board state:
[[ 8 14  6 14]
 [ 5 14 15 14]
 [ 2 15  6 14]
 [13 15 11 11]
 [ 8 13 14 10]
 [ 1 14 14 15]
 [15 10 15  9]
 [14 12 13 12]], 

=10 

=16 

=12 c8 b8

[debug] move action_id=31, action=((0, 2), (0, 1)), 
[debug] current_player=1 (B), 
[debug] board[(0, 2)]=14, board[(0, 1)]=6, 
[debug] board state:
[[ 8  6 14 14]
 [ 5 14 15 14]
 [ 2 15  6 14]
 [13 15 11 11]
 [ 8 13 14 10]
 [ 1 14 14 15]
 [15 10 15  9]
 [14 12 13 12]], 

=10 

=16 

[debug] move action_id=45, action=((0, 0), (1, 0)), 
[debug] current_player=0 (R), 
[debug] board[(0, 0)]=14, board[(1, 0)]=8, 
[debug] board state:
[[14  6 14 14]
 [ 8 14 15 14]
 [ 2 15  6 14]
 [13 15 11 11]
 [ 8 13 14 10]
 [ 1 14 14 15]
 [15 10 15  9]
 [14 12 13 12]], 

=10 

=16 

=12 b8 a8

[debug] move action_id=19, action=((0, 1), (0, 0)), 
[debug] current_player=1 (B), 
[debug] board[(0, 1)]=14, board[(0, 0)]=6, 
[debug] board state:
[[ 6 14 14 14]
 [ 8 14 15 14]
 [ 2 15  6 14]
 [13 15 11 11]
 [ 8 13 14 10]
 [ 1 14 14 15]
 [15 10 15  9]
 [14 12 13 12]], 

=10 

=16 

[debug] move action_id=1, action=((1, 0), (0, 0)), 
[debug] current_player=0 (R), 
[debug] board[(1, 0)]=14, board[(0, 0)]=8, 
[debug] board state:
[[ 8 14 14 14]
 [14 14 15 14]
 [ 2 15  6 14]
 [13 15 11 11]
 [ 8 13 14 10]
 [ 1 14 14 15]
 [15 10 15  9]
 [14 12 13 12]], 

=10 

=16 

=12 a6 a7

[debug] move action_id=46, action=((2, 0), (1, 0)), 
[debug] current_player=1 (B), 
[debug] board[(2, 0)]=14, board[(1, 0)]=2, 
[debug] board state:
[[ 8 14 14 14]
 [ 2 14 15 14]
 [14 15  6 14]
 [13 15 11 11]
 [ 8 13 14 10]
 [ 1 14 14 15]
 [15 10 15  9]
 [14 12 13 12]], 

=10 

=16 

[debug] move action_id=286, action=((6, 2), (6, 2)), 
[debug] current_player=0 (R), 
[debug] board[(6, 2)]=7, board[(6, 2)]=7, 
[debug] board state:
[[ 8 14 14 14]
 [ 2 14 15 14]
 [14 15  6 14]
 [13 15 11 11]
 [ 8 13 14 10]
 [ 1 14 14 15]
 [15 10  7  9]
 [14 12 13 12]], 

=11 

=16 

=12 a7 b7

[debug] move action_id=52, action=((1, 0), (1, 1)), 
[debug] current_player=1 (B), 
[debug] board[(1, 0)]=14, board[(1, 1)]=2, 
[debug] board state:
[[ 8 14 14 14]
 [14  2 15 14]
 [14 15  6 14]
 [13 15 11 11]
 [ 8 13 14 10]
 [ 1 14 14 15]
 [15 10  7  9]
 [14 12 13 12]], 

=10 

=16 

[debug] move action_id=113, action=((3, 2), (2, 2)), 
[debug] current_player=0 (R), 
[debug] board[(3, 2)]=14, board[(2, 2)]=11, 
[debug] board state:
[[ 8 14 14 14]
 [14  2 15 14]
 [14 15 11 14]
 [13 15 14 11]
 [ 8 13 14 10]
 [ 1 14 14 15]
 [15 10  7  9]
 [14 12 13 12]], 

=10 

=16 

=12 b7 b8

[debug] move action_id=12, action=((1, 1), (0, 1)), 
[debug] current_player=1 (B), 
[debug] board[(1, 1)]=14, board[(0, 1)]=2, 
[debug] board state:
[[ 8  2 14 14]
 [14 14 15 14]
 [14 15 11 14]
 [13 15 14 11]
 [ 8 13 14 10]
 [ 1 14 14 15]
 [15 10  7  9]
 [14 12 13 12]], 

=10 

=16 

[debug] move action_id=219, action=((4, 3), (4, 2)), 
[debug] current_player=0 (R), 
[debug] board[(4, 3)]=14, board[(4, 2)]=10, 
[debug] board state:
[[ 8  2 14 14]
 [14 14 15 14]
 [14 15 11 14]
 [13 15 14 11]
 [ 8 13 10 14]
 [ 1 14 14 15]
 [15 10  7  9]
 [14 12 13 12]], 

=10 

=16 

=12 b8 c8

[debug] move action_id=20, action=((0, 1), (0, 2)), 
[debug] current_player=1 (B), 
[debug] board[(0, 1)]=14, board[(0, 2)]=2, 
[debug] board state:
[[ 8 14  2 14]
 [14 14 15 14]
 [14 15 11 14]
 [13 15 14 11]
 [ 8 13 10 14]
 [ 1 14 14 15]
 [15 10  7  9]
 [14 12 13 12]], 

=10 

=16 

[debug] move action_id=124, action=((3, 3), (2, 3)), 
[debug] current_player=0 (R), 
[debug] board[(3, 3)]=14, board[(2, 3)]=11, 
[debug] board state:
[[ 8 14  2 14]
 [14 14 15 14]
 [14 15 11 11]
 [13 15 14 14]
 [ 8 13 10 14]
 [ 1 14 14 15]
 [15 10  7  9]
 [14 12 13 12]], 

=10 

=16 

=12 c8 b8

[debug] move action_id=31, action=((0, 2), (0, 1)), 
[debug] current_player=1 (B), 
[debug] board[(0, 2)]=14, board[(0, 1)]=2, 
[debug] board state:
[[ 8  2 14 14]
 [14 14 15 14]
 [14 15 11 11]
 [13 15 14 14]
 [ 8 13 10 14]
 [ 1 14 14 15]
 [15 10  7  9]
 [14 12 13 12]], 

=10 

=16 

[debug] move action_id=143, action=((3, 1), (3, 1)), 
[debug] current_player=0 (R), 
[debug] board[(3, 1)]=6, board[(3, 1)]=6, 
[debug] board state:
[[ 8  2 14 14]
 [14 14 15 14]
 [14 15 11 11]
 [13  6 14 14]
 [ 8 13 10 14]
 [ 1 14 14 15]
 [15 10  7  9]
 [14 12 13 12]], 

=11 

=16 

=12 b8 c8

[debug] move action_id=20, action=((0, 1), (0, 2)), 
[debug] current_player=1 (B), 
[debug] board[(0, 1)]=14, board[(0, 2)]=2, 
[debug] board state:
[[ 8 14  2 14]
 [14 14 15 14]
 [14 15 11 11]
 [13  6 14 14]
 [ 8 13 10 14]
 [ 1 14 14 15]
 [15 10  7  9]
 [14 12 13 12]], 

=10 

=16 

[debug] move action_id=264, action=((6, 0), (6, 0)), 
[debug] current_player=0 (R), 
[debug] board[(6, 0)]=4, board[(6, 0)]=4, 
[debug] board state:
[[ 8 14  2 14]
 [14 14 15 14]
 [14 15 11 11]
 [13  6 14 14]
 [ 8 13 10 14]
 [ 1 14 14 15]
 [ 4 10  7  9]
 [14 12 13 12]], 

=11 

=16 

=12 c8 b8

[debug] move action_id=31, action=((0, 2), (0, 1)), 
[debug] current_player=1 (B), 
[debug] board[(0, 2)]=14, board[(0, 1)]=2, 
[debug] board state:
[[ 8  2 14 14]
 [14 14 15 14]
 [14 15 11 11]
 [13  6 14 14]
 [ 8 13 10 14]
 [ 1 14 14 15]
 [ 4 10  7  9]
 [14 12 13 12]], 

=10 

=16 

[debug] move action_id=66, action=((1, 2), (1, 2)), 
[debug] current_player=0 (R), 
[debug] board[(1, 2)]=13, board[(1, 2)]=13, 
[debug] board state:
[[ 8  2 14 14]
 [14 14 13 14]
 [14 15 11 11]
 [13  6 14 14]
 [ 8 13 10 14]
 [ 1 14 14 15]
 [ 4 10  7  9]
 [14 12 13 12]], 

=11 

=16 

=12 b8 c8

[debug] move action_id=20, action=((0, 1), (0, 2)), 
[debug] current_player=1 (B), 
[debug] board[(0, 1)]=14, board[(0, 2)]=2, 
[debug] board state:
[[ 8 14  2 14]
 [14 14 13 14]
 [14 15 11 11]
 [13  6 14 14]
 [ 8 13 10 14]
 [ 1 14 14 15]
 [ 4 10  7  9]
 [14 12 13 12]], 

=10 

=16 

[debug] move action_id=236, action=((4, 1), (5, 1)), 
[debug] current_player=0 (R), 
[debug] board[(4, 1)]=14, board[(5, 1)]=13, 
[debug] board state:
[[ 8 14  2 14]
 [14 14 13 14]
 [14 15 11 11]
 [13  6 14 14]
 [ 8 14 10 14]
 [ 1 13 14 15]
 [ 4 10  7  9]
 [14 12 13 12]], 

=10 

=16 

=12 c8 b8

[debug] move action_id=31, action=((0, 2), (0, 1)), 
[debug] current_player=1 (B), 
[debug] board[(0, 2)]=14, board[(0, 1)]=2, 
[debug] board state:
[[ 8  2 14 14]
 [14 14 13 14]
 [14 15 11 11]
 [13  6 14 14]
 [ 8 14 10 14]
 [ 1 13 14 15]
 [ 4 10  7  9]
 [14 12 13 12]], 

=10 

=16 

[debug] move action_id=157, action=((2, 2), (3, 2)), 
[debug] current_player=0 (R), 
[debug] board[(2, 2)]=14, board[(3, 2)]=11, 
[debug] board state:
[[ 8  2 14 14]
 [14 14 13 14]
 [14 15 14 11]
 [13  6 11 14]
 [ 8 14 10 14]
 [ 1 13 14 15]
 [ 4 10  7  9]
 [14 12 13 12]], 

=10 

=16 

=12 b8 c8

[debug] move action_id=20, action=((0, 1), (0, 2)), 
[debug] current_player=1 (B), 
[debug] board[(0, 1)]=14, board[(0, 2)]=2, 
[debug] board state:
[[ 8 14  2 14]
 [14 14 13 14]
 [14 15 14 11]
 [13  6 11 14]
 [ 8 14 10 14]
 [ 1 13 14 15]
 [ 4 10  7  9]
 [14 12 13 12]], 

=10 

=16 

[debug] move action_id=112, action=((1, 2), (2, 2)), 
[debug] current_player=0 (R), 
[debug] board[(1, 2)]=14, board[(2, 2)]=13, 
[debug] board state:
[[ 8 14  2 14]
 [14 14 14 14]
 [14 15 13 11]
 [13  6 11 14]
 [ 8 14 10 14]
 [ 1 13 14 15]
 [ 4 10  7  9]
 [14 12 13 12]], 

=10 

=16 

=12 c8 b8

[debug] move action_id=31, action=((0, 2), (0, 1)), 
[debug] current_player=1 (B), 
[debug] board[(0, 2)]=14, board[(0, 1)]=2, 
[debug] board state:
[[ 8  2 14 14]
 [14 14 14 14]
 [14 15 13 11]
