INITIAL
* 1:18am Feb 25, 2026
* a1_alphazero vs a0_random
* 1 2 2 2 2 2 5 1 2 2 2 2 2 5
* X X X X
* X X X X
* X X X X
* X X X X
* X X X X
* X X X X
* X X X X
* X X X X
* first 1
* time 900
* 1. a8(p) b4(M)
* 2. b8(N) c3(G)
* 3. c8(P) b3(P)
* 4. d8(m) c6(p)
* 5. d8-c8 d1(m)
* 6. c8-b8 a1(n)
* 7. b8-c8 a2(c)
* 8. a8-b8 b7(R)
* 9. b8-a8 d2(r)
* 10. a8-b8 a4(M)
* 11. b8-a8 a5(p)
* 12. a8-b8 c1(C)
* 13. b8-a8 a4-a5
* 14. a8-b8 d7(p)
* 15. b8-a8 a5-a4
* 16. a8-b8 b1(g)
* 17. b8-a8 c5(n)
* 18. a8-b8 a6(P)
* 19. b8-a8 b2(P)
* 20. a8-b8 a4-a5
* 21. b8-a8 d3(k)
* 22. a8-b8 a3(P)
* 23. b8-a8 b6(g)
* 24. a8-b8 b4-a4
* 25. b8-a8 b3-b4
* 26. a8-b8 d5(r)
* 27. b8-a8 b2-b3
* 28. a8-b8 b7-b8
* 29. c8-b8 b3-b2
* 30. b8-a8 c3-b3
* 31. a8-b8 c4(R)
* 32. b8-a8 b5(G)
* 33. a8-b8 d6(c)
* 34. b8-a8 c7(C)
* 35. a8-b8 c2(N)
* 36. b8-a8 b5-c5
* 37. a8-b8 c7-b7
* 38. b8-a8 b7-c7
* 39. a8-b8 c5-d5
* 40. b8-a8 d5-c5
* 41. a8-b8 a7(p)
* 42. a7-a8 c7-c8
* 43. b8-c8 c1-a1
* 44. a8-b8 d4(K)
* 45. b8-a8 b4-b5
* 46. a8-b8 b3-b4
* 47. b8-a8 a6-a7
* 48. a8-b8 d4-d3
* 49. b8-a8 c4-d4
* 50. a8-b8 c5-d5
* 51. b8-a8 a5-a6
* 52. a8-b8 b5-c5
* 53. b8-a8 b4-c4
* 54. a8-b8 a6-a5
* 55. b8-a8 b2-b3
* 56. a8-b8 c4-b4
* 57. b8-a8 a5-b5
* 58. a8-b8 d3-c3
* 59. b8-a8 c3-c4
* 60. a8-b8 a4-a5
* 61. b8-a8 c2-b2
* 62. a8-b8 a1-d1
* 63. b8-a8 d5-d6
* 64. a8-b8 a7-a8
* 65. b8-a8 a3-a4
* 66. a8-b8 b3-c3
* 67. b8-a8 c5-d5
* 68. a8-b8 a5-a6
* 69. b8-a8 d4-d3
* 70. a8-b8 d1-c1
* 71. b8-a8 a4-a5
* 72. a8-b8 d3-d2
* 73. b8-a8 d6-c6
* 74. a8-b8 d2-d3
* 75. b8-a8 b2-a2
* 76. a8-b8 b4-a4
* 77. b8-a8 a2-a1
* 78. a8-b8 a4-a3
* 79. b8-a8 a3-a2
* 80. a8-b8 d5-d6
* 81. b8-a8 c1-d1
* 82. a8-b8 c4-b4
* 83. b8-a8 d3-d4
* 84. a8-b8 d6-d7
* 85. b8-a8 d4-d3
* 86. a8-b8 d7-d8
* 87. b8-a8 a6-a7
* 88. a8-b8 c6-c5
* 89. b8-a8 b4-c4
* 90. a8-b8 d3-d2
* 91. b8-a8 c4-b4
* 92. a8-b8 d2-c2
* 93. b8-a8 d1-d2
* 94. a8-b8 a2-a3
* 95. b8-a8 a3-a4
* 96. a8-b8 d2-d1
* 97. b8-a8 b4-c4
* 98. a8-b8 a7-a6
* 99. b8-a8 d1-c1
* 100. a8-b8 d8-d7
* 101. b8-a8 c3-d3
* 102. a8-b8 c4-d4
* 103. b8-a8 a4-b4
* 104. a8-b8 d7-d8
* 105. b8-a8 d8-d7
* 106. a8-b8 a5-a4
* 107. b8-a8 d3-c3
* 108. a8-b8 d4-c4
* 109. b8-a8 d7-c7
* 110. a8-b8 a1-a2
* 111. b8-a8 c3-b3
* 112. a8-b8 c2-b2
* 113. b8-a8 c5-c6
* 114. a8-b8 a4-a5
* 115. b8-a8 a2-a1
* 116. a8-b8 c1-d1
* 117. b8-a8 c6-d6
* 118. a8-b8 c4-c5
* 119. b8-a8 b2-c2
* 120. a8-b8 b4-c4
* 121. b8-a8 c5-c6
* 122. a8-b8 b3-b4
* 123. b8-a8 b4-a4
* 124. a8-b8 a6-a7
* 125. b8-a8 d1-d2
* 126. a8-b8 c2-c1
* 127. b8-a8 c1-c2
* 128. a8-b8 c2-c1
* 129. b8-a8 d2-d1
* 130. a8-b8 d1-d2
* 131. b8-a8 c6-b6
* 132. a8-b8 d6-d7
* 133. b8-a8 d2-d1
* 134. a8-b8 a4-a3
* 135. b8-a8 b6-a6
* 136. a8-b8 c7-c6
* 137. b8-a8 a7-a8
* 138. c8-b8 a6-a7
* 139. b8-a8 b5-b6
* 140. a8-b8 b6-b5
* 141. b8-a8 a1-a2
* 142. a8-b8 a5-a4
* 143. b8-a8 a2-b2
* 144. a8-b8 d7-c7
* 145. b8-a8 c6-c5
* 146. a8-b8 c7-b7
* 147. b8-a8 a3-b3
* 148. a8-b8 a4-a5
* 149. b8-a8 c1-c2
* 150. a8-b8 b5-b6
* 151. b8-a8 c2-d2
* 152. a8-b8 d1-c1
* 153. b8-a8 a5-a4
* 154. a8-b8 b7-b8
* 155. b1-b2 c1-d1
* 156. b2-b3 c4-c3
* 157. b3-b4 b6-b7
* 158. b4-b5 b7-c7
* 159. b5-b6 a4-b4
* 160. b6-b7 c3-c4
* 161. b7-b8 c7-b7
* 162. b8-a8 a7-a8
* NoMove a0_random Wins 0.000000,1.000000
* Comment 0 0
0. 1771953487818
1. 1771953487818
2. 1771953488000
3. 1771953488410
4. 1771953488552
5. 1771953488961
6. 1771953489103
7. 1771953489513
8. 1771953489705
9. 1771953490064
10. 1771953490206
11. 1771953490616
12. 1771953490758
13. 1771953491117
14. 1771953491259
15. 1771953491619
16. 1771953491810
17. 1771953492170
18. 1771953492312
19. 1771953492671
20. 1771953492813
21. 1771953493172
22. 1771953493314
23. 1771953493673
24. 1771953493816
25. 1771953494174
26. 1771953494317
27. 1771953494676
28. 1771953494818
29. 1771953495176
30. 1771953495319
31. 1771953495678
32. 1771953495820
33. 1771953496179
34. 1771953496321
35. 1771953496730
36. 1771953496872
37. 1771953497231
38. 1771953497373
39. 1771953497732
40. 1771953497874
41. 1771953498233
42. 1771953498375
43. 1771953498734
44. 1771953498876
45. 1771953499235
46. 1771953499377
47. 1771953499736
48. 1771953499878
49. 1771953500237
50. 1771953500379
51. 1771953500738
52. 1771953500880
53. 1771953501239
54. 1771953501381
55. 1771953501740
56. 1771953501882
57. 1771953502241
58. 1771953502383
59. 1771953502742
60. 1771953502884
61. 1771953503243
62. 1771953503385
63. 1771953503744
64. 1771953503886
65. 1771953504245
66. 1771953504387
67. 1771953504747
68. 1771953504938
69. 1771953505297
70. 1771953505439
71. 1771953505798
72. 1771953505940
73. 1771953506300
74. 1771953506491
75. 1771953506851
76. 1771953507042
77. 1771953507402
78. 1771953507594
79. 1771953507953
80. 1771953508095
81. 1771953508454
82. 1771953508596
83. 1771953508956
84. 1771953509147
85. 1771953509506
86. 1771953509648
87. 1771953510007
88. 1771953510149
89. 1771953510508
90. 1771953510650
91. 1771953511009
92. 1771953511151
93. 1771953511510
94. 1771953511653
95. 1771953512011
96. 1771953512153
97. 1771953512512
98. 1771953512654
99. 1771953513013
100. 1771953513155
101. 1771953513514
102. 1771953513656
103. 1771953514016
104. 1771953514207
105. 1771953514567
106. 1771953514758
107. 1771953515118
108. 1771953515309
109. 1771953515669
110. 1771953515861
111. 1771953516220
112. 1771953516362
113. 1771953516721
114. 1771953516863
115. 1771953517222
116. 1771953517364
117. 1771953517723
118. 1771953517865
119. 1771953518225
120. 1771953518417
121. 1771953518775
122. 1771953518917
123. 1771953519278
124. 1771953519468
125. 1771953519828
126. 1771953520020
127. 1771953520379
128. 1771953520521
129. 1771953520880
130. 1771953521022
131. 1771953521382
132. 1771953521574
133. 1771953521933
134. 1771953522124
135. 1771953522484
136. 1771953522675
137. 1771953523035
138. 1771953523226
139. 1771953523586
140. 1771953523777
141. 1771953524137
142. 1771953524328
143. 1771953524689
144. 1771953524879
145. 1771953525240
146. 1771953525431
147. 1771953525791
148. 1771953525981
149. 1771953526342
150. 1771953526532
151. 1771953526894
152. 1771953527084
153. 1771953527445
154. 1771953527635
155. 1771953527996
156. 1771953528185
157. 1771953528547
158. 1771953528735
159. 1771953529098
160. 1771953529287
161. 1771953529650
162. 1771953529838
163. 1771953530200
164. 1771953530389
165. 1771953530751
166. 1771953530940
167. 1771953531303
168. 1771953531491
169. 1771953531854
170. 1771953532042
171. 1771953532405
172. 1771953532593
173. 1771953532956
174. 1771953533144
175. 1771953533508
176. 1771953533695
177. 1771953534059
178. 1771953534246
179. 1771953534610
180. 1771953534797
181. 1771953535161
182. 1771953535348
183. 1771953535712
184. 1771953535899
185. 1771953536264
186. 1771953536449
187. 1771953536815
188. 1771953537001
189. 1771953537366
190. 1771953537553
191. 1771953537917
192. 1771953538103
193. 1771953538469
194. 1771953538654
195. 1771953539020
196. 1771953539205
197. 1771953539571
198. 1771953539756
199. 1771953540122
200. 1771953540307
201. 1771953540674
202. 1771953540858
203. 1771953541225
204. 1771953541409
205. 1771953541776
206. 1771953541960
207. 1771953542327
208. 1771953542511
209. 1771953542878
210. 1771953543062
211. 1771953543429
212. 1771953543613
213. 1771953543981
214. 1771953544164
215. 1771953544532
216. 1771953544715
217. 1771953545083
218. 1771953545266
219. 1771953545635
220. 1771953545817
221. 1771953546187
222. 1771953546368
223. 1771953546737
224. 1771953546919
225. 1771953547289
226. 1771953547470
227. 1771953547840
228. 1771953548021
229. 1771953548391
230. 1771953548572
231. 1771953548942
232. 1771953549124
233. 1771953549494
234. 1771953549674
235. 1771953550045
236. 1771953550224
237. 1771953550596
238. 1771953550775
239. 1771953551147
240. 1771953551327
241. 1771953551698
242. 1771953551878
243. 1771953552249
244. 1771953552429
245. 1771953552801
246. 1771953552980
247. 1771953553353
248. 1771953553531
249. 1771953553904
250. 1771953554082
251. 1771953554455
252. 1771953554634
253. 1771953555006
254. 1771953555184
255. 1771953555558
256. 1771953555735
257. 1771953556110
258. 1771953556287
259. 1771953556662
260. 1771953556838
261. 1771953557213
262. 1771953557389
263. 1771953557764
264. 1771953557941
265. 1771953558316
266. 1771953558491
267. 1771953558868
268. 1771953559043
269. 1771953559419
270. 1771953559593
271. 1771953559971
272. 1771953560144
273. 1771953560522
274. 1771953560696
275. 1771953561073
276. 1771953561247
277. 1771953561625
278. 1771953561798
279. 1771953562176
280. 1771953562349
281. 1771953562728
282. 1771953562900
283. 1771953563280
284. 1771953563451
285. 1771953563831
286. 1771953564002
287. 1771953564382
288. 1771953564554
289. 1771953564935
290. 1771953565104
291. 1771953565486
292. 1771953565656
293. 1771953566036
294. 1771953566207
295. 1771953566587
296. 1771953566758
297. 1771953567138
298. 1771953567309
299. 1771953567690
300. 1771953567860
301. 1771953568240
302. 1771953568411
303. 1771953568791
304. 1771953568962
305. 1771953569342
306. 1771953569513
307. 1771953569893
308. 1771953570066
309. 1771953570444
310. 1771953570616
311. 1771953570995
312. 1771953571167
313. 1771953571546
314. 1771953571718
315. 1771953572096
316. 1771953572269
317. 1771953572647
318. 1771953572820
319. 1771953573198
320. 1771953573372
321. 1771953573749
322. 1771953573923
323. 1771953574300
324. 1771953574474

# 10 12 46 48 82 84 118 120 154 156 190 192 226 228 262 264 298 300 334 336 370 372 406 408 442 444 478 480 514 516 550 552 586 588 622 624 658 660 694 696 730 732 766 768 802 804 838 840 874 876 910 912 946 948 982 984 1018 1020 1054 1056 1090 1092 1126 1128 1162 1164 1198 1200 1234 1236 1270 1272 1306 1308 1342 1344 1378 1380 1414 1416 1450 1452 1486 1488 1522 1524 1558 1560 1594 1596 1630 1632 1666 1668 1702 1704 1738 1740 1774 1776 1810 1812 1846 1848 1882 1884 1918 1920 1954 1956 1990 1992 2026 2028 2062 2064 2098 2100 2134 2136 2170 2172 2206 2208 2242 2244 2278 2280 2314 2316 2350 2352 2386 2388 2422 2424 2458 2460 2494 2496 2530 2532 2566 2568 2602 2604 2638 2640 2674 2676 2710 2712 2746 2748 2782 2784 2818 2820 2854 2856 2890 2892 2926 2928 2962 2964 2998 3000 3034 3036 3070 3072 3106 3108 3142 3144 3178 3180 3214 3216 3250 3252 3286 3288 3322 3324 3358 3360 3394 3396 3430 3432 3466 3468 3502 3504 3538 3540 3574 3576 3610 3612 3646 3648 3682 3684 3718 3720 3754 3756 3790 3792 3826 3828 3862 3864 3898 3900 3934 3936 3970 3972 4006 4008 4042 4044 4078 4080 4114 4116 4150 4152 4186 4188 4222 4224 4258 4260 4294 4296 4330 4332 4366 4368 4402 4404 4438 4440 4474 4476 4510 4512 4546 4548 4582 4584 4618 4620 4654 4656 4690 4692 4726 4728 4762 4764 4798 4800 4834 4836 4870 4872 4906 4908 4942 4944 4978 4980 5014 5016 5050 5052 5086 5088 5122 5124 5158 5160 5194 5196 5230 5232 5266 5268 5302 5304 5338 5340 5374 5376 5410 5412 5446 5448 5482 5484 5518 5520 5554 5556 5590 5592 5626 5628 5662 5664 5698 5700 5734 5736 5770 5772 5806 5808 #
LightZero MGTP Interface Ready
=1 LightZero_DarkChess

=2 1.0.0

=7 

=15 

=14 

=12 a8 a8

[debug] move action_id=0, action=((0, 0), (0, 0)), 
[debug] current_player=1 (R), 
[debug] board[(0, 0)]=13, board[(0, 0)]=13, 
[debug] board state:
[[13 15 15 15]
 [15 15 15 15]
 [15 15 15 15]
 [15 15 15 15]
 [15 15 15 15]
 [15 15 15 15]
 [15 15 15 15]
 [15 15 15 15]], 

=11 

=16 

[debug] move action_id=187, action=((4, 1), (4, 1)), 
[debug] current_player=0 (B), 
[debug] board[(4, 1)]=2, board[(4, 1)]=2, 
[debug] board state:
[[13 15 15 15]
 [15 15 15 15]
 [15 15 15 15]
 [15 15 15 15]
 [15  2 15 15]
 [15 15 15 15]
 [15 15 15 15]
 [15 15 15 15]], 

=11 

=16 

=12 b8 b8

[debug] move action_id=11, action=((0, 1), (0, 1)), 
[debug] current_player=1 (R), 
[debug] board[(0, 1)]=4, board[(0, 1)]=4, 
[debug] board state:
[[13  4 15 15]
 [15 15 15 15]
 [15 15 15 15]
 [15 15 15 15]
 [15  2 15 15]
 [15 15 15 15]
 [15 15 15 15]
 [15 15 15 15]], 

=11 

=16 

[debug] move action_id=242, action=((5, 2), (5, 2)), 
[debug] current_player=0 (B), 
[debug] board[(5, 2)]=1, board[(5, 2)]=1, 
[debug] board state:
[[13  4 15 15]
 [15 15 15 15]
 [15 15 15 15]
 [15 15 15 15]
 [15  2 15 15]
 [15 15  1 15]
 [15 15 15 15]
 [15 15 15 15]], 

=11 

=16 

=12 c8 c8

[debug] move action_id=22, action=((0, 2), (0, 2)), 
[debug] current_player=1 (R), 
[debug] board[(0, 2)]=6, board[(0, 2)]=6, 
[debug] board state:
[[13  4  6 15]
 [15 15 15 15]
 [15 15 15 15]
 [15 15 15 15]
 [15  2 15 15]
 [15 15  1 15]
 [15 15 15 15]
 [15 15 15 15]], 

=11 

=16 

[debug] move action_id=231, action=((5, 1), (5, 1)), 
[debug] current_player=0 (B), 
[debug] board[(5, 1)]=6, board[(5, 1)]=6, 
[debug] board state:
[[13  4  6 15]
 [15 15 15 15]
 [15 15 15 15]
 [15 15 15 15]
 [15  2 15 15]
 [15  6  1 15]
 [15 15 15 15]
 [15 15 15 15]], 

=11 

=16 

=12 d8 d8

[debug] move action_id=33, action=((0, 3), (0, 3)), 
[debug] current_player=1 (R), 
[debug] board[(0, 3)]=9, board[(0, 3)]=9, 
[debug] board state:
[[13  4  6  9]
 [15 15 15 15]
 [15 15 15 15]
 [15 15 15 15]
 [15  2 15 15]
 [15  6  1 15]
 [15 15 15 15]
 [15 15 15 15]], 

=11 

=16 

[debug] move action_id=110, action=((2, 2), (2, 2)), 
[debug] current_player=0 (B), 
[debug] board[(2, 2)]=13, board[(2, 2)]=13, 
[debug] board state:
[[13  4  6  9]
 [15 15 15 15]
 [15 15 13 15]
 [15 15 15 15]
 [15  2 15 15]
 [15  6  1 15]
 [15 15 15 15]
 [15 15 15 15]], 

=11 

=16 

=12 d8 c8

[debug] move action_id=43, action=((0, 3), (0, 2)), 
[debug] current_player=1 (R), 
[debug] board[(0, 3)]=14, board[(0, 2)]=9, 
[debug] board state:
[[13  4  9 14]
 [15 15 15 15]
 [15 15 13 15]
 [15 15 15 15]
 [15  2 15 15]
 [15  6  1 15]
 [15 15 15 15]
 [15 15 15 15]], 

=10 

=16 

[debug] move action_id=341, action=((7, 3), (7, 3)), 
[debug] current_player=0 (B), 
[debug] board[(7, 3)]=9, board[(7, 3)]=9, 
[debug] board state:
[[13  4  9 14]
 [15 15 15 15]
 [15 15 13 15]
 [15 15 15 15]
 [15  2 15 15]
 [15  6  1 15]
 [15 15 15 15]
 [15 15 15  9]], 

=11 

=16 

=12 c8 b8

[debug] move action_id=31, action=((0, 2), (0, 1)), 
[debug] current_player=1 (R), 
[debug] board[(0, 2)]=14, board[(0, 1)]=9, 
[debug] board state:
[[13  9 14 14]
 [15 15 15 15]
 [15 15 13 15]
 [15 15 15 15]
 [15  2 15 15]
 [15  6  1 15]
 [15 15 15 15]
 [15 15 15  9]], 

=10 

=16 

[debug] move action_id=308, action=((7, 0), (7, 0)), 
[debug] current_player=0 (B), 
[debug] board[(7, 0)]=11, board[(7, 0)]=11, 
[debug] board state:
[[13  9 14 14]
 [15 15 15 15]
 [15 15 13 15]
 [15 15 15 15]
 [15  2 15 15]
 [15  6  1 15]
 [15 15 15 15]
 [11 15 15  9]], 

=11 

=16 

=12 b8 c8

[debug] move action_id=20, action=((0, 1), (0, 2)), 
[debug] current_player=1 (R), 
[debug] board[(0, 1)]=14, board[(0, 2)]=9, 
[debug] board state:
[[13 14  9 14]
 [15 15 15 15]
 [15 15 13 15]
 [15 15 15 15]
 [15  2 15 15]
 [15  6  1 15]
 [15 15 15 15]
 [11 15 15  9]], 

=10 

=16 

[debug] move action_id=264, action=((6, 0), (6, 0)), 
[debug] current_player=0 (B), 
[debug] board[(6, 0)]=12, board[(6, 0)]=12, 
[debug] board state:
[[13 14  9 14]
 [15 15 15 15]
 [15 15 13 15]
 [15 15 15 15]
 [15  2 15 15]
 [15  6  1 15]
 [12 15 15 15]
 [11 15 15  9]], 

=11 

=16 

=12 a8 b8

[debug] move action_id=8, action=((0, 0), (0, 1)), 
[debug] current_player=1 (R), 
[debug] board[(0, 0)]=14, board[(0, 1)]=13, 
[debug] board state:
[[14 13  9 14]
 [15 15 15 15]
 [15 15 13 15]
 [15 15 15 15]
 [15  2 15 15]
 [15  6  1 15]
 [12 15 15 15]
 [11 15 15  9]], 

=10 

=16 

[debug] move action_id=55, action=((1, 1), (1, 1)), 
[debug] current_player=0 (B), 
[debug] board[(1, 1)]=3, board[(1, 1)]=3, 
[debug] board state:
[[14 13  9 14]
 [15  3 15 15]
 [15 15 13 15]
 [15 15 15 15]
 [15  2 15 15]
 [15  6  1 15]
 [12 15 15 15]
 [11 15 15  9]], 

=11 

=16 

=12 b8 a8

[debug] move action_id=19, action=((0, 1), (0, 0)), 
[debug] current_player=1 (R), 
[debug] board[(0, 1)]=14, board[(0, 0)]=13, 
[debug] board state:
[[13 14  9 14]
 [15  3 15 15]
 [15 15 13 15]
 [15 15 15 15]
 [15  2 15 15]
 [15  6  1 15]
 [12 15 15 15]
 [11 15 15  9]], 

=10 

=16 

[debug] move action_id=297, action=((6, 3), (6, 3)), 
[debug] current_player=0 (B), 
[debug] board[(6, 3)]=10, board[(6, 3)]=10, 
[debug] board state:
[[13 14  9 14]
 [15  3 15 15]
 [15 15 13 15]
 [15 15 15 15]
 [15  2 15 15]
 [15  6  1 15]
 [12 15 15 10]
 [11 15 15  9]], 

=11 

=16 

=12 a8 b8

[debug] move action_id=8, action=((0, 0), (0, 1)), 
[debug] current_player=1 (R), 
[debug] board[(0, 0)]=14, board[(0, 1)]=13, 
[debug] board state:
[[14 13  9 14]
 [15  3 15 15]
 [15 15 13 15]
 [15 15 15 15]
 [15  2 15 15]
 [15  6  1 15]
 [12 15 15 10]
 [11 15 15  9]], 

=10 

=16 

[debug] move action_id=176, action=((4, 0), (4, 0)), 
[debug] current_player=0 (B), 
[debug] board[(4, 0)]=2, board[(4, 0)]=2, 
[debug] board state:
[[14 13  9 14]
 [15  3 15 15]
 [15 15 13 15]
 [15 15 15 15]
 [ 2  2 15 15]
 [15  6  1 15]
 [12 15 15 10]
 [11 15 15  9]], 

=11 

=16 

=12 b8 a8

[debug] move action_id=19, action=((0, 1), (0, 0)), 
[debug] current_player=1 (R), 
[debug] board[(0, 1)]=14, board[(0, 0)]=13, 
[debug] board state:
[[13 14  9 14]
 [15  3 15 15]
 [15 15 13 15]
 [15 15 15 15]
 [ 2  2 15 15]
 [15  6  1 15]
 [12 15 15 10]
 [11 15 15  9]], 

=10 

=16 

[debug] move action_id=132, action=((3, 0), (3, 0)), 
[debug] current_player=0 (B), 
[debug] board[(3, 0)]=13, board[(3, 0)]=13, 
[debug] board state:
[[13 14  9 14]
 [15  3 15 15]
 [15 15 13 15]
 [13 15 15 15]
 [ 2  2 15 15]
 [15  6  1 15]
 [12 15 15 10]
 [11 15 15  9]], 

=11 

=16 

=12 a8 b8

[debug] move action_id=8, action=((0, 0), (0, 1)), 
[debug] current_player=1 (R), 
[debug] board[(0, 0)]=14, board[(0, 1)]=13, 
[debug] board state:
[[14 13  9 14]
 [15  3 15 15]
 [15 15 13 15]
 [13 15 15 15]
 [ 2  2 15 15]
 [15  6  1 15]
 [12 15 15 10]
 [11 15 15  9]], 

=10 

=16 

[debug] move action_id=330, action=((7, 2), (7, 2)), 
[debug] current_player=0 (B), 
[debug] board[(7, 2)]=5, board[(7, 2)]=5, 
[debug] board state:
[[14 13  9 14]
 [15  3 15 15]
 [15 15 13 15]
 [13 15 15 15]
 [ 2  2 15 15]
 [15  6  1 15]
 [12 15 15 10]
 [11 15  5  9]], 

=11 

=16 

=12 b8 a8

[debug] move action_id=19, action=((0, 1), (0, 0)), 
[debug] current_player=1 (R), 
[debug] board[(0, 1)]=14, board[(0, 0)]=13, 
[debug] board state:
[[13 14  9 14]
 [15  3 15 15]
 [15 15 13 15]
 [13 15 15 15]
 [ 2  2 15 15]
 [15  6  1 15]
 [12 15 15 10]
 [11 15  5  9]], 

=10 

=16 

[debug] move action_id=136, action=((4, 0), (3, 0)), 
[debug] current_player=0 (B), 
[debug] board[(4, 0)]=14, board[(3, 0)]=2, 
[debug] board state:
[[13 14  9 14]
 [15  3 15 15]
 [15 15 13 15]
 [ 2 15 15 15]
 [14  2 15 15]
 [15  6  1 15]
 [12 15 15 10]
 [11 15  5  9]], 

=10 

=16 

=12 a8 b8

[debug] move action_id=8, action=((0, 0), (0, 1)), 
[debug] current_player=1 (R), 
[debug] board[(0, 0)]=14, board[(0, 1)]=13, 
[debug] board state:
[[14 13  9 14]
 [15  3 15 15]
 [15 15 13 15]
 [ 2 15 15 15]
 [14  2 15 15]
 [15  6  1 15]
 [12 15 15 10]
 [11 15  5  9]], 

=10 

=16 

[debug] move action_id=77, action=((1, 3), (1, 3)), 
[debug] current_player=0 (B), 
[debug] board[(1, 3)]=13, board[(1, 3)]=13, 
[debug] board state:
[[14 13  9 14]
 [15  3 15 13]
 [15 15 13 15]
 [ 2 15 15 15]
 [14  2 15 15]
 [15  6  1 15]
 [12 15 15 10]
 [11 15  5  9]], 

=11 

=16 

=12 b8 a8

[debug] move action_id=19, action=((0, 1), (0, 0)), 
[debug] current_player=1 (R), 
[debug] board[(0, 1)]=14, board[(0, 0)]=13, 
[debug] board state:
[[13 14  9 14]
 [15  3 15 13]
 [15 15 13 15]
 [ 2 15 15 15]
 [14  2 15 15]
 [15  6  1 15]
 [12 15 15 10]
 [11 15  5  9]], 

=10 

=16 

[debug] move action_id=180, action=((3, 0), (4, 0)), 
[debug] current_player=0 (B), 
[debug] board[(3, 0)]=14, board[(4, 0)]=2, 
[debug] board state:
[[13 14  9 14]
 [15  3 15 13]
 [15 15 13 15]
 [14 15 15 15]
 [ 2  2 15 15]
 [15  6  1 15]
 [12 15 15 10]
 [11 15  5  9]], 

=10 

=16 

=12 a8 b8

[debug] move action_id=8, action=((0, 0), (0, 1)), 
[debug] current_player=1 (R), 
[debug] board[(0, 0)]=14, board[(0, 1)]=13, 
[debug] board state:
[[14 13  9 14]
 [15  3 15 13]
 [15 15 13 15]
 [14 15 15 15]
 [ 2  2 15 15]
 [15  6  1 15]
 [12 15 15 10]
 [11 15  5  9]], 

=10 

=16 

[debug] move action_id=319, action=((7, 1), (7, 1)), 
[debug] current_player=0 (B), 
[debug] board[(7, 1)]=8, board[(7, 1)]=8, 
[debug] board state:
[[14 13  9 14]
 [15  3 15 13]
 [15 15 13 15]
 [14 15 15 15]
 [ 2  2 15 15]
 [15  6  1 15]
 [12 15 15 10]
 [11  8  5  9]], 

=11 

=16 

=12 b8 a8

[debug] move action_id=19, action=((0, 1), (0, 0)), 
[debug] current_player=1 (R), 
[debug] board[(0, 1)]=14, board[(0, 0)]=13, 
[debug] board state:
[[13 14  9 14]
 [15  3 15 13]
 [15 15 13 15]
 [14 15 15 15]
 [ 2  2 15 15]
 [15  6  1 15]
 [12 15 15 10]
 [11  8  5  9]], 

=10 

=16 

[debug] move action_id=154, action=((3, 2), (3, 2)), 
[debug] current_player=0 (B), 
[debug] board[(3, 2)]=11, board[(3, 2)]=11, 
[debug] board state:
[[13 14  9 14]
 [15  3 15 13]
 [15 15 13 15]
 [14 15 11 15]
 [ 2  2 15 15]
 [15  6  1 15]
 [12 15 15 10]
 [11  8  5  9]], 

=11 

=16 

=12 a8 b8

[debug] move action_id=8, action=((0, 0), (0, 1)), 
[debug] current_player=1 (R), 
[debug] board[(0, 0)]=14, board[(0, 1)]=13, 
[debug] board state:
[[14 13  9 14]
 [15  3 15 13]
 [15 15 13 15]
 [14 15 11 15]
 [ 2  2 15 15]
 [15  6  1 15]
 [12 15 15 10]
 [11  8  5  9]], 

=10 

=16 

[debug] move action_id=88, action=((2, 0), (2, 0)), 
[debug] current_player=0 (B), 
[debug] board[(2, 0)]=6, board[(2, 0)]=6, 
[debug] board state:
[[14 13  9 14]
 [15  3 15 13]
 [ 6 15 13 15]
 [14 15 11 15]
 [ 2  2 15 15]
 [15  6  1 15]
 [12 15 15 10]
 [11  8  5  9]], 

=11 

=16 

=12 b8 a8

[debug] move action_id=19, action=((0, 1), (0, 0)), 
[debug] current_player=1 (R), 
[debug] board[(0, 1)]=14, board[(0, 0)]=13, 
[debug] board state:
[[13 14  9 14]
 [15  3 15 13]
 [ 6 15 13 15]
 [14 15 11 15]
 [ 2  2 15 15]
 [15  6  1 15]
 [12 15 15 10]
 [11  8  5  9]], 

=10 

=16 

[debug] move action_id=275, action=((6, 1), (6, 1)), 
[debug] current_player=0 (B), 
[debug] board[(6, 1)]=6, board[(6, 1)]=6, 
[debug] board state:
[[13 14  9 14]
 [15  3 15 13]
 [ 6 15 13 15]
 [14 15 11 15]
 [ 2  2 15 15]
 [15  6  1 15]
 [12  6 15 10]
 [11  8  5  9]], 

=11 

=16 

=12 a8 b8

[debug] move action_id=8, action=((0, 0), (0, 1)), 
[debug] current_player=1 (R), 
[debug] board[(0, 0)]=14, board[(0, 1)]=13, 
[debug] board state:
[[14 13  9 14]
 [15  3 15 13]
 [ 6 15 13 15]
 [14 15 11 15]
 [ 2  2 15 15]
 [15  6  1 15]
 [12  6 15 10]
 [11  8  5  9]], 

=10 

=16 

[debug] move action_id=136, action=((4, 0), (3, 0)), 
[debug] current_player=0 (B), 
[debug] board[(4, 0)]=14, board[(3, 0)]=2, 
[debug] board state:
[[14 13  9 14]
 [15  3 15 13]
 [ 6 15 13 15]
 [ 2 15 11 15]
 [14  2 15 15]
 [15  6  1 15]
 [12  6 15 10]
 [11  8  5  9]], 

=10 

=16 

=12 b8 a8

[debug] move action_id=19, action=((0, 1), (0, 0)), 
[debug] current_player=1 (R), 
[debug] board[(0, 1)]=14, board[(0, 0)]=13, 
[debug] board state:
[[13 14  9 14]
 [15  3 15 13]
 [ 6 15 13 15]
 [ 2 15 11 15]
 [14  2 15 15]
 [15  6  1 15]
 [12  6 15 10]
 [11  8  5  9]], 

=10 

=16 

[debug] move action_id=253, action=((5, 3), (5, 3)), 
[debug] current_player=0 (B), 
[debug] board[(5, 3)]=7, board[(5, 3)]=7, 
[debug] board state:
[[13 14  9 14]
 [15  3 15 13]
 [ 6 15 13 15]
 [ 2 15 11 15]
 [14  2 15 15]
 [15  6  1  7]
 [12  6 15 10]
 [11  8  5  9]], 

=11 

=16 

=12 a8 b8

[debug] move action_id=8, action=((0, 0), (0, 1)), 
[debug] current_player=1 (R), 
[debug] board[(0, 0)]=14, board[(0, 1)]=13, 
[debug] board state:
[[14 13  9 14]
 [15  3 15 13]
 [ 6 15 13 15]
 [ 2 15 11 15]
 [14  2 15 15]
 [15  6  1  7]
 [12  6 15 10]
 [11  8  5  9]], 

=10 

=16 

[debug] move action_id=220, action=((5, 0), (5, 0)), 
[debug] current_player=0 (B), 
[debug] board[(5, 0)]=6, board[(5, 0)]=6, 
[debug] board state:
[[14 13  9 14]
 [15  3 15 13]
 [ 6 15 13 15]
 [ 2 15 11 15]
 [14  2 15 15]
 [ 6  6  1  7]
 [12  6 15 10]
 [11  8  5  9]], 

=11 

=16 

=12 b8 a8

[debug] move action_id=19, action=((0, 1), (0, 0)), 
[debug] current_player=1 (R), 
[debug] board[(0, 1)]=14, board[(0, 0)]=13, 
[debug] board state:
[[13 14  9 14]
 [15  3 15 13]
 [ 6 15 13 15]
 [ 2 15 11 15]
 [14  2 15 15]
 [ 6  6  1  7]
 [12  6 15 10]
 [11  8  5  9]], 

=10 

=16 

[debug] move action_id=99, action=((2, 1), (2, 1)), 
[debug] current_player=0 (B), 
[debug] board[(2, 1)]=8, board[(2, 1)]=8, 
[debug] board state:
[[13 14  9 14]
 [15  3 15 13]
 [ 6  8 13 15]
 [ 2 15 11 15]
 [14  2 15 15]
 [ 6  6  1  7]
 [12  6 15 10]
 [11  8  5  9]], 

=11 

=16 

=12 a8 b8

[debug] move action_id=8, action=((0, 0), (0, 1)), 
[debug] current_player=1 (R), 
[debug] board[(0, 0)]=14, board[(0, 1)]=13, 
[debug] board state:
[[14 13  9 14]
 [15  3 15 13]
 [ 6  8 13 15]
 [ 2 15 11 15]
 [14  2 15 15]
 [ 6  6  1  7]
 [12  6 15 10]
 [11  8  5  9]], 

=10 

=16 

[debug] move action_id=195, action=((4, 1), (4, 0)), 
[debug] current_player=0 (B), 
[debug] board[(4, 1)]=14, board[(4, 0)]=2, 
[debug] board state:
[[14 13  9 14]
 [15  3 15 13]
 [ 6  8 13 15]
 [ 2 15 11 15]
 [ 2 14 15 15]
 [ 6  6  1  7]
 [12  6 15 10]
 [11  8  5  9]], 

=10 

=16 

=12 b8 a8

[debug] move action_id=19, action=((0, 1), (0, 0)), 
[debug] current_player=1 (R), 
[debug] board[(0, 1)]=14, board[(0, 0)]=13, 
[debug] board state:
[[13 14  9 14]
 [15  3 15 13]
 [ 6  8 13 15]
 [ 2 15 11 15]
 [ 2 14 15 15]
 [ 6  6  1  7]
 [12  6 15 10]
 [11  8  5  9]], 

=10 

=16 

[debug] move action_id=192, action=((5, 1), (4, 1)), 
[debug] current_player=0 (B), 
[debug] board[(5, 1)]=14, board[(4, 1)]=6, 
[debug] board state:
[[13 14  9 14]
 [15  3 15 13]
 [ 6  8 13 15]
 [ 2 15 11 15]
 [ 2  6 15 15]
 [ 6 14  1  7]
 [12  6 15 10]
 [11  8  5  9]], 

=10 

=16 

=12 a8 b8

[debug] move action_id=8, action=((0, 0), (0, 1)), 
[debug] current_player=1 (R), 
[debug] board[(0, 0)]=14, board[(0, 1)]=13, 
[debug] board state:
[[14 13  9 14]
 [15  3 15 13]
 [ 6  8 13 15]
 [ 2 15 11 15]
 [ 2  6 15 15]
 [ 6 14  1  7]
 [12  6 15 10]
 [11  8  5  9]], 

=10 

=16 

[debug] move action_id=165, action=((3, 3), (3, 3)), 
[debug] current_player=0 (B), 
[debug] board[(3, 3)]=10, board[(3, 3)]=10, 
[debug] board state:
[[14 13  9 14]
 [15  3 15 13]
 [ 6  8 13 15]
 [ 2 15 11 10]
 [ 2  6 15 15]
 [ 6 14  1  7]
 [12  6 15 10]
 [11  8  5  9]], 

=11 

=16 

=12 b8 a8

[debug] move action_id=19, action=((0, 1), (0, 0)), 
[debug] current_player=1 (R), 
[debug] board[(0, 1)]=14, board[(0, 0)]=13, 
[debug] board state:
[[13 14  9 14]
 [15  3 15 13]
 [ 6  8 13 15]
 [ 2 15 11 10]
 [ 2  6 15 15]
 [ 6 14  1  7]
 [12  6 15 10]
 [11  8  5  9]], 

=10 

=16 

[debug] move action_id=237, action=((6, 1), (5, 1)), 
[debug] current_player=0 (B), 
[debug] board[(6, 1)]=14, board[(5, 1)]=6, 
[debug] board state:
[[13 14  9 14]
 [15  3 15 13]
 [ 6  8 13 15]
 [ 2 15 11 10]
 [ 2  6 15 15]
 [ 6  6  1  7]
 [12 14 15 10]
 [11  8  5  9]], 

=10 

=16 

=12 a8 b8

[debug] move action_id=8, action=((0, 0), (0, 1)), 
[debug] current_player=1 (R), 
[debug] board[(0, 0)]=14, board[(0, 1)]=13, 
[debug] board state:
[[14 13  9 14]
 [15  3 15 13]
 [ 6  8 13 15]
 [ 2 15 11 10]
 [ 2  6 15 15]
 [ 6  6  1  7]
 [12 14 15 10]
 [11  8  5  9]], 

=10 

=16 

[debug] move action_id=12, action=((1, 1), (0, 1)), 
[debug] current_player=0 (B), 
[debug] board[(1, 1)]=14, board[(0, 1)]=3, 
[debug] board state:
[[14  3  9 14]
 [15 14 15 13]
 [ 6  8 13 15]
 [ 2 15 11 10]
 [ 2  6 15 15]
 [ 6  6  1  7]
 [12 14 15 10]
 [11  8  5  9]], 

=10 

=16 

=12 c8 b8

[debug] move action_id=31, action=((0, 2), (0, 1)), 
[debug] current_player=1 (R), 
[debug] board[(0, 2)]=14, board[(0, 1)]=9, 
[debug] board state:
[[14  9 14 14]
 [15 14 15 13]
 [ 6  8 13 15]
 [ 2 15 11 10]
 [ 2  6 15 15]
 [ 6  6  1  7]
 [12 14 15 10]
 [11  8  5  9]], 

=10 

=16 

[debug] move action_id=281, action=((5, 1), (6, 1)), 
[debug] current_player=0 (B), 
[debug] board[(5, 1)]=14, board[(6, 1)]=6, 
[debug] board state:
[[14  9 14 14]
 [15 14 15 13]
 [ 6  8 13 15]
 [ 2 15 11 10]
 [ 2  6 15 15]
 [ 6 14  1  7]
 [12  6 15 10]
 [11  8  5  9]], 

=10 

=16 

=12 b8 a8

[debug] move action_id=19, action=((0, 1), (0, 0)), 
[debug] current_player=1 (R), 
[debug] board[(0, 1)]=14, board[(0, 0)]=9, 
[debug] board state:
[[ 9 14 14 14]
 [15 14 15 13]
 [ 6  8 13 15]
 [ 2 15 11 10]
 [ 2  6 15 15]
 [ 6 14  1  7]
 [12  6 15 10]
 [11  8  5  9]], 

=10 

=16 

[debug] move action_id=251, action=((5, 2), (5, 1)), 
[debug] current_player=0 (B), 
[debug] board[(5, 2)]=14, board[(5, 1)]=1, 
[debug] board state:
[[ 9 14 14 14]
 [15 14 15 13]
 [ 6  8 13 15]
 [ 2 15 11 10]
 [ 2  6 15 15]
 [ 6  1 14  7]
 [12  6 15 10]
 [11  8  5  9]], 

=10 

=16 

=12 a8 b8

[debug] move action_id=8, action=((0, 0), (0, 1)), 
[debug] current_player=1 (R), 
[debug] board[(0, 0)]=14, board[(0, 1)]=9, 
[debug] board state:
[[14  9 14 14]
 [15 14 15 13]
 [ 6  8 13 15]
 [ 2 15 11 10]
 [ 2  6 15 15]
 [ 6  1 14  7]
 [12  6 15 10]
 [11  8  5  9]], 

=10 

=16 

[debug] move action_id=198, action=((4, 2), (4, 2)), 
[debug] current_player=0 (B), 
[debug] board[(4, 2)]=3, board[(4, 2)]=3, 
[debug] board state:
[[14  9 14 14]
 [15 14 15 13]
 [ 6  8 13 15]
 [ 2 15 11 10]
 [ 2  6  3 15]
 [ 6  1 14  7]
 [12  6 15 10]
 [11  8  5  9]], 

=11 

=16 

=12 b8 a8

[debug] move action_id=19, action=((0, 1), (0, 0)), 
[debug] current_player=1 (R), 
[debug] board[(0, 1)]=14, board[(0, 0)]=9, 
[debug] board state:
[[ 9 14 14 14]
 [15 14 15 13]
 [ 6  8 13 15]
 [ 2 15 11 10]
 [ 2  6  3 15]
 [ 6  1 14  7]
 [12  6 15 10]
 [11  8  5  9]], 

=10 

=16 

[debug] move action_id=143, action=((3, 1), (3, 1)), 
[debug] current_player=0 (B), 
[debug] board[(3, 1)]=1, board[(3, 1)]=1, 
[debug] board state:
[[ 9 14 14 14]
 [15 14 15 13]
 [ 6  8 13 15]
 [ 2  1 11 10]
 [ 2  6  3 15]
 [ 6  1 14  7]
 [12  6 15 10]
 [11  8  5  9]], 

=11 

=16 

=12 a8 b8

[debug] move action_id=8, action=((0, 0), (0, 1)), 
[debug] current_player=1 (R), 
[debug] board[(0, 0)]=14, board[(0, 1)]=9, 
[debug] board state:
[[14  9 14 14]
 [15 14 15 13]
 [ 6  8 13 15]
 [ 2  1 11 10]
 [ 2  6  3 15]
 [ 6  1 14  7]
 [12  6 15 10]
 [11  8  5  9]], 

=10 

=16 

[debug] move action_id=121, action=((2, 3), (2, 3)), 
[debug] current_player=0 (B), 
[debug] board[(2, 3)]=12, board[(2, 3)]=12, 
[debug] board state:
[[14  9 14 14]
 [15 14 15 13]
 [ 6  8 13 12]
 [ 2  1 11 10]
 [ 2  6  3 15]
 [ 6  1 14  7]
 [12  6 15 10]
 [11  8  5  9]], 

=11 

=16 

=12 b8 a8

[debug] move action_id=19, action=((0, 1), (0, 0)), 
[debug] current_player=1 (R), 
[debug] board[(0, 1)]=14, board[(0, 0)]=9, 
[debug] board state:
[[ 9 14 14 14]
 [15 14 15 13]
 [ 6  8 13 12]
 [ 2  1 11 10]
 [ 2  6  3 15]
 [ 6  1 14  7]
 [12  6 15 10]
 [11  8  5  9]], 

=10 

=16 

[debug] move action_id=66, action=((1, 2), (1, 2)), 
[debug] current_player=0 (B), 
[debug] board[(1, 2)]=5, board[(1, 2)]=5, 
[debug] board state:
[[ 9 14 14 14]
 [15 14  5 13]
 [ 6  8 13 12]
 [ 2  1 11 10]
 [ 2  6  3 15]
 [ 6  1 14  7]
 [12  6 15 10]
 [11  8  5  9]], 

=11 

=16 

=12 a8 b8

[debug] move action_id=8, action=((0, 0), (0, 1)), 
[debug] current_player=1 (R), 
[debug] board[(0, 0)]=14, board[(0, 1)]=9, 
[debug] board state:
[[14  9 14 14]
 [15 14  5 13]
 [ 6  8 13 12]
 [ 2  1 11 10]
 [ 2  6  3 15]
 [ 6  1 14  7]
 [12  6 15 10]
 [11  8  5  9]], 

=10 

=16 

[debug] move action_id=286, action=((6, 2), (6, 2)), 
[debug] current_player=0 (B), 
[debug] board[(6, 2)]=4, board[(6, 2)]=4, 
[debug] board state:
[[14  9 14 14]
 [15 14  5 13]
 [ 6  8 13 12]
 [ 2  1 11 10]
 [ 2  6  3 15]
 [ 6  1 14  7]
 [12  6  4 10]
 [11  8  5  9]], 

=11 

=16 

=12 b8 a8

[debug] move action_id=19, action=((0, 1), (0, 0)), 
[debug] current_player=1 (R), 
[debug] board[(0, 1)]=14, board[(0, 0)]=9, 
[debug] board state:
[[ 9 14 14 14]
 [15 14  5 13]
 [ 6  8 13 12]
 [ 2  1 11 10]
 [ 2  6  3 15]
 [ 6  1 14  7]
 [12  6  4 10]
 [11  8  5  9]], 

=10 

=16 

[debug] move action_id=152, action=((3, 1), (3, 2)), 
[debug] current_player=0 (B), 
[debug] board[(3, 1)]=14, board[(3, 2)]=1, 
[debug] board state:
[[ 9 14 14 14]
 [15 14  5 13]
 [ 6  8 13 12]
 [ 2 14  1 10]
 [ 2  6  3 15]
 [ 6  1 14  7]
 [12  6  4 10]
 [11  8  5  9]], 

=10 

=16 

=12 a8 b8

[debug] move action_id=8, action=((0, 0), (0, 1)), 
[debug] current_player=1 (R), 
[debug] board[(0, 0)]=14, board[(0, 1)]=9, 
[debug] board state:
[[14  9 14 14]
 [15 14  5 13]
 [ 6  8 13 12]
 [ 2 14  1 10]
 [ 2  6  3 15]
 [ 6  1 14  7]
 [12  6  4 10]
 [11  8  5  9]], 

=10 

=16 

[debug] move action_id=75, action=((1, 2), (1, 1)), 
[debug] current_player=0 (B), 
[debug] board[(1, 2)]=14, board[(1, 1)]=5, 
[debug] board state:
[[14  9 14 14]
 [15  5 14 13]
 [ 6  8 13 12]
 [ 2 14  1 10]
 [ 2  6  3 15]
 [ 6  1 14  7]
 [12  6  4 10]
 [11  8  5  9]], 

=10 

=16 

=12 b8 a8

[debug] move action_id=19, action=((0, 1), (0, 0)), 
[debug] current_player=1 (R), 
[debug] board[(0, 1)]=14, board[(0, 0)]=9, 
[debug] board state:
[[ 9 14 14 14]
 [15  5 14 13]
 [ 6  8 13 12]
 [ 2 14  1 10]
 [ 2  6  3 15]
 [ 6  1 14  7]
 [12  6  4 10]
 [11  8  5  9]], 

=10 

=16 

[debug] move action_id=64, action=((1, 1), (1, 2)), 
[debug] current_player=0 (B), 
[debug] board[(1, 1)]=14, board[(1, 2)]=5, 
[debug] board state:
[[ 9 14 14 14]
 [15 14  5 13]
 [ 6  8 13 12]
 [ 2 14  1 10]
 [ 2  6  3 15]
 [ 6  1 14  7]
 [12  6  4 10]
 [11  8  5  9]], 

=10 

=16 

=12 a8 b8

[debug] move action_id=8, action=((0, 0), (0, 1)), 
[debug] current_player=1 (R), 
[debug] board[(0, 0)]=14, board[(0, 1)]=9, 
[debug] board state:
[[14  9 14 14]
 [15 14  5 13]
 [ 6  8 13 12]
 [ 2 14  1 10]
 [ 2  6  3 15]
 [ 6  1 14  7]
 [12  6  4 10]
 [11  8  5  9]], 

=10 

=16 

[debug] move action_id=164, action=((3, 2), (3, 3)), 
[debug] current_player=0 (B), 
[debug] board[(3, 2)]=14, board[(3, 3)]=1, 
[debug] board state:
[[14  9 14 14]
 [15 14  5 13]
 [ 6  8 13 12]
 [ 2 14 14  1]
 [ 2  6  3 15]
 [ 6  1 14  7]
 [12  6  4 10]
 [11  8  5  9]], 

=10 

=16 

=12 b8 a8

[debug] move action_id=19, action=((0, 1), (0, 0)), 
[debug] current_player=1 (R), 
[debug] board[(0, 1)]=14, board[(0, 0)]=9, 
[debug] board state:
[[ 9 14 14 14]
 [15 14  5 13]
 [ 6  8 13 12]
 [ 2 14 14  1]
 [ 2  6  3 15]
 [ 6  1 14  7]
 [12  6  4 10]
 [11  8  5  9]], 

=10 

=16 

[debug] move action_id=175, action=((3, 3), (3, 2)), 
[debug] current_player=0 (B), 
[debug] board[(3, 3)]=14, board[(3, 2)]=1, 
[debug] board state:
[[ 9 14 14 14]
 [15 14  5 13]
 [ 6  8 13 12]
 [ 2 14  1 14]
 [ 2  6  3 15]
 [ 6  1 14  7]
 [12  6  4 10]
 [11  8  5  9]], 

=10 

=16 

=12 a8 b8

[debug] move action_id=8, action=((0, 0), (0, 1)), 
[debug] current_player=1 (R), 
[debug] board[(0, 0)]=14, board[(0, 1)]=9, 
[debug] board state:
[[14  9 14 14]
 [15 14  5 13]
 [ 6  8 13 12]
 [ 2 14  1 14]
 [ 2  6  3 15]
 [ 6  1 14  7]
 [12  6  4 10]
 [11  8  5  9]], 

=10 

=16 

[debug] move action_id=44, action=((1, 0), (1, 0)), 
[debug] current_player=0 (B), 
[debug] board[(1, 0)]=13, board[(1, 0)]=13, 
[debug] board state:
[[14  9 14 14]
 [13 14  5 13]
 [ 6  8 13 12]
 [ 2 14  1 14]
 [ 2  6  3 15]
 [ 6  1 14  7]
 [12  6  4 10]
 [11  8  5  9]], 

=11 

=16 

=12 a7 a8

[debug] move action_id=1, action=((1, 0), (0, 0)), 
[debug] current_player=1 (R), 
[debug] board[(1, 0)]=14, board[(0, 0)]=13, 
[debug] board state:
[[13  9 14 14]
 [14 14  5 13]
 [ 6  8 13 12]
 [ 2 14  1 14]
 [ 2  6  3 15]
 [ 6  1 14  7]
 [12  6  4 10]
 [11  8  5  9]], 

=10 

=16 

[debug] move action_id=23, action=((1, 2), (0, 2)), 
[debug] current_player=0 (B), 
[debug] board[(1, 2)]=14, board[(0, 2)]=5, 
[debug] board state:
[[13  9  5 14]
 [14 14 14 13]
 [ 6  8 13 12]
 [ 2 14  1 14]
 [ 2  6  3 15]
 [ 6  1 14  7]
 [12  6  4 10]
 [11  8  5  9]], 

=10 

=16 

=12 b8 c8

[debug] move action_id=20, action=((0, 1), (0, 2)), 
[debug] current_player=1 (R), 
[debug] board[(0, 1)]=14, board[(0, 2)]=9, 
[debug] board state:
[[13 14  9 14]
 [14 14 14 13]
 [ 6  8 13 12]
 [ 2 14  1 14]
 [ 2  6  3 15]
 [ 6  1 14  7]
 [12  6  4 10]
 [11  8  5  9]], 

=10 

=16 

[debug] move action_id=338, action=((7, 2), (7, 0)), 
[debug] current_player=0 (B), 
[debug] board[(7, 2)]=14, board[(7, 0)]=5, 
[debug] board state:
[[13 14  9 14]
 [14 14 14 13]
 [ 6  8 13 12]
 [ 2 14  1 14]
 [ 2  6  3 15]
 [ 6  1 14  7]
 [12  6  4 10]
 [ 5  8 14  9]], 

=10 

=16 

=12 a8 b8

[debug] move action_id=8, action=((0, 0), (0, 1)), 
[debug] current_player=1 (R), 
[debug] board[(0, 0)]=14, board[(0, 1)]=13, 
[debug] board state:
[[14 13  9 14]
 [14 14 14 13]
 [ 6  8 13 12]
 [ 2 14  1 14]
 [ 2  6  3 15]
 [ 6  1 14  7]
 [12  6  4 10]
 [ 5  8 14  9]], 

=10 

=16 

[debug] move action_id=209, action=((4, 3), (4, 3)), 
[debug] current_player=0 (B), 
[debug] board[(4, 3)]=0, board[(4, 3)]=0, 
[debug] board state:
[[14 13  9 14]
 [14 14 14 13]
 [ 6  8 13 12]
 [ 2 14  1 14]
 [ 2  6  3  0]
 [ 6  1 14  7]
 [12  6  4 10]
 [ 5  8 14  9]], 

=11 

=16 

=12 b8 a8

[debug] move action_id=19, action=((0, 1), (0, 0)), 
[debug] current_player=1 (R), 
[debug] board[(0, 1)]=14, board[(0, 0)]=13, 
[debug] board state:
[[13 14  9 14]
 [14 14 14 13]
 [ 6  8 13 12]
 [ 2 14  1 14]
 [ 2  6  3  0]
 [ 6  1 14  7]
 [12  6  4 10]
 [ 5  8 14  9]], 

=10 

=16 

[debug] move action_id=147, action=((4, 1), (3, 1)), 
[debug] current_player=0 (B), 
[debug] board[(4, 1)]=14, board[(3, 1)]=6, 
[debug] board state:
[[13 14  9 14]
 [14 14 14 13]
 [ 6  8 13 12]
 [ 2  6  1 14]
 [ 2 14  3  0]
 [ 6  1 14  7]
 [12  6  4 10]
 [ 5  8 14  9]], 

=10 

=16 

=12 a8 b8

[debug] move action_id=8, action=((0, 0), (0, 1)), 
[debug] current_player=1 (R), 
[debug] board[(0, 0)]=14, board[(0, 1)]=13, 
[debug] board state:
[[14 13  9 14]
 [14 14 14 13]
 [ 6  8 13 12]
 [ 2  6  1 14]
 [ 2 14  3  0]
 [ 6  1 14  7]
 [12  6  4 10]
 [ 5  8 14  9]], 

=10 

=16 

[debug] move action_id=192, action=((5, 1), (4, 1)), 
[debug] current_player=0 (B), 
[debug] board[(5, 1)]=14, board[(4, 1)]=1, 
[debug] board state:
[[14 13  9 14]
 [14 14 14 13]
 [ 6  8 13 12]
 [ 2  6  1 14]
 [ 2  1  3  0]
 [ 6 14 14  7]
 [12  6  4 10]
 [ 5  8 14  9]], 

=10 

=16 

=12 b8 a8

[debug] move action_id=19, action=((0, 1), (0, 0)), 
[debug] current_player=1 (R), 
[debug] board[(0, 1)]=14, board[(0, 0)]=13, 
[debug] board state:
[[13 14  9 14]
 [14 14 14 13]
 [ 6  8 13 12]
 [ 2  6  1 14]
 [ 2  1  3  0]
 [ 6 14 14  7]
 [12  6  4 10]
 [ 5  8 14  9]], 

=10 

=16 

[debug] move action_id=46, action=((2, 0), (1, 0)), 
[debug] current_player=0 (B), 
[debug] board[(2, 0)]=14, board[(1, 0)]=6, 
[debug] board state:
[[13 14  9 14]
 [ 6 14 14 13]
 [14  8 13 12]
 [ 2  6  1 14]
 [ 2  1  3  0]
 [ 6 14 14  7]
 [12  6  4 10]
 [ 5  8 14  9]], 

=10 

=16 

=12 a8 b8

[debug] move action_id=8, action=((0, 0), (0, 1)), 
[debug] current_player=1 (R), 
[debug] board[(0, 0)]=14, board[(0, 1)]=13, 
[debug] board state:
[[14 13  9 14]
 [ 6 14 14 13]
 [14  8 13 12]
 [ 2  6  1 14]
 [ 2  1  3  0]
 [ 6 14 14  7]
 [12  6  4 10]
 [ 5  8 14  9]], 

=10 

=16 

[debug] move action_id=258, action=((4, 3), (5, 3)), 
[debug] current_player=0 (B), 
[debug] board[(4, 3)]=14, board[(5, 3)]=0, 
[debug] board state:
[[14 13  9 14]
 [ 6 14 14 13]
 [14  8 13 12]
 [ 2  6  1 14]
 [ 2  1  3 14]
 [ 6 14 14  0]
 [12  6  4 10]
 [ 5  8 14  9]], 

=10 

=16 

=12 b8 a8

[debug] move action_id=19, action=((0, 1), (0, 0)), 
[debug] current_player=1 (R), 
[debug] board[(0, 1)]=14, board[(0, 0)]=13, 
[debug] board state:
[[13 14  9 14]
 [ 6 14 14 13]
 [14  8 13 12]
 [ 2  6  1 14]
 [ 2  1  3 14]
 [ 6 14 14  0]
 [12  6  4 10]
 [ 5  8 14  9]], 

=10 

=16 

[debug] move action_id=208, action=((4, 2), (4, 3)), 
[debug] current_player=0 (B), 
[debug] board[(4, 2)]=14, board[(4, 3)]=3, 
[debug] board state:
[[13 14  9 14]
 [ 6 14 14 13]
 [14  8 13 12]
 [ 2  6  1 14]
 [ 2  1 14  3]
 [ 6 14 14  0]
 [12  6  4 10]
 [ 5  8 14  9]], 

=10 

=16 

=12 a8 b8

[debug] move action_id=8, action=((0, 0), (0, 1)), 
[debug] current_player=1 (R), 
[debug] board[(0, 0)]=14, board[(0, 1)]=13, 
[debug] board state:
[[14 13  9 14]
 [ 6 14 14 13]
 [14  8 13 12]
 [ 2  6  1 14]
 [ 2  1 14  3]
 [ 6 14 14  0]
 [12  6  4 10]
 [ 5  8 14  9]], 

=10 

=16 

[debug] move action_id=164, action=((3, 2), (3, 3)), 
[debug] current_player=0 (B), 
[debug] board[(3, 2)]=14, board[(3, 3)]=1, 
[debug] board state:
[[14 13  9 14]
 [ 6 14 14 13]
 [14  8 13 12]
 [ 2  6 14  1]
 [ 2  1 14  3]
 [ 6 14 14  0]
 [12  6  4 10]
 [ 5  8 14  9]], 

