INITIAL
* 1:23am Feb 25, 2026
* a0_random vs a1_alphazero
* 1 2 2 2 2 2 5 1 2 2 2 2 2 5
* X X X X
* X X X X
* X X X X
* X X X X
* X X X X
* X X X X
* X X X X
* X X X X
* first 1
* time 900
* 1. a8(p) b8(c)
* 2. c3(N) c8(p)
* 3. b3(P) d8(P)
* 4. c7(r) d8-c8
* 5. a2(n) c8-d8
* 6. a3(k) d8-c8
* 7. b7(C) c8-d8
* 8. c7-c8 a7(c)
* 9. b8-d8 b7-b8
* 10. d5(r) b8-d8
* 11. c2(G) d8-a8
* 12. c8-c7 a8-b8
* 13. b1(C) b8-a8
* 14. a7-b7 a8-b8
* 15. a6(n) b8-a8
* 16. b6(m) a8-b8
* 17. b7-a7 b8-a8
* 18. b5(K) a8-b8
* 19. c7-b7 b8-a8
* 20. d4(P) a8-b8
* 21. d7(m) b8-a8
* 22. c4(g) a8-b8
* 23. b7-c7 b8-a8
* 24. c4-c3 a8-b8
* 25. a7-b7 b8-a8
* 26. b7-b5 a8-b8
* 27. b5-b3 b8-a8
* 28. d7-d8 a8-b8
* 29. d3(N) b8-a8
* 30. c1(P) a8-b8
* 31. c7-d7 b8-a8
* 32. a1(R) a8-b8
* 33. a6-a7 b8-a8
* 34. d8-c8 a8-b8
* 35. b2(p) b8-a8
* 36. c8-d8 a8-b8
* 37. b4(p) b8-a8
* 38. b6-a6 a8-b8
* 39. d2(R) b8-a8
* 40. d6(G) a8-b8
* 41. a4(g) b8-a8
* 42. c3-d3 a8-b8
* 43. c5(p) b8-a8
* 44. d1(M) a8-b8
* 45. d3-d2 b8-a8
* 46. b4-b5 a8-b8
* 47. b5-b6 b8-a8
* 48. a7-a8 d6-d7
* 49. d5-d6 d7-d8
* 50. d2-c2 d8-c8
* 51. c6(P) c8-b8
* 52. d6-d7 b8-a8
* 53. b6-b5 a8-b8
* 54. b3-b1 b8-a8
* 55. b5-b4 a8-b8
* 56. c5-c4 b8-a8
* 57. a3-b3 a8-b8
* 58. c4-c3 b8-a8
* 59. a6-b6 a8-b8
* 60. c3-c4 b8-a8
* 61. b3-c3 a8-b8
* 62. b4-b5 b8-a8
* 63. c2-d2 a8-b8
* 64. c4-b4 b8-a8
* 65. b4-c4 a8-b8
* 66. c4-d4 b8-a8
* 67. d4-d3 a8-b8
* 68. d7-c7 b8-a8
* 69. c7-b7 a8-b8
* 70. d3-d4 b8-a8
* 71. b7-b8 a8-b8
* 72. d4-d3 b8-a8
* 73. a2-a3 a8-b8
* 74. b2-b3 b8-a8
* 75. b1-d1 a8-b8
* 76. d1-a1 b8-a8
* 77. b6-b7 a8-b8
* 78. c3-c2 b8-a8
* 79. a4-b4 a8-b8
* 80. a3-a2 b8-a8
* 81. b4-a4 a8-b8
* 82. a4-b4 b8-a8
* 83. c2-c3 a8-b8
* 84. b5-b6 b8-a8
* 85. b4-c4 a8-b8
* 86. b6-c6 b8-a8
* 87. c4-c5 a8-b8
* 88. a2-b2 b8-a8
* 89. a1-b1 a8-b8
* 90. d3-d4 b8-a8
* 91. b7-b8 a8-b8
* 92. d4-c4 b8-a8
* 93. c4-b4 a8-b8
* 94. c3-c4 b8-a8
* 95. b1-a1 a8-b8
* 96. c5-b5 b8-a8
* 97. c6-c7 a8-b8
* 98. b3-a3 b8-a8
* 99. b2-a2 a8-b8
* 100. b5-b6 b8-a8
* 101. d2-c2 a8-b8
* 102. a3-b3 b8-a8
* 103. a2-b2 a8-b8
* 104. c4-c3 b8-a8
* 105. b2-b1 a8-b8
* 106. b3-b2 b8-a8
* 107. c3-b3 a8-b8
* 108. c7-c6 b8-a8
* 109. c6-c7 a8-b8
* 110. a1-c1 b8-a8
* 111. c7-c8 a8-b8
* 112. a5(M) b8-a8
* 113. b6-b7 a8-b8
* 114. b7-b8 a5-a6
* 115. b4-c4 a6-a7
* 116. b2-a2 a7-a8
* 117. a2-a3 a8-a7
* 118. c4-d4 a7-a8
* 119. c2-b2 a8-a7
* 120. c8-d8 a7-a8
* 121. b8-a8
* NoMove a0_random Wins 1.000000,0.000000
* Comment 0 0
0. 1771953790150
1. 1771953790150
2. 1771953790645
3. 1771953790792
4. 1771953791196
5. 1771953791344
6. 1771953791747
7. 1771953791895
8. 1771953792299
9. 1771953792447
10. 1771953792801
11. 1771953792948
12. 1771953793302
13. 1771953793450
14. 1771953793803
15. 1771953793951
16. 1771953794354
17. 1771953794503
18. 1771953794855
19. 1771953795004
20. 1771953795356
21. 1771953795505
22. 1771953795857
23. 1771953796006
24. 1771953796358
25. 1771953796508
26. 1771953796860
27. 1771953797009
28. 1771953797361
29. 1771953797511
30. 1771953797861
31. 1771953798012
32. 1771953798363
33. 1771953798513
34. 1771953798864
35. 1771953799015
36. 1771953799364
37. 1771953799515
38. 1771953799865
39. 1771953800016
40. 1771953800367
41. 1771953800517
42. 1771953800868
43. 1771953801018
44. 1771953801369
45. 1771953801519
46. 1771953801870
47. 1771953802019
48. 1771953802372
49. 1771953802520
50. 1771953802872
51. 1771953803021
52. 1771953803373
53. 1771953803522
54. 1771953803875
55. 1771953804023
56. 1771953804375
57. 1771953804524
58. 1771953804876
59. 1771953805026
60. 1771953805377
61. 1771953805527
62. 1771953805878
63. 1771953806028
64. 1771953806379
65. 1771953806529
66. 1771953806880
67. 1771953807031
68. 1771953807383
69. 1771953807532
70. 1771953807884
71. 1771953808033
72. 1771953808384
73. 1771953808535
74. 1771953808885
75. 1771953809035
76. 1771953809386
77. 1771953809536
78. 1771953809887
79. 1771953810038
80. 1771953810388
81. 1771953810538
82. 1771953810889
83. 1771953811041
84. 1771953811390
85. 1771953811541
86. 1771953811892
87. 1771953812043
88. 1771953812393
89. 1771953812543
90. 1771953812894
91. 1771953813044
92. 1771953813395
93. 1771953813546
94. 1771953813897
95. 1771953814047
96. 1771953814398
97. 1771953814549
98. 1771953814899
99. 1771953815049
100. 1771953815400
101. 1771953815551
102. 1771953815901
103. 1771953816052
104. 1771953816402
105. 1771953816553
106. 1771953816904
107. 1771953817054
108. 1771953817405
109. 1771953817555
110. 1771953817906
111. 1771953818056
112. 1771953818407
113. 1771953818558
114. 1771953818909
115. 1771953819059
116. 1771953819410
117. 1771953819560
118. 1771953819911
119. 1771953820061
120. 1771953820412
121. 1771953820562
122. 1771953820914
123. 1771953821063
124. 1771953821414
125. 1771953821565
126. 1771953821915
127. 1771953822066
128. 1771953822417
129. 1771953822567
130. 1771953822918
131. 1771953823067
132. 1771953823419
133. 1771953823568
134. 1771953823920
135. 1771953824069
136. 1771953824421
137. 1771953824570
138. 1771953824922
139. 1771953825072
140. 1771953825423
141. 1771953825572
142. 1771953825925
143. 1771953826073
144. 1771953826426
145. 1771953826574
146. 1771953826927
147. 1771953827075
148. 1771953827428
149. 1771953827576
150. 1771953827929
151. 1771953828077
152. 1771953828430
153. 1771953828578
154. 1771953828932
155. 1771953829080
156. 1771953829434
157. 1771953829580
158. 1771953829936
159. 1771953830081
160. 1771953830437
161. 1771953830582
162. 1771953830939
163. 1771953831083
164. 1771953831440
165. 1771953831584
166. 1771953831943
167. 1771953832086
168. 1771953832444
169. 1771953832586
170. 1771953832945
171. 1771953833087
172. 1771953833446
173. 1771953833589
174. 1771953833948
175. 1771953834140
176. 1771953834499
177. 1771953834641
178. 1771953835000
179. 1771953835142
180. 1771953835502
181. 1771953835693
182. 1771953836053
183. 1771953836245
184. 1771953836605
185. 1771953836795
186. 1771953837156
187. 1771953837346
188. 1771953837707
189. 1771953837898
190. 1771953838259
191. 1771953838449
192. 1771953838810
193. 1771953839000
194. 1771953839362
195. 1771953839551
196. 1771953839913
197. 1771953840102
198. 1771953840465
199. 1771953840655
200. 1771953841016
201. 1771953841205
202. 1771953841568
203. 1771953841756
204. 1771953842119
205. 1771953842307
206. 1771953842671
207. 1771953842858
208. 1771953843222
209. 1771953843410
210. 1771953843773
211. 1771953843961
212. 1771953844325
213. 1771953844512
214. 1771953844877
215. 1771953845063
216. 1771953845428
217. 1771953845614
218. 1771953845979
219. 1771953846166
220. 1771953846530
221. 1771953846716
222. 1771953847080
223. 1771953847267
224. 1771953847631
225. 1771953847818
226. 1771953848182
227. 1771953848370
228. 1771953848734
229. 1771953848921
230. 1771953849285
231. 1771953849473
232. 1771953849837
233. 1771953850023
234. 1771953850387
235. 1771953850574
236. 1771953850938
237. 1771953851125
238. 1771953851489
239. 1771953851676
240. 1771953852040
241. 1771953852227

# 10 27 29 63 65 99 101 135 137 171 173 207 209 243 245 279 281 315 317 351 353 387 389 423 425 459 461 495 497 531 533 567 569 603 605 639 641 675 677 711 713 747 749 783 785 819 821 855 857 891 893 927 929 963 965 999 1001 1035 1037 1071 1073 1107 1109 1143 1145 1179 1181 1215 1217 1251 1253 1287 1289 1323 1325 1359 1361 1395 1397 1431 1433 1467 1469 1503 1505 1539 1541 1575 1577 1611 1613 1647 1649 1683 1685 1719 1721 1755 1757 1791 1793 1827 1829 1863 1865 1899 1901 1935 1937 1971 1973 2007 2009 2043 2045 2079 2081 2115 2117 2151 2153 2187 2189 2223 2225 2259 2261 2295 2297 2331 2333 2367 2369 2403 2405 2439 2441 2475 2477 2511 2513 2547 2549 2583 2585 2619 2621 2655 2657 2691 2693 2727 2729 2763 2765 2799 2801 2835 2837 2871 2873 2907 2909 2943 2945 2979 2981 3015 3017 3051 3053 3087 3089 3123 3125 3159 3161 3195 3197 3231 3233 3267 3269 3303 3305 3339 3341 3375 3377 3411 3413 3447 3449 3483 3485 3519 3521 3555 3557 3591 3593 3627 3629 3663 3665 3699 3701 3735 3737 3771 3773 3807 3809 3843 3845 3879 3881 3915 3917 3951 3953 3987 3989 4023 4025 4059 4061 4095 4097 4131 4133 4167 4169 4203 4205 4239 4241 4275 4277 4311 4313 #
LightZero MGTP Interface Ready
=1 LightZero_DarkChess

=2 1.0.0

=7 

=15 

=14 

[debug] move action_id=0, action=((0, 0), (0, 0)), 
[debug] current_player=1 (R), 
[debug] board[(0, 0)]=13, board[(0, 0)]=13, 
[debug] board state:
[[13 15 15 15]
 [15 15 15 15]
 [15 15 15 15]
 [15 15 15 15]
 [15 15 15 15]
 [15 15 15 15]
 [15 15 15 15]
 [15 15 15 15]], 

=11 

=16 

=12 b8 b8

[debug] move action_id=11, action=((0, 1), (0, 1)), 
[debug] current_player=0 (B), 
[debug] board[(0, 1)]=12, board[(0, 1)]=12, 
[debug] board state:
[[13 12 15 15]
 [15 15 15 15]
 [15 15 15 15]
 [15 15 15 15]
 [15 15 15 15]
 [15 15 15 15]
 [15 15 15 15]
 [15 15 15 15]], 

=11 

=16 

[debug] move action_id=242, action=((5, 2), (5, 2)), 
[debug] current_player=1 (R), 
[debug] board[(5, 2)]=4, board[(5, 2)]=4, 
[debug] board state:
[[13 12 15 15]
 [15 15 15 15]
 [15 15 15 15]
 [15 15 15 15]
 [15 15 15 15]
 [15 15  4 15]
 [15 15 15 15]
 [15 15 15 15]], 

=11 

=16 

=12 c8 c8

[debug] move action_id=22, action=((0, 2), (0, 2)), 
[debug] current_player=0 (B), 
[debug] board[(0, 2)]=13, board[(0, 2)]=13, 
[debug] board state:
[[13 12 13 15]
 [15 15 15 15]
 [15 15 15 15]
 [15 15 15 15]
 [15 15 15 15]
 [15 15  4 15]
 [15 15 15 15]
 [15 15 15 15]], 

=11 

=16 

[debug] move action_id=231, action=((5, 1), (5, 1)), 
[debug] current_player=1 (R), 
[debug] board[(5, 1)]=6, board[(5, 1)]=6, 
[debug] board state:
[[13 12 13 15]
 [15 15 15 15]
 [15 15 15 15]
 [15 15 15 15]
 [15 15 15 15]
 [15  6  4 15]
 [15 15 15 15]
 [15 15 15 15]], 

=11 

=16 

=12 d8 d8

[debug] move action_id=33, action=((0, 3), (0, 3)), 
[debug] current_player=0 (B), 
[debug] board[(0, 3)]=6, board[(0, 3)]=6, 
[debug] board state:
[[13 12 13  6]
 [15 15 15 15]
 [15 15 15 15]
 [15 15 15 15]
 [15 15 15 15]
 [15  6  4 15]
 [15 15 15 15]
 [15 15 15 15]], 

=11 

=16 

[debug] move action_id=66, action=((1, 2), (1, 2)), 
[debug] current_player=1 (R), 
[debug] board[(1, 2)]=10, board[(1, 2)]=10, 
[debug] board state:
[[13 12 13  6]
 [15 15 10 15]
 [15 15 15 15]
 [15 15 15 15]
 [15 15 15 15]
 [15  6  4 15]
 [15 15 15 15]
 [15 15 15 15]], 

=11 

=16 

=12 d8 c8

[debug] move action_id=43, action=((0, 3), (0, 2)), 
[debug] current_player=0 (B), 
[debug] board[(0, 3)]=14, board[(0, 2)]=6, 
[debug] board state:
[[13 12  6 14]
 [15 15 10 15]
 [15 15 15 15]
 [15 15 15 15]
 [15 15 15 15]
 [15  6  4 15]
 [15 15 15 15]
 [15 15 15 15]], 

=10 

=16 

[debug] move action_id=264, action=((6, 0), (6, 0)), 
[debug] current_player=1 (R), 
[debug] board[(6, 0)]=11, board[(6, 0)]=11, 
[debug] board state:
[[13 12  6 14]
 [15 15 10 15]
 [15 15 15 15]
 [15 15 15 15]
 [15 15 15 15]
 [15  6  4 15]
 [11 15 15 15]
 [15 15 15 15]], 

=11 

=16 

=12 c8 d8

[debug] move action_id=32, action=((0, 2), (0, 3)), 
[debug] current_player=0 (B), 
[debug] board[(0, 2)]=14, board[(0, 3)]=6, 
[debug] board state:
[[13 12 14  6]
 [15 15 10 15]
 [15 15 15 15]
 [15 15 15 15]
 [15 15 15 15]
 [15  6  4 15]
 [11 15 15 15]
 [15 15 15 15]], 

=10 

=16 

[debug] move action_id=220, action=((5, 0), (5, 0)), 
[debug] current_player=1 (R), 
[debug] board[(5, 0)]=7, board[(5, 0)]=7, 
[debug] board state:
[[13 12 14  6]
 [15 15 10 15]
 [15 15 15 15]
 [15 15 15 15]
 [15 15 15 15]
 [ 7  6  4 15]
 [11 15 15 15]
 [15 15 15 15]], 

=11 

=16 

=12 d8 c8

[debug] move action_id=43, action=((0, 3), (0, 2)), 
[debug] current_player=0 (B), 
[debug] board[(0, 3)]=14, board[(0, 2)]=6, 
[debug] board state:
[[13 12  6 14]
 [15 15 10 15]
 [15 15 15 15]
 [15 15 15 15]
 [15 15 15 15]
 [ 7  6  4 15]
 [11 15 15 15]
 [15 15 15 15]], 

=10 

=16 

[debug] move action_id=55, action=((1, 1), (1, 1)), 
[debug] current_player=1 (R), 
[debug] board[(1, 1)]=5, board[(1, 1)]=5, 
[debug] board state:
[[13 12  6 14]
 [15  5 10 15]
 [15 15 15 15]
 [15 15 15 15]
 [15 15 15 15]
 [ 7  6  4 15]
 [11 15 15 15]
 [15 15 15 15]], 

=11 

=16 

=12 c8 d8

[debug] move action_id=32, action=((0, 2), (0, 3)), 
[debug] current_player=0 (B), 
[debug] board[(0, 2)]=14, board[(0, 3)]=6, 
[debug] board state:
[[13 12 14  6]
 [15  5 10 15]
 [15 15 15 15]
 [15 15 15 15]
 [15 15 15 15]
 [ 7  6  4 15]
 [11 15 15 15]
 [15 15 15 15]], 

=10 

=16 

[debug] move action_id=23, action=((1, 2), (0, 2)), 
[debug] current_player=1 (R), 
[debug] board[(1, 2)]=14, board[(0, 2)]=10, 
[debug] board state:
[[13 12 10  6]
 [15  5 14 15]
 [15 15 15 15]
 [15 15 15 15]
 [15 15 15 15]
 [ 7  6  4 15]
 [11 15 15 15]
 [15 15 15 15]], 

=10 

=16 

=12 a7 a7

[debug] move action_id=44, action=((1, 0), (1, 0)), 
[debug] current_player=0 (B), 
[debug] board[(1, 0)]=12, board[(1, 0)]=12, 
[debug] board state:
[[13 12 10  6]
 [12  5 14 15]
 [15 15 15 15]
 [15 15 15 15]
 [15 15 15 15]
 [ 7  6  4 15]
 [11 15 15 15]
 [15 15 15 15]], 

=11 

=16 

[debug] move action_id=21, action=((0, 1), (0, 3)), 
[debug] current_player=1 (R), 
[debug] board[(0, 1)]=14, board[(0, 3)]=12, 
[debug] board state:
[[13 14 10 12]
 [12  5 14 15]
 [15 15 15 15]
 [15 15 15 15]
 [15 15 15 15]
 [ 7  6  4 15]
 [11 15 15 15]
 [15 15 15 15]], 

=10 

=16 

=12 b7 b8

[debug] move action_id=12, action=((1, 1), (0, 1)), 
[debug] current_player=0 (B), 
[debug] board[(1, 1)]=14, board[(0, 1)]=5, 
[debug] board state:
[[13  5 10 12]
 [12 14 14 15]
 [15 15 15 15]
 [15 15 15 15]
 [15 15 15 15]
 [ 7  6  4 15]
 [11 15 15 15]
 [15 15 15 15]], 

=10 

=16 

[debug] move action_id=165, action=((3, 3), (3, 3)), 
[debug] current_player=1 (R), 
[debug] board[(3, 3)]=10, board[(3, 3)]=10, 
[debug] board state:
[[13  5 10 12]
 [12 14 14 15]
 [15 15 15 15]
 [15 15 15 10]
 [15 15 15 15]
 [ 7  6  4 15]
 [11 15 15 15]
 [15 15 15 15]], 

=11 

=16 

=12 b8 d8

[debug] move action_id=21, action=((0, 1), (0, 3)), 
[debug] current_player=0 (B), 
[debug] board[(0, 1)]=14, board[(0, 3)]=5, 
[debug] board state:
[[13 14 10  5]
 [12 14 14 15]
 [15 15 15 15]
 [15 15 15 10]
 [15 15 15 15]
 [ 7  6  4 15]
 [11 15 15 15]
 [15 15 15 15]], 

=10 

=16 

[debug] move action_id=286, action=((6, 2), (6, 2)), 
[debug] current_player=1 (R), 
[debug] board[(6, 2)]=1, board[(6, 2)]=1, 
[debug] board state:
[[13 14 10  5]
 [12 14 14 15]
 [15 15 15 15]
 [15 15 15 10]
 [15 15 15 15]
 [ 7  6  4 15]
 [11 15  1 15]
 [15 15 15 15]], 

=11 

=16 

=12 d8 a8

[debug] move action_id=41, action=((0, 3), (0, 0)), 
[debug] current_player=0 (B), 
[debug] board[(0, 3)]=14, board[(0, 0)]=5, 
[debug] board state:
[[ 5 14 10 14]
 [12 14 14 15]
 [15 15 15 15]
 [15 15 15 10]
 [15 15 15 15]
 [ 7  6  4 15]
 [11 15  1 15]
 [15 15 15 15]], 

=10 

=16 

[debug] move action_id=67, action=((0, 2), (1, 2)), 
[debug] current_player=1 (R), 
[debug] board[(0, 2)]=14, board[(1, 2)]=10, 
[debug] board state:
[[ 5 14 14 14]
 [12 14 10 15]
 [15 15 15 15]
 [15 15 15 10]
 [15 15 15 15]
 [ 7  6  4 15]
 [11 15  1 15]
 [15 15 15 15]], 

=10 

=16 

=12 a8 b8

[debug] move action_id=8, action=((0, 0), (0, 1)), 
[debug] current_player=0 (B), 
[debug] board[(0, 0)]=14, board[(0, 1)]=5, 
[debug] board state:
[[14  5 14 14]
 [12 14 10 15]
 [15 15 15 15]
 [15 15 15 10]
 [15 15 15 15]
 [ 7  6  4 15]
 [11 15  1 15]
 [15 15 15 15]], 

=10 

=16 

[debug] move action_id=319, action=((7, 1), (7, 1)), 
[debug] current_player=1 (R), 
[debug] board[(7, 1)]=5, board[(7, 1)]=5, 
[debug] board state:
[[14  5 14 14]
 [12 14 10 15]
 [15 15 15 15]
 [15 15 15 10]
 [15 15 15 15]
 [ 7  6  4 15]
 [11 15  1 15]
 [15  5 15 15]], 

=11 

=16 

=12 b8 a8

[debug] move action_id=19, action=((0, 1), (0, 0)), 
[debug] current_player=0 (B), 
[debug] board[(0, 1)]=14, board[(0, 0)]=5, 
[debug] board state:
[[ 5 14 14 14]
 [12 14 10 15]
 [15 15 15 15]
 [15 15 15 10]
 [15 15 15 15]
 [ 7  6  4 15]
 [11 15  1 15]
 [15  5 15 15]], 

=10 

=16 

[debug] move action_id=52, action=((1, 0), (1, 1)), 
[debug] current_player=1 (R), 
[debug] board[(1, 0)]=14, board[(1, 1)]=12, 
[debug] board state:
[[ 5 14 14 14]
 [14 12 10 15]
 [15 15 15 15]
 [15 15 15 10]
 [15 15 15 15]
 [ 7  6  4 15]
 [11 15  1 15]
 [15  5 15 15]], 

=10 

=16 

=12 a8 b8

[debug] move action_id=8, action=((0, 0), (0, 1)), 
[debug] current_player=0 (B), 
[debug] board[(0, 0)]=14, board[(0, 1)]=5, 
[debug] board state:
[[14  5 14 14]
 [14 12 10 15]
 [15 15 15 15]
 [15 15 15 10]
 [15 15 15 15]
 [ 7  6  4 15]
 [11 15  1 15]
 [15  5 15 15]], 

=10 

=16 

[debug] move action_id=88, action=((2, 0), (2, 0)), 
[debug] current_player=1 (R), 
[debug] board[(2, 0)]=11, board[(2, 0)]=11, 
[debug] board state:
[[14  5 14 14]
 [14 12 10 15]
 [11 15 15 15]
 [15 15 15 10]
 [15 15 15 15]
 [ 7  6  4 15]
 [11 15  1 15]
 [15  5 15 15]], 

=11 

=16 

=12 b8 a8

[debug] move action_id=19, action=((0, 1), (0, 0)), 
[debug] current_player=0 (B), 
[debug] board[(0, 1)]=14, board[(0, 0)]=5, 
[debug] board state:
[[ 5 14 14 14]
 [14 12 10 15]
 [11 15 15 15]
 [15 15 15 10]
 [15 15 15 15]
 [ 7  6  4 15]
 [11 15  1 15]
 [15  5 15 15]], 

=10 

=16 

[debug] move action_id=99, action=((2, 1), (2, 1)), 
[debug] current_player=1 (R), 
[debug] board[(2, 1)]=9, board[(2, 1)]=9, 
[debug] board state:
[[ 5 14 14 14]
 [14 12 10 15]
 [11  9 15 15]
 [15 15 15 10]
 [15 15 15 15]
 [ 7  6  4 15]
 [11 15  1 15]
 [15  5 15 15]], 

=11 

=16 

=12 a8 b8

[debug] move action_id=8, action=((0, 0), (0, 1)), 
[debug] current_player=0 (B), 
[debug] board[(0, 0)]=14, board[(0, 1)]=5, 
[debug] board state:
[[14  5 14 14]
 [14 12 10 15]
 [11  9 15 15]
 [15 15 15 10]
 [15 15 15 15]
 [ 7  6  4 15]
 [11 15  1 15]
 [15  5 15 15]], 

=10 

=16 

[debug] move action_id=63, action=((1, 1), (1, 0)), 
[debug] current_player=1 (R), 
[debug] board[(1, 1)]=14, board[(1, 0)]=12, 
[debug] board state:
[[14  5 14 14]
 [12 14 10 15]
 [11  9 15 15]
 [15 15 15 10]
 [15 15 15 15]
 [ 7  6  4 15]
 [11 15  1 15]
 [15  5 15 15]], 

=10 

=16 

=12 b8 a8

[debug] move action_id=19, action=((0, 1), (0, 0)), 
[debug] current_player=0 (B), 
[debug] board[(0, 1)]=14, board[(0, 0)]=5, 
[debug] board state:
[[ 5 14 14 14]
 [12 14 10 15]
 [11  9 15 15]
 [15 15 15 10]
 [15 15 15 15]
 [ 7  6  4 15]
 [11 15  1 15]
 [15  5 15 15]], 

=10 

=16 

[debug] move action_id=143, action=((3, 1), (3, 1)), 
[debug] current_player=1 (R), 
[debug] board[(3, 1)]=0, board[(3, 1)]=0, 
[debug] board state:
[[ 5 14 14 14]
 [12 14 10 15]
 [11  9 15 15]
 [15  0 15 10]
 [15 15 15 15]
 [ 7  6  4 15]
 [11 15  1 15]
 [15  5 15 15]], 

=11 

=16 

=12 a8 b8

[debug] move action_id=8, action=((0, 0), (0, 1)), 
[debug] current_player=0 (B), 
[debug] board[(0, 0)]=14, board[(0, 1)]=5, 
[debug] board state:
[[14  5 14 14]
 [12 14 10 15]
 [11  9 15 15]
 [15  0 15 10]
 [15 15 15 15]
 [ 7  6  4 15]
 [11 15  1 15]
 [15  5 15 15]], 

=10 

=16 

[debug] move action_id=75, action=((1, 2), (1, 1)), 
[debug] current_player=1 (R), 
[debug] board[(1, 2)]=14, board[(1, 1)]=10, 
[debug] board state:
[[14  5 14 14]
 [12 10 14 15]
 [11  9 15 15]
 [15  0 15 10]
 [15 15 15 15]
 [ 7  6  4 15]
 [11 15  1 15]
 [15  5 15 15]], 

=10 

=16 

=12 b8 a8

[debug] move action_id=19, action=((0, 1), (0, 0)), 
[debug] current_player=0 (B), 
[debug] board[(0, 1)]=14, board[(0, 0)]=5, 
[debug] board state:
[[ 5 14 14 14]
 [12 10 14 15]
 [11  9 15 15]
 [15  0 15 10]
 [15 15 15 15]
 [ 7  6  4 15]
 [11 15  1 15]
 [15  5 15 15]], 

=10 

=16 

[debug] move action_id=209, action=((4, 3), (4, 3)), 
[debug] current_player=1 (R), 
[debug] board[(4, 3)]=6, board[(4, 3)]=6, 
[debug] board state:
[[ 5 14 14 14]
 [12 10 14 15]
 [11  9 15 15]
 [15  0 15 10]
 [15 15 15  6]
 [ 7  6  4 15]
 [11 15  1 15]
 [15  5 15 15]], 

=11 

=16 

=12 a8 b8

[debug] move action_id=8, action=((0, 0), (0, 1)), 
[debug] current_player=0 (B), 
[debug] board[(0, 0)]=14, board[(0, 1)]=5, 
[debug] board state:
[[14  5 14 14]
 [12 10 14 15]
 [11  9 15 15]
 [15  0 15 10]
 [15 15 15  6]
 [ 7  6  4 15]
 [11 15  1 15]
 [15  5 15 15]], 

=10 

=16 

[debug] move action_id=77, action=((1, 3), (1, 3)), 
[debug] current_player=1 (R), 
[debug] board[(1, 3)]=9, board[(1, 3)]=9, 
[debug] board state:
[[14  5 14 14]
 [12 10 14  9]
 [11  9 15 15]
 [15  0 15 10]
 [15 15 15  6]
 [ 7  6  4 15]
 [11 15  1 15]
 [15  5 15 15]], 

=11 

=16 

=12 b8 a8

[debug] move action_id=19, action=((0, 1), (0, 0)), 
[debug] current_player=0 (B), 
[debug] board[(0, 1)]=14, board[(0, 0)]=5, 
[debug] board state:
[[ 5 14 14 14]
 [12 10 14  9]
 [11  9 15 15]
 [15  0 15 10]
 [15 15 15  6]
 [ 7  6  4 15]
 [11 15  1 15]
 [15  5 15 15]], 

=10 

=16 

[debug] move action_id=198, action=((4, 2), (4, 2)), 
[debug] current_player=1 (R), 
[debug] board[(4, 2)]=8, board[(4, 2)]=8, 
[debug] board state:
[[ 5 14 14 14]
 [12 10 14  9]
 [11  9 15 15]
 [15  0 15 10]
 [15 15  8  6]
 [ 7  6  4 15]
 [11 15  1 15]
 [15  5 15 15]], 

=11 

=16 

=12 a8 b8

[debug] move action_id=8, action=((0, 0), (0, 1)), 
[debug] current_player=0 (B), 
[debug] board[(0, 0)]=14, board[(0, 1)]=5, 
[debug] board state:
[[14  5 14 14]
 [12 10 14  9]
 [11  9 15 15]
 [15  0 15 10]
 [15 15  8  6]
 [ 7  6  4 15]
 [11 15  1 15]
 [15  5 15 15]], 

=10 

=16 

[debug] move action_id=64, action=((1, 1), (1, 2)), 
[debug] current_player=1 (R), 
[debug] board[(1, 1)]=14, board[(1, 2)]=10, 
[debug] board state:
[[14  5 14 14]
 [12 14 10  9]
 [11  9 15 15]
 [15  0 15 10]
 [15 15  8  6]
 [ 7  6  4 15]
 [11 15  1 15]
 [15  5 15 15]], 

=10 

=16 

=12 b8 a8

[debug] move action_id=19, action=((0, 1), (0, 0)), 
[debug] current_player=0 (B), 
[debug] board[(0, 1)]=14, board[(0, 0)]=5, 
[debug] board state:
[[ 5 14 14 14]
 [12 14 10  9]
 [11  9 15 15]
 [15  0 15 10]
 [15 15  8  6]
 [ 7  6  4 15]
 [11 15  1 15]
 [15  5 15 15]], 

=10 

=16 

[debug] move action_id=247, action=((4, 2), (5, 2)), 
[debug] current_player=1 (R), 
[debug] board[(4, 2)]=14, board[(5, 2)]=8, 
[debug] board state:
[[ 5 14 14 14]
 [12 14 10  9]
 [11  9 15 15]
 [15  0 15 10]
 [15 15 14  6]
 [ 7  6  8 15]
 [11 15  1 15]
 [15  5 15 15]], 

=10 

=16 

=12 a8 b8

[debug] move action_id=8, action=((0, 0), (0, 1)), 
[debug] current_player=0 (B), 
[debug] board[(0, 0)]=14, board[(0, 1)]=5, 
[debug] board state:
[[14  5 14 14]
 [12 14 10  9]
 [11  9 15 15]
 [15  0 15 10]
 [15 15 14  6]
 [ 7  6  8 15]
 [11 15  1 15]
 [15  5 15 15]], 

=10 

=16 

[debug] move action_id=52, action=((1, 0), (1, 1)), 
[debug] current_player=1 (R), 
[debug] board[(1, 0)]=14, board[(1, 1)]=12, 
[debug] board state:
[[14  5 14 14]
 [14 12 10  9]
 [11  9 15 15]
 [15  0 15 10]
 [15 15 14  6]
 [ 7  6  8 15]
 [11 15  1 15]
 [15  5 15 15]], 

=10 

=16 

=12 b8 a8

[debug] move action_id=19, action=((0, 1), (0, 0)), 
[debug] current_player=0 (B), 
[debug] board[(0, 1)]=14, board[(0, 0)]=5, 
[debug] board state:
[[ 5 14 14 14]
 [14 12 10  9]
 [11  9 15 15]
 [15  0 15 10]
 [15 15 14  6]
 [ 7  6  8 15]
 [11 15  1 15]
 [15  5 15 15]], 

=10 

=16 

[debug] move action_id=145, action=((1, 1), (3, 1)), 
[debug] current_player=1 (R), 
[debug] board[(1, 1)]=14, board[(3, 1)]=12, 
[debug] board state:
[[ 5 14 14 14]
 [14 14 10  9]
 [11  9 15 15]
 [15 12 15 10]
 [15 15 14  6]
 [ 7  6  8 15]
 [11 15  1 15]
 [15  5 15 15]], 

=10 

=16 

=12 a8 b8

[debug] move action_id=8, action=((0, 0), (0, 1)), 
[debug] current_player=0 (B), 
[debug] board[(0, 0)]=14, board[(0, 1)]=5, 
[debug] board state:
[[14  5 14 14]
 [14 14 10  9]
 [11  9 15 15]
 [15 12 15 10]
 [15 15 14  6]
 [ 7  6  8 15]
 [11 15  1 15]
 [15  5 15 15]], 

=10 

=16 

[debug] move action_id=235, action=((3, 1), (5, 1)), 
[debug] current_player=1 (R), 
[debug] board[(3, 1)]=14, board[(5, 1)]=12, 
[debug] board state:
[[14  5 14 14]
 [14 14 10  9]
 [11  9 15 15]
 [15 14 15 10]
 [15 15 14  6]
 [ 7 12  8 15]
 [11 15  1 15]
 [15  5 15 15]], 

=10 

=16 

=12 b8 a8

[debug] move action_id=19, action=((0, 1), (0, 0)), 
[debug] current_player=0 (B), 
[debug] board[(0, 1)]=14, board[(0, 0)]=5, 
[debug] board state:
[[ 5 14 14 14]
 [14 14 10  9]
 [11  9 15 15]
 [15 14 15 10]
 [15 15 14  6]
 [ 7 12  8 15]
 [11 15  1 15]
 [15  5 15 15]], 

=10 

=16 

[debug] move action_id=34, action=((1, 3), (0, 3)), 
[debug] current_player=1 (R), 
[debug] board[(1, 3)]=14, board[(0, 3)]=9, 
[debug] board state:
[[ 5 14 14  9]
 [14 14 10 14]
 [11  9 15 15]
 [15 14 15 10]
 [15 15 14  6]
 [ 7 12  8 15]
 [11 15  1 15]
 [15  5 15 15]], 

=10 

=16 

=12 a8 b8

[debug] move action_id=8, action=((0, 0), (0, 1)), 
[debug] current_player=0 (B), 
[debug] board[(0, 0)]=14, board[(0, 1)]=5, 
[debug] board state:
[[14  5 14  9]
 [14 14 10 14]
 [11  9 15 15]
 [15 14 15 10]
 [15 15 14  6]
 [ 7 12  8 15]
 [11 15  1 15]
 [15  5 15 15]], 

=10 

=16 

[debug] move action_id=253, action=((5, 3), (5, 3)), 
[debug] current_player=1 (R), 
[debug] board[(5, 3)]=4, board[(5, 3)]=4, 
[debug] board state:
[[14  5 14  9]
 [14 14 10 14]
 [11  9 15 15]
 [15 14 15 10]
 [15 15 14  6]
 [ 7 12  8  4]
 [11 15  1 15]
 [15  5 15 15]], 

=11 

=16 

=12 b8 a8

[debug] move action_id=19, action=((0, 1), (0, 0)), 
[debug] current_player=0 (B), 
[debug] board[(0, 1)]=14, board[(0, 0)]=5, 
[debug] board state:
[[ 5 14 14  9]
 [14 14 10 14]
 [11  9 15 15]
 [15 14 15 10]
 [15 15 14  6]
 [ 7 12  8  4]
 [11 15  1 15]
 [15  5 15 15]], 

=10 

=16 

[debug] move action_id=330, action=((7, 2), (7, 2)), 
[debug] current_player=1 (R), 
[debug] board[(7, 2)]=6, board[(7, 2)]=6, 
[debug] board state:
[[ 5 14 14  9]
 [14 14 10 14]
 [11  9 15 15]
 [15 14 15 10]
 [15 15 14  6]
 [ 7 12  8  4]
 [11 15  1 15]
 [15  5  6 15]], 

=11 

=16 

=12 a8 b8

[debug] move action_id=8, action=((0, 0), (0, 1)), 
[debug] current_player=0 (B), 
[debug] board[(0, 0)]=14, board[(0, 1)]=5, 
[debug] board state:
[[14  5 14  9]
 [14 14 10 14]
 [11  9 15 15]
 [15 14 15 10]
 [15 15 14  6]
 [ 7 12  8  4]
 [11 15  1 15]
 [15  5  6 15]], 

=10 

=16 

[debug] move action_id=76, action=((1, 2), (1, 3)), 
[debug] current_player=1 (R), 
[debug] board[(1, 2)]=14, board[(1, 3)]=10, 
[debug] board state:
[[14  5 14  9]
 [14 14 14 10]
 [11  9 15 15]
 [15 14 15 10]
 [15 15 14  6]
 [ 7 12  8  4]
 [11 15  1 15]
 [15  5  6 15]], 

=10 

=16 

=12 b8 a8

[debug] move action_id=19, action=((0, 1), (0, 0)), 
[debug] current_player=0 (B), 
[debug] board[(0, 1)]=14, board[(0, 0)]=5, 
[debug] board state:
[[ 5 14 14  9]
 [14 14 14 10]
 [11  9 15 15]
 [15 14 15 10]
 [15 15 14  6]
 [ 7 12  8  4]
 [11 15  1 15]
 [15  5  6 15]], 

=10 

=16 

[debug] move action_id=308, action=((7, 0), (7, 0)), 
[debug] current_player=1 (R), 
[debug] board[(7, 0)]=3, board[(7, 0)]=3, 
[debug] board state:
[[ 5 14 14  9]
 [14 14 14 10]
 [11  9 15 15]
 [15 14 15 10]
 [15 15 14  6]
 [ 7 12  8  4]
 [11 15  1 15]
 [ 3  5  6 15]], 

=11 

=16 

=12 a8 b8

[debug] move action_id=8, action=((0, 0), (0, 1)), 
[debug] current_player=0 (B), 
[debug] board[(0, 0)]=14, board[(0, 1)]=5, 
[debug] board state:
[[14  5 14  9]
 [14 14 14 10]
 [11  9 15 15]
 [15 14 15 10]
 [15 15 14  6]
 [ 7 12  8  4]
 [11 15  1 15]
 [ 3  5  6 15]], 

=10 

=16 

[debug] move action_id=46, action=((2, 0), (1, 0)), 
[debug] current_player=1 (R), 
[debug] board[(2, 0)]=14, board[(1, 0)]=11, 
[debug] board state:
[[14  5 14  9]
 [11 14 14 10]
 [14  9 15 15]
 [15 14 15 10]
 [15 15 14  6]
 [ 7 12  8  4]
 [11 15  1 15]
 [ 3  5  6 15]], 

=10 

=16 

=12 b8 a8

[debug] move action_id=19, action=((0, 1), (0, 0)), 
[debug] current_player=0 (B), 
[debug] board[(0, 1)]=14, board[(0, 0)]=5, 
[debug] board state:
[[ 5 14 14  9]
 [11 14 14 10]
 [14  9 15 15]
 [15 14 15 10]
 [15 15 14  6]
 [ 7 12  8  4]
 [11 15  1 15]
 [ 3  5  6 15]], 

=10 

=16 

[debug] move action_id=43, action=((0, 3), (0, 2)), 
[debug] current_player=1 (R), 
[debug] board[(0, 3)]=14, board[(0, 2)]=9, 
[debug] board state:
[[ 5 14  9 14]
 [11 14 14 10]
 [14  9 15 15]
 [15 14 15 10]
 [15 15 14  6]
 [ 7 12  8  4]
 [11 15  1 15]
 [ 3  5  6 15]], 

=10 

=16 

=12 a8 b8

[debug] move action_id=8, action=((0, 0), (0, 1)), 
[debug] current_player=0 (B), 
[debug] board[(0, 0)]=14, board[(0, 1)]=5, 
[debug] board state:
[[14  5  9 14]
 [11 14 14 10]
 [14  9 15 15]
 [15 14 15 10]
 [15 15 14  6]
 [ 7 12  8  4]
 [11 15  1 15]
 [ 3  5  6 15]], 

=10 

=16 

[debug] move action_id=275, action=((6, 1), (6, 1)), 
[debug] current_player=1 (R), 
[debug] board[(6, 1)]=13, board[(6, 1)]=13, 
[debug] board state:
[[14  5  9 14]
 [11 14 14 10]
 [14  9 15 15]
 [15 14 15 10]
 [15 15 14  6]
 [ 7 12  8  4]
 [11 13  1 15]
 [ 3  5  6 15]], 

=11 

=16 

=12 b8 a8

[debug] move action_id=19, action=((0, 1), (0, 0)), 
[debug] current_player=0 (B), 
[debug] board[(0, 1)]=14, board[(0, 0)]=5, 
[debug] board state:
[[ 5 14  9 14]
 [11 14 14 10]
 [14  9 15 15]
 [15 14 15 10]
 [15 15 14  6]
 [ 7 12  8  4]
 [11 13  1 15]
 [ 3  5  6 15]], 

=10 

=16 

[debug] move action_id=32, action=((0, 2), (0, 3)), 
[debug] current_player=1 (R), 
[debug] board[(0, 2)]=14, board[(0, 3)]=9, 
[debug] board state:
[[ 5 14 14  9]
 [11 14 14 10]
 [14  9 15 15]
 [15 14 15 10]
 [15 15 14  6]
 [ 7 12  8  4]
 [11 13  1 15]
 [ 3  5  6 15]], 

=10 

=16 

=12 a8 b8

[debug] move action_id=8, action=((0, 0), (0, 1)), 
[debug] current_player=0 (B), 
[debug] board[(0, 0)]=14, board[(0, 1)]=5, 
[debug] board state:
[[14  5 14  9]
 [11 14 14 10]
 [14  9 15 15]
 [15 14 15 10]
 [15 15 14  6]
 [ 7 12  8  4]
 [11 13  1 15]
 [ 3  5  6 15]], 

=10 

=16 

[debug] move action_id=187, action=((4, 1), (4, 1)), 
[debug] current_player=1 (R), 
[debug] board[(4, 1)]=13, board[(4, 1)]=13, 
[debug] board state:
[[14  5 14  9]
 [11 14 14 10]
 [14  9 15 15]
 [15 14 15 10]
 [15 13 14  6]
 [ 7 12  8  4]
 [11 13  1 15]
 [ 3  5  6 15]], 

=11 

=16 

=12 b8 a8

[debug] move action_id=19, action=((0, 1), (0, 0)), 
[debug] current_player=0 (B), 
[debug] board[(0, 1)]=14, board[(0, 0)]=5, 
[debug] board state:
[[ 5 14 14  9]
 [11 14 14 10]
 [14  9 15 15]
 [15 14 15 10]
 [15 13 14  6]
 [ 7 12  8  4]
 [11 13  1 15]
 [ 3  5  6 15]], 

=10 

=16 

[debug] move action_id=107, action=((2, 1), (2, 0)), 
[debug] current_player=1 (R), 
[debug] board[(2, 1)]=14, board[(2, 0)]=9, 
[debug] board state:
[[ 5 14 14  9]
 [11 14 14 10]
 [ 9 14 15 15]
 [15 14 15 10]
 [15 13 14  6]
 [ 7 12  8  4]
 [11 13  1 15]
 [ 3  5  6 15]], 

=10 

=16 

=12 a8 b8

[debug] move action_id=8, action=((0, 0), (0, 1)), 
[debug] current_player=0 (B), 
[debug] board[(0, 0)]=14, board[(0, 1)]=5, 
[debug] board state:
[[14  5 14  9]
 [11 14 14 10]
 [ 9 14 15 15]
 [15 14 15 10]
 [15 13 14  6]
 [ 7 12  8  4]
 [11 13  1 15]
 [ 3  5  6 15]], 

=10 

=16 

[debug] move action_id=297, action=((6, 3), (6, 3)), 
[debug] current_player=1 (R), 
[debug] board[(6, 3)]=3, board[(6, 3)]=3, 
[debug] board state:
[[14  5 14  9]
 [11 14 14 10]
 [ 9 14 15 15]
 [15 14 15 10]
 [15 13 14  6]
 [ 7 12  8  4]
 [11 13  1  3]
 [ 3  5  6 15]], 

=11 

=16 

=12 b8 a8

[debug] move action_id=19, action=((0, 1), (0, 0)), 
[debug] current_player=0 (B), 
[debug] board[(0, 1)]=14, board[(0, 0)]=5, 
[debug] board state:
[[ 5 14 14  9]
 [11 14 14 10]
 [ 9 14 15 15]
 [15 14 15 10]
 [15 13 14  6]
 [ 7 12  8  4]
 [11 13  1  3]
 [ 3  5  6 15]], 

=10 

=16 

[debug] move action_id=121, action=((2, 3), (2, 3)), 
[debug] current_player=1 (R), 
[debug] board[(2, 3)]=1, board[(2, 3)]=1, 
[debug] board state:
[[ 5 14 14  9]
 [11 14 14 10]
 [ 9 14 15  1]
 [15 14 15 10]
 [15 13 14  6]
 [ 7 12  8  4]
 [11 13  1  3]
 [ 3  5  6 15]], 

=11 

=16 

=12 a8 b8

[debug] move action_id=8, action=((0, 0), (0, 1)), 
[debug] current_player=0 (B), 
[debug] board[(0, 0)]=14, board[(0, 1)]=5, 
[debug] board state:
[[14  5 14  9]
 [11 14 14 10]
 [ 9 14 15  1]
 [15 14 15 10]
 [15 13 14  6]
 [ 7 12  8  4]
 [11 13  1  3]
 [ 3  5  6 15]], 

=10 

=16 

[debug] move action_id=176, action=((4, 0), (4, 0)), 
[debug] current_player=1 (R), 
[debug] board[(4, 0)]=8, board[(4, 0)]=8, 
[debug] board state:
[[14  5 14  9]
 [11 14 14 10]
 [ 9 14 15  1]
 [15 14 15 10]
 [ 8 13 14  6]
 [ 7 12  8  4]
 [11 13  1  3]
 [ 3  5  6 15]], 

=11 

=16 

=12 b8 a8

[debug] move action_id=19, action=((0, 1), (0, 0)), 
[debug] current_player=0 (B), 
[debug] board[(0, 1)]=14, board[(0, 0)]=5, 
[debug] board state:
[[ 5 14 14  9]
 [11 14 14 10]
 [ 9 14 15  1]
 [15 14 15 10]
 [ 8 13 14  6]
 [ 7 12  8  4]
 [11 13  1  3]
 [ 3  5  6 15]], 

=10 

=16 

[debug] move action_id=252, action=((5, 2), (5, 3)), 
[debug] current_player=1 (R), 
[debug] board[(5, 2)]=14, board[(5, 3)]=8, 
[debug] board state:
[[ 5 14 14  9]
 [11 14 14 10]
 [ 9 14 15  1]
 [15 14 15 10]
 [ 8 13 14  6]
 [ 7 12 14  8]
 [11 13  1  3]
 [ 3  5  6 15]], 

=10 

=16 

=12 a8 b8

[debug] move action_id=8, action=((0, 0), (0, 1)), 
[debug] current_player=0 (B), 
[debug] board[(0, 0)]=14, board[(0, 1)]=5, 
[debug] board state:
[[14  5 14  9]
 [11 14 14 10]
 [ 9 14 15  1]
 [15 14 15 10]
 [ 8 13 14  6]
 [ 7 12 14  8]
 [11 13  1  3]
 [ 3  5  6 15]], 

=10 

=16 

[debug] move action_id=154, action=((3, 2), (3, 2)), 
[debug] current_player=1 (R), 
[debug] board[(3, 2)]=13, board[(3, 2)]=13, 
[debug] board state:
[[14  5 14  9]
 [11 14 14 10]
 [ 9 14 15  1]
 [15 14 13 10]
 [ 8 13 14  6]
 [ 7 12 14  8]
 [11 13  1  3]
 [ 3  5  6 15]], 

=11 

=16 

=12 b8 a8

[debug] move action_id=19, action=((0, 1), (0, 0)), 
[debug] current_player=0 (B), 
[debug] board[(0, 1)]=14, board[(0, 0)]=5, 
[debug] board state:
[[ 5 14 14  9]
 [11 14 14 10]
 [ 9 14 15  1]
 [15 14 13 10]
 [ 8 13 14  6]
 [ 7 12 14  8]
 [11 13  1  3]
 [ 3  5  6 15]], 

=10 

=16 

[debug] move action_id=341, action=((7, 3), (7, 3)), 
[debug] current_player=1 (R), 
[debug] board[(7, 3)]=2, board[(7, 3)]=2, 
[debug] board state:
[[ 5 14 14  9]
 [11 14 14 10]
 [ 9 14 15  1]
 [15 14 13 10]
 [ 8 13 14  6]
 [ 7 12 14  8]
 [11 13  1  3]
 [ 3  5  6  2]], 

=11 

=16 

=12 a8 b8

[debug] move action_id=8, action=((0, 0), (0, 1)), 
[debug] current_player=0 (B), 
[debug] board[(0, 0)]=14, board[(0, 1)]=5, 
[debug] board state:
[[14  5 14  9]
 [11 14 14 10]
 [ 9 14 15  1]
 [15 14 13 10]
 [ 8 13 14  6]
 [ 7 12 14  8]
 [11 13  1  3]
 [ 3  5  6  2]], 

=10 

=16 

[debug] move action_id=303, action=((5, 3), (6, 3)), 
[debug] current_player=1 (R), 
[debug] board[(5, 3)]=14, board[(6, 3)]=8, 
[debug] board state:
[[14  5 14  9]
 [11 14 14 10]
 [ 9 14 15  1]
 [15 14 13 10]
 [ 8 13 14  6]
 [ 7 12 14 14]
 [11 13  1  8]
 [ 3  5  6  2]], 

=10 

=16 

=12 b8 a8

[debug] move action_id=19, action=((0, 1), (0, 0)), 
[debug] current_player=0 (B), 
[debug] board[(0, 1)]=14, board[(0, 0)]=5, 
[debug] board state:
[[ 5 14 14  9]
 [11 14 14 10]
 [ 9 14 15  1]
 [15 14 13 10]
 [ 8 13 14  6]
 [ 7 12 14 14]
 [11 13  1  8]
 [ 3  5  6  2]], 

=10 

=16 

[debug] move action_id=147, action=((4, 1), (3, 1)), 
[debug] current_player=1 (R), 
[debug] board[(4, 1)]=14, board[(3, 1)]=13, 
[debug] board state:
[[ 5 14 14  9]
 [11 14 14 10]
 [ 9 14 15  1]
 [15 13 13 10]
 [ 8 14 14  6]
 [ 7 12 14 14]
 [11 13  1  8]
 [ 3  5  6  2]], 

=10 

=16 

=12 a8 b8

[debug] move action_id=8, action=((0, 0), (0, 1)), 
[debug] current_player=0 (B), 
[debug] board[(0, 0)]=14, board[(0, 1)]=5, 
[debug] board state:
[[14  5 14  9]
 [11 14 14 10]
 [ 9 14 15  1]
 [15 13 13 10]
 [ 8 14 14  6]
 [ 7 12 14 14]
 [11 13  1  8]
 [ 3  5  6  2]], 

=10 

=16 

[debug] move action_id=102, action=((3, 1), (2, 1)), 
[debug] current_player=1 (R), 
[debug] board[(3, 1)]=14, board[(2, 1)]=13, 
[debug] board state:
[[14  5 14  9]
 [11 14 14 10]
 [ 9 13 15  1]
 [15 14 13 10]
 [ 8 14 14  6]
 [ 7 12 14 14]
 [11 13  1  8]
 [ 3  5  6  2]], 

=10 

=16 

=12 b8 a8

[debug] move action_id=19, action=((0, 1), (0, 0)), 
[debug] current_player=0 (B), 
[debug] board[(0, 1)]=14, board[(0, 0)]=5, 
[debug] board state:
[[ 5 14 14  9]
 [11 14 14 10]
 [ 9 13 15  1]
 [15 14 13 10]
 [ 8 14 14  6]
 [ 7 12 14 14]
 [11 13  1  8]
 [ 3  5  6  2]], 

=10 

=16 

[debug] move action_id=1, action=((1, 0), (0, 0)), 
[debug] current_player=1 (R), 
[debug] board[(1, 0)]=14, board[(0, 0)]=11, 
[debug] board state:
[[11 14 14  9]
 [14 14 14 10]
 [ 9 13 15  1]
 [15 14 13 10]
 [ 8 14 14  6]
 [ 7 12 14 14]
 [11 13  1  8]
 [ 3  5  6  2]], 

=10 

=16 

=12 d6 d7

[debug] move action_id=79, action=((2, 3), (1, 3)), 
[debug] current_player=0 (B), 
[debug] board[(2, 3)]=14, board[(1, 3)]=1, 
[debug] board state:
[[11 14 14  9]
 [14 14 14  1]
 [ 9 13 15 14]
 [15 14 13 10]
 [ 8 14 14  6]
 [ 7 12 14 14]
 [11 13  1  8]
 [ 3  5  6  2]], 

=10 

=16 

[debug] move action_id=124, action=((3, 3), (2, 3)), 
[debug] current_player=1 (R), 
[debug] board[(3, 3)]=14, board[(2, 3)]=10, 
[debug] board state:
[[11 14 14  9]
 [14 14 14  1]
 [ 9 13 15 10]
 [15 14 13 14]
 [ 8 14 14  6]
 [ 7 12 14 14]
 [11 13  1  8]
 [ 3  5  6  2]], 

=10 

=16 

=12 d7 d8

[debug] move action_id=34, action=((1, 3), (0, 3)), 
[debug] current_player=0 (B), 
[debug] board[(1, 3)]=14, board[(0, 3)]=1, 
[debug] board state:
[[11 14 14  1]
 [14 14 14 14]
 [ 9 13 15 10]
 [15 14 13 14]
 [ 8 14 14  6]
 [ 7 12 14 14]
 [11 13  1  8]
 [ 3  5  6  2]], 

=10 

=16 

[debug] move action_id=307, action=((6, 3), (6, 2)), 
[debug] current_player=1 (R), 
[debug] board[(6, 3)]=14, board[(6, 2)]=8, 
[debug] board state:
[[11 14 14  1]
 [14 14 14 14]
 [ 9 13 15 10]
 [15 14 13 14]
 [ 8 14 14  6]
 [ 7 12 14 14]
 [11 13  8 14]
 [ 3  5  6  2]], 

=10 

=16 

=12 d8 c8

[debug] move action_id=43, action=((0, 3), (0, 2)), 
[debug] current_player=0 (B), 
[debug] board[(0, 3)]=14, board[(0, 2)]=1, 
[debug] board state:
[[11 14  1 14]
 [14 14 14 14]
 [ 9 13 15 10]
 [15 14 13 14]
 [ 8 14 14  6]
 [ 7 12 14 14]
 [11 13  8 14]
 [ 3  5  6  2]], 

=10 

=16 

[debug] move action_id=110, action=((2, 2), (2, 2)), 
[debug] current_player=1 (R), 
[debug] board[(2, 2)]=6, board[(2, 2)]=6, 
[debug] board state:
[[11 14  1 14]
 [14 14 14 14]
 [ 9 13  6 10]
 [15 14 13 14]
 [ 8 14 14  6]
 [ 7 12 14 14]
 [11 13  8 14]
 [ 3  5  6  2]], 

=11 

=16 

=12 c8 b8

[debug] move action_id=31, action=((0, 2), (0, 1)), 
[debug] current_player=0 (B), 
[debug] board[(0, 2)]=14, board[(0, 1)]=1, 
[debug] board state:
[[11  1 14 14]
 [14 14 14 14]
 [ 9 13  6 10]
 [15 14 13 14]
 [ 8 14 14  6]
 [ 7 12 14 14]
 [11 13  8 14]
 [ 3  5  6  2]], 

=10 

=16 

[debug] move action_id=79, action=((2, 3), (1, 3)), 
[debug] current_player=1 (R), 
[debug] board[(2, 3)]=14, board[(1, 3)]=10, 
[debug] board state:
[[11  1 14 14]
 [14 14 14 10]
 [ 9 13  6 14]
 [15 14 13 14]
 [ 8 14 14  6]
 [ 7 12 14 14]
 [11 13  8 14]
 [ 3  5  6  2]], 

=10 

=16 

=12 b8 a8

[debug] move action_id=19, action=((0, 1), (0, 0)), 
[debug] current_player=0 (B), 
[debug] board[(0, 1)]=14, board[(0, 0)]=1, 
[debug] board state:
[[ 1 14 14 14]
 [14 14 14 10]
 [ 9 13  6 14]
 [15 14 13 14]
 [ 8 14 14  6]
 [ 7 12 14 14]
 [11 13  8 14]
 [ 3  5  6  2]], 

=10 

=16 

[debug] move action_id=146, action=((2, 1), (3, 1)), 
[debug] current_player=1 (R), 
[debug] board[(2, 1)]=14, board[(3, 1)]=13, 
[debug] board state:
[[ 1 14 14 14]
 [14 14 14 10]
 [ 9 14  6 14]
 [15 13 13 14]
 [ 8 14 14  6]
 [ 7 12 14 14]
 [11 13  8 14]
 [ 3  5  6  2]], 

=10 

=16 

=12 a8 b8

[debug] move action_id=8, action=((0, 0), (0, 1)), 
[debug] current_player=0 (B), 
[debug] board[(0, 0)]=14, board[(0, 1)]=1, 
[debug] board state:
[[14  1 14 14]
 [14 14 14 10]
 [ 9 14  6 14]
 [15 13 13 14]
 [ 8 14 14  6]
 [ 7 12 14 14]
 [11 13  8 14]
 [ 3  5  6  2]], 

=10 

=16 

[debug] move action_id=325, action=((5, 1), (7, 1)), 
[debug] current_player=1 (R), 
[debug] board[(5, 1)]=14, board[(7, 1)]=12, 
[debug] board state:
[[14  1 14 14]
 [14 14 14 10]
 [ 9 14  6 14]
 [15 13 13 14]
 [ 8 14 14  6]
 [ 7 14 14 14]
 [11 13  8 14]
 [ 3 12  6  2]], 

=10 

=16 

=12 b8 a8

[debug] move action_id=19, action=((0, 1), (0, 0)), 
[debug] current_player=0 (B), 
[debug] board[(0, 1)]=14, board[(0, 0)]=1, 
[debug] board state:
[[ 1 14 14 14]
 [14 14 14 10]
 [ 9 14  6 14]
 [15 13 13 14]
 [ 8 14 14  6]
 [ 7 14 14 14]
 [11 13  8 14]
 [ 3 12  6  2]], 

=10 

=16 

[debug] move action_id=191, action=((3, 1), (4, 1)), 
[debug] current_player=1 (R), 
[debug] board[(3, 1)]=14, board[(4, 1)]=13, 
[debug] board state:
[[ 1 14 14 14]
 [14 14 14 10]
 [ 9 14  6 14]
 [15 14 13 14]
 [ 8 13 14  6]
 [ 7 14 14 14]
 [11 13  8 14]
 [ 3 12  6  2]], 

=10 

=16 

=12 a8 b8

[debug] move action_id=8, action=((0, 0), (0, 1)), 
[debug] current_player=0 (B), 
[debug] board[(0, 0)]=14, board[(0, 1)]=1, 
[debug] board state:
