INITIAL
* 1:51am Feb 25, 2026
* a0_random vs a1_alphazero
* 1 2 2 2 2 2 5 1 2 2 2 2 2 5
* X X X X
* X X X X
* X X X X
* X X X X
* X X X X
* X X X X
* X X X X
* X X X X
* first 1
* time 900
* 1. a8(m) b8(M)
* 2. a6(p) b8-a8
* 3. a4(m) a8-b8
* 4. c8(R) b8-a8
* 5. c3(G) a8-b8
* 6. a2(R) b8-a8
* 7. c1(K) a8-b8
* 8. c4(c) b8-a8
* 9. c2(P) a8-b8
* 10. a3(r) b8-a8
* 11. d3(p) a8-b8
* 12. b4(C) b8-a8
* 13. d2(N) a8-b8
* 14. a7(c) b8-a8
* 15. a5(P) a8-b8
* 16. d1(r) b8-a8
* 17. d7(k) a8-b8
* 18. b5(N) b8-a8
* 19. c5(n) a8-b8
* 20. d1-d2 b8-a8
* 21. d4(p) a8-b8
* 22. c6(g) b8-a8
* 23. b3(G) a8-b8
* 24. c5-b5 b8-a8
* 25. a6-a5 a8-b8
* 26. a7-a6 b8-a8
* 27. b5-c5 a8-b8
* 28. a6-a7 b8-a8
* 29. a3-a2 a8-b8
* 30. d2-c2 b8-a8
* 31. a5-b5 a8-b8
* 32. a1(P) b8-a8
* 33. b7(n) a8-b8
* 34. a2-a3 b8-a8
* 35. d8(P) a8-b8
* 36. c2-d2 b8-a8
* 37. d5(C) a8-b8
* 38. a4-a5 b8-a8
* 39. a3-a2 a8-b8
* 40. b2(g) b8-a8
* 41. b1(p) a8-b8
* 42. b2-c2 b8-a8
* 43. a2-a1 a8-b8
* 44. b6(P) b8-a8
* 45. b7-b6 a8-b8
* 46. b6-b7 b8-a8
* 47. d2-d1 a8-b8
* 48. a5-a4 b8-a8
* 49. c6-b6 a8-b8
* 50. b6-c6 b8-a8
* 51. c2-d2 a8-b8
* 52. c4-c1 b8-a8
* 53. a4-a5 a8-b8
* 54. a7-a6 b8-a8
* 55. a1-a2 a8-b8
* 56. c7(M) b8-a8
* 57. b7-b6 a8-b8
* 58. a2-a1 b8-a8
* 59. c5-d5 a8-b8
* 60. b1-b2 b8-a8
* 61. d5-c5 a8-b8
* 62. c1-c2 b8-a8
* 63. d4-c4 a8-b8
* 64. d3-d4 b8-a8
* 65. a1-a2 a8-b8
* 66. b6-b7 b8-a8
* 67. b5-b6 a8-b8
* 68. a5-a4 b8-a8
* 69. b7-b8 a8-b8
* 70. d4-d3 b8-a8
* 71. a4-b4 a8-b8
* 72. c2-c1 b8-a8
* 73. a6-a7 a8-b8
* 74. c5-b5 b8-a8
* 75. d2-c2 a8-b8
* 76. c4-c5 b8-a8
* 77. c2-c3 a8-b8
* 78. c3-b3 b8-a8
* 79. a7-a6 a8-b8
* 80. c1-c2 b8-a8
* 81. b4-a4 a8-b8
* 82. d3-d2 b8-a8
* 83. b5-a5 a8-b8
* 84. d6(p) b8-a8
* 85. c5-b5 a8-b8
* 86. d2-d3 b8-a8
* 87. a4-a3 a8-b8
* 88. d1-d2 b8-a8
* 89. c6-c5 a8-b8
* 90. b5-b4 b8-a8
* 91. b6-b7 a8-b8
* 92. d2-d1 b8-a8
* 93. d3-d2 a8-b8
* 94. c5-d5 b8-a8
* 95. a3-a4 a8-b8
* 96. a6-a7 b8-a8
* 97. a2-a1 a8-b8
* 98. d1-c1 b8-a8
* 99. d2-d3 a8-b8
* 100. b3-c3 b8-a8
* 101. a1-a2 a8-b8
* 102. d3-d4 b8-a8
* 103. c2-c7 a8-b8
* 104. a4-a3 b8-a8
* 105. b7-b6 a8-b8
* 106. b6-c6 b8-a8
* 107. c3-c2 a8-b8
* 108. a3-b3 b8-a8
* 109. c6-c5 a8-b8
* 110. c5-b5 b8-a8
* 111. b3-a3 a8-b8
* 112. a7-b7 b8-a8
* 113. b7-b8 a8-b8
* 114. d4-c4 b8-a8
* 115. c2-c3 a8-b8
* 116. c3-d3 b8-a8
* 117. a3-a4 a8-b8
* 118. c7-c6 b8-a8
* 119. d3-c3 a8-b8
* 120. c1-c2 b8-a8
* 121. d5-d4 a8-b8
* 122. a5-a6 b8-a8
* 123. a6-a5 a8-b8
* 124. b2-b3 b8-a8
* 125. a4-a3 a8-b8
* 126. c2-c1 b8-a8
* 127. b3-b2 a8-b8
* 128. b4-b3 b8-a8
* 129. d4-d3 a8-b8
* 130. b5-b6 b8-a8
* 131. c4-b4 a8-b8
* 132. c3-c4 b8-a8
* 133. c1-b1 a8-b8
* 134. b4-a4 b8-a8
* 135. b2-c2 a8-b8
* 136. a4-b4 b8-a8
* 137. c2-b2 a8-b8
* 138. b6-a6 b8-a8
* 139. c4-c5 a8-b8
* 140. d6-d5 b8-a8
* 141. a5-a4 a8-b8
* 142. d5-d6 b8-a8
* 143. c5-b5 a8-b8
* 144. b5-b6 b8-a8
* 145. c6-c7 a8-b8
* 146. d6-d5 b8-a8
* 147. d5-d4 a8-b8
* 148. b4-b5 b8-a8
* 149. b6-c6 a8-b8
* 150. b5-a5 b8-a8
* 151. c6-b6 a8-b8
* 152. b1-c1 b8-a8
* 153. d4-c4 a8-b8
* 154. c1-b1 b8-a8
* 155. d3-d2 a8-b8
* 156. c4-c3 b8-a8
* 157. b2-c2 a8-b8
* 158. a2-a1 b8-a8
* 159. a6-a7 a8-b8
* 160. a7-a8 b8-a8
* 161. d7-d6 a8-b8
* 162. c2-b2 b8-a8
* 163. c3-d3 a8-b8
* 164. d3-d4 b8-a8
* 165. d6-c6 a8-b8
* 166. b2-a2 b8-a8
* 167. a5-b5 a8-b8
* 168. d2-d1 b8-a8
* 169. a2-b2 a8-b8
* 170. a4-a5 b8-a8
* 171. c7-d7 a8-b8
* 172. b5-c5 b8-a8
* 173. b2-a2 a8-b8
* 174. b1-c1 b8-a8
* 175. c6-d6 a8-b8
* 176. d7-c7 b8-a8
* 177. d4-c4 a8-b8
* 178. a2-b2 b8-a8
* 179. a5-a6 a8-b8
* 180. a3-a2 b8-a8
* 181. b2-c2 a8-b8
* 182. d6-d7 b8-a8
* 183. c2-b2 a8-b8
* 184. b2-c2 b8-a8
* 185. d7-d6 a8-b8
* 186. b6-b7 b8-a8
* 187. b7-b8 a8-a7
* 188. d6-d7 a7-a8
* 189. b3-c3 a8-a7
* 190. c5-b5 a7-a8
* 191. a6-b6 a8-a7
* 192. c2-b2 a7-a8
* 193. b6-b7 a8-a7
* 194. a2-a3 a7-a8
* 195. b5-b6 a8-a7
* 196. b2-b1 a7-a8
* 197. c3-b3 a8-a7
* 198. b1-b2 a7-a8
* 199. a1-a2 a8-a7
* 200. c4-d4 a7-a8
* 201. d4-c4 a8-a7
* 202. c4-b4 a7-a8
* 203. c1-b1 a8-a7
* 204. d7-d6 a7-a8
* 205. d1-c1 a8-a7
* 206. b1-a1 a7-a8
* 207. b3-c3 a8-a7
* 208. c1-c2 a7-a8
* 209. b2-b1 a8-a7
* 210. a3-b3 a7-a8
* 211. b1-c1 a8-a7
* 212. c1-b1 a7-a8
* 213. c3-d3 a8-a7
* 214. b3-c3 a7-a8
* 215. c7-d7 a8-a7
* 216. d6-c6 a7-a8
* 217. b8-a8 c8-b8
* 218. b1-c1 b8-c8
* 219. d3-d2 c8-b8
* 220. a8-b8 d8-c8
* 221. d7-d6 c8-d8
* 222. d6-d5 d8-c8
* 223. c6-c7 c8-d8
* 224. c7-d7 d8-c8
* 225. d2-d3 c8-d8
* 226. b4-b3 d8-c8
* 227. c2-b2 c8-d8
* 228. d5-d4 d8-c8
* 229. b2-c2 c8-d8
* 230. b7-c7 d8-c8
* 231. d3-d2 c8-d8
* 232. d4-d3 d8-c8
* 233. b6-a6 c8-d8
* 234. c1-b1 d8-c8
* 235. c2-b2 c8-d8
* 236. c7-c6 d8-c8
* 237. c3-c4 c8-d8
* 238. d3-d8
* NoMove a0_random Wins 1.000000,0.000000
* Comment 0 0
0. 1771955511038
1. 1771955511038
2. 1771955511572
3. 1771955511729
4. 1771955512123
5. 1771955512280
6. 1771955512674
7. 1771955512831
8. 1771955513225
9. 1771955513382
10. 1771955513776
11. 1771955513933
12. 1771955514277
13. 1771955514433
14. 1771955514778
15. 1771955514934
16. 1771955515279
17. 1771955515435
18. 1771955515780
19. 1771955515936
20. 1771955516282
21. 1771955516436
22. 1771955516783
23. 1771955516937
24. 1771955517284
25. 1771955517438
26. 1771955517785
27. 1771955517939
28. 1771955518286
29. 1771955518440
30. 1771955518787
31. 1771955518940
32. 1771955519288
33. 1771955519441
34. 1771955519789
35. 1771955519942
36. 1771955520290
37. 1771955520443
38. 1771955520791
39. 1771955520944
40. 1771955521292
41. 1771955521445
42. 1771955521793
43. 1771955521945
44. 1771955522294
45. 1771955522446
46. 1771955522795
47. 1771955522947
48. 1771955523296
49. 1771955523448
50. 1771955523797
51. 1771955523949
52. 1771955524298
53. 1771955524449
54. 1771955524799
55. 1771955524950
56. 1771955525300
57. 1771955525451
58. 1771955525801
59. 1771955525952
60. 1771955526302
61. 1771955526453
62. 1771955526803
63. 1771955526953
64. 1771955527305
65. 1771955527454
66. 1771955527805
67. 1771955527955
68. 1771955528306
69. 1771955528456
70. 1771955528807
71. 1771955528957
72. 1771955529308
73. 1771955529457
74. 1771955529809
75. 1771955529958
76. 1771955530310
77. 1771955530459
78. 1771955530812
79. 1771955530960
80. 1771955531312
81. 1771955531462
82. 1771955531813
83. 1771955531962
84. 1771955532315
85. 1771955532463
86. 1771955532815
87. 1771955532964
88. 1771955533316
89. 1771955533464
90. 1771955533817
91. 1771955533965
92. 1771955534318
93. 1771955534466
94. 1771955534819
95. 1771955534968
96. 1771955535320
97. 1771955535468
98. 1771955535821
99. 1771955535969
100. 1771955536322
101. 1771955536470
102. 1771955536823
103. 1771955536971
104. 1771955537324
105. 1771955537472
106. 1771955537825
107. 1771955537973
108. 1771955538326
109. 1771955538474
110. 1771955538827
111. 1771955538975
112. 1771955539328
113. 1771955539476
114. 1771955539829
115. 1771955539977
116. 1771955540330
117. 1771955540479
118. 1771955540831
119. 1771955540979
120. 1771955541333
121. 1771955541480
122. 1771955541833
123. 1771955541981
124. 1771955542335
125. 1771955542482
126. 1771955542785
127. 1771955542933
128. 1771955543287
129. 1771955543434
130. 1771955543788
131. 1771955543935
132. 1771955544289
133. 1771955544436
134. 1771955544791
135. 1771955544937
136. 1771955545292
137. 1771955545438
138. 1771955545793
139. 1771955545940
140. 1771955546294
141. 1771955546440
142. 1771955546795
143. 1771955546941
144. 1771955547296
145. 1771955547443
146. 1771955547797
147. 1771955547944
148. 1771955548298
149. 1771955548444
150. 1771955548799
151. 1771955548945
152. 1771955549300
153. 1771955549446
154. 1771955549801
155. 1771955549947
156. 1771955550302
157. 1771955550448
158. 1771955550803
159. 1771955550949
160. 1771955551304
161. 1771955551450
162. 1771955551805
163. 1771955551951
164. 1771955552306
165. 1771955552452
166. 1771955552806
167. 1771955552952
168. 1771955553308
169. 1771955553454
170. 1771955553808
171. 1771955553955
172. 1771955554309
173. 1771955554456
174. 1771955554810
175. 1771955554957
176. 1771955555311
177. 1771955555458
178. 1771955555812
179. 1771955555959
180. 1771955556314
181. 1771955556459
182. 1771955556814
183. 1771955556960
184. 1771955557315
185. 1771955557461
186. 1771955557816
187. 1771955557962
188. 1771955558316
189. 1771955558463
190. 1771955558817
191. 1771955558965
192. 1771955559318
193. 1771955559466
194. 1771955559819
195. 1771955559966
196. 1771955560320
197. 1771955560469
198. 1771955560821
199. 1771955560969
200. 1771955561322
201. 1771955561470
202. 1771955561822
203. 1771955561971
204. 1771955562323
205. 1771955562472
206. 1771955562824
207. 1771955562973
208. 1771955563325
209. 1771955563474
210. 1771955563826
211. 1771955563975
212. 1771955564328
213. 1771955564476
214. 1771955564829
215. 1771955564977
216. 1771955565329
217. 1771955565478
218. 1771955565830
219. 1771955565979
220. 1771955566331
221. 1771955566480
222. 1771955566832
223. 1771955566981
224. 1771955567332
225. 1771955567483
226. 1771955567833
227. 1771955567984
228. 1771955568335
229. 1771955568485
230. 1771955568836
231. 1771955568986
232. 1771955569337
233. 1771955569487
234. 1771955569838
235. 1771955569988
236. 1771955570339
237. 1771955570489
238. 1771955570841
239. 1771955570990
240. 1771955571341
241. 1771955571491
242. 1771955571842
243. 1771955571992
244. 1771955572343
245. 1771955572493
246. 1771955572844
247. 1771955572994
248. 1771955573345
249. 1771955573495
250. 1771955573846
251. 1771955573996
252. 1771955574347
253. 1771955574497
254. 1771955574848
255. 1771955574998
256. 1771955575350
257. 1771955575499
258. 1771955575850
259. 1771955576000
260. 1771955576351
261. 1771955576502
262. 1771955576852
263. 1771955577002
264. 1771955577353
265. 1771955577503
266. 1771955577854
267. 1771955578004
268. 1771955578356
269. 1771955578505
270. 1771955578856
271. 1771955579006
272. 1771955579358
273. 1771955579507
274. 1771955579859
275. 1771955580009
276. 1771955580360
277. 1771955580509
278. 1771955580861
279. 1771955581010
280. 1771955581361
281. 1771955581511
282. 1771955581862
283. 1771955582012
284. 1771955582363
285. 1771955582514
286. 1771955582864
287. 1771955583015
288. 1771955583365
289. 1771955583516
290. 1771955583866
291. 1771955584017
292. 1771955584367
293. 1771955584518
294. 1771955584868
295. 1771955585019
296. 1771955585370
297. 1771955585520
298. 1771955585870
299. 1771955586021
300. 1771955586371
301. 1771955586521
302. 1771955586872
303. 1771955587022
304. 1771955587373
305. 1771955587523
306. 1771955587874
307. 1771955588024
308. 1771955588375
309. 1771955588526
310. 1771955588876
311. 1771955589026
312. 1771955589377
313. 1771955589527
314. 1771955589878
315. 1771955590028
316. 1771955590379
317. 1771955590530
318. 1771955590880
319. 1771955591031
320. 1771955591381
321. 1771955591532
322. 1771955591883
323. 1771955592033
324. 1771955592383
325. 1771955592533
326. 1771955592884
327. 1771955593034
328. 1771955593386
329. 1771955593536
330. 1771955593886
331. 1771955594036
332. 1771955594387
333. 1771955594537
334. 1771955594888
335. 1771955595038
336. 1771955595390
337. 1771955595539
338. 1771955595891
339. 1771955596040
340. 1771955596392
341. 1771955596542
342. 1771955596893
343. 1771955597042
344. 1771955597394
345. 1771955597543
346. 1771955597895
347. 1771955598044
348. 1771955598396
349. 1771955598545
350. 1771955598897
351. 1771955599046
352. 1771955599398
353. 1771955599547
354. 1771955599899
355. 1771955600048
356. 1771955600400
357. 1771955600549
358. 1771955600900
359. 1771955601050
360. 1771955601401
361. 1771955601551
362. 1771955601902
363. 1771955602052
364. 1771955602403
365. 1771955602553
366. 1771955602904
367. 1771955603054
368. 1771955603405
369. 1771955603555
370. 1771955603906
371. 1771955604057
372. 1771955604407
373. 1771955604557
374. 1771955604908
375. 1771955605057
376. 1771955605409
377. 1771955605558
378. 1771955605910
379. 1771955606059
380. 1771955606411
381. 1771955606561
382. 1771955606912
383. 1771955607062
384. 1771955607413
385. 1771955607563
386. 1771955607915
387. 1771955608064
388. 1771955608415
389. 1771955608565
390. 1771955608915
391. 1771955609066
392. 1771955609416
393. 1771955609567
394. 1771955609918
395. 1771955610068
396. 1771955610419
397. 1771955610570
398. 1771955610921
399. 1771955611070
400. 1771955611421
401. 1771955611571
402. 1771955611923
403. 1771955612072
404. 1771955612423
405. 1771955612573
406. 1771955612924
407. 1771955613074
408. 1771955613425
409. 1771955613575
410. 1771955613925
411. 1771955614076
412. 1771955614427
413. 1771955614577
414. 1771955614928
415. 1771955615078
416. 1771955615429
417. 1771955615579
418. 1771955615930
419. 1771955616081
420. 1771955616431
421. 1771955616582
422. 1771955616932
423. 1771955617082
424. 1771955617433
425. 1771955617583
426. 1771955617935
427. 1771955618084
428. 1771955618435
429. 1771955618586
430. 1771955618936
431. 1771955619086
432. 1771955619437
433. 1771955619587
434. 1771955619939
435. 1771955620088
436. 1771955620440
437. 1771955620590
438. 1771955620941
439. 1771955621090
440. 1771955621441
441. 1771955621591
442. 1771955621942
443. 1771955622092
444. 1771955622443
445. 1771955622593
446. 1771955622944
447. 1771955623094
448. 1771955623445
449. 1771955623594
450. 1771955623946
451. 1771955624096
452. 1771955624447
453. 1771955624596
454. 1771955624949
455. 1771955625097
456. 1771955625450
457. 1771955625598
458. 1771955625952
459. 1771955626099
460. 1771955626453
461. 1771955626600
462. 1771955626954
463. 1771955627101
464. 1771955627456
465. 1771955627602
466. 1771955627957
467. 1771955628103
468. 1771955628458
469. 1771955628605
470. 1771955628960
471. 1771955629105
472. 1771955629461
473. 1771955629606
474. 1771955629962
475. 1771955630107

# 10 27 29 63 65 99 101 135 137 171 173 207 209 243 245 279 281 315 317 351 353 387 389 423 425 459 461 495 497 531 533 567 569 603 605 639 641 675 677 711 713 747 749 783 785 819 821 855 857 891 893 927 929 963 965 999 1001 1035 1037 1071 1073 1107 1109 1143 1145 1179 1181 1215 1217 1251 1253 1287 1289 1323 1325 1359 1361 1395 1397 1431 1433 1467 1469 1503 1505 1539 1541 1575 1577 1611 1613 1647 1649 1683 1685 1719 1721 1755 1757 1791 1793 1827 1829 1863 1865 1899 1901 1935 1937 1971 1973 2007 2009 2043 2045 2079 2081 2115 2117 2151 2153 2187 2189 2223 2225 2259 2261 2295 2297 2331 2333 2367 2369 2403 2405 2439 2441 2475 2477 2511 2513 2547 2549 2583 2585 2619 2621 2655 2657 2691 2693 2727 2729 2763 2765 2799 2801 2835 2837 2871 2873 2907 2909 2943 2945 2979 2981 3015 3017 3051 3053 3087 3089 3123 3125 3159 3161 3195 3197 3231 3233 3267 3269 3303 3305 3339 3341 3375 3377 3411 3413 3447 3449 3483 3485 3519 3521 3555 3557 3591 3593 3627 3629 3663 3665 3699 3701 3735 3737 3771 3773 3807 3809 3843 3845 3879 3881 3915 3917 3951 3953 3987 3989 4023 4025 4059 4061 4095 4097 4131 4133 4167 4169 4203 4205 4239 4241 4275 4277 4311 4313 4347 4349 4383 4385 4419 4421 4455 4457 4491 4493 4527 4529 4563 4565 4599 4601 4635 4637 4671 4673 4707 4709 4743 4745 4779 4781 4815 4817 4851 4853 4887 4889 4923 4925 4959 4961 4995 4997 5031 5033 5067 5069 5103 5105 5139 5141 5175 5177 5211 5213 5247 5249 5283 5285 5319 5321 5355 5357 5391 5393 5427 5429 5463 5465 5499 5501 5535 5537 5571 5573 5607 5609 5643 5645 5679 5681 5715 5717 5751 5753 5787 5789 5823 5825 5859 5861 5895 5897 5931 5933 5967 5969 6003 6005 6039 6041 6075 6077 6111 6113 6147 6149 6183 6185 6219 6221 6255 6257 6291 6293 6327 6329 6363 6365 6399 6401 6435 6437 6471 6473 6507 6509 6543 6545 6579 6581 6615 6617 6651 6653 6687 6689 6723 6725 6759 6761 6795 6797 6831 6833 6867 6869 6903 6905 6939 6941 6975 6977 7011 7013 7047 7049 7083 7085 7119 7121 7155 7157 7191 7193 7227 7229 7263 7265 7299 7301 7335 7337 7371 7373 7407 7409 7443 7445 7479 7481 7515 7517 7551 7553 7587 7589 7623 7625 7659 7661 7695 7697 7731 7733 7767 7769 7803 7805 7839 7841 7875 7877 7911 7913 7947 7949 7983 7985 8019 8021 8055 8057 8091 8093 8127 8129 8163 8165 8199 8201 8235 8237 8271 8273 8307 8309 8343 8345 8379 8381 8415 8417 8451 8453 8487 8489 8523 8525 #
LightZero MGTP Interface Ready
=1 LightZero_DarkChess

=2 1.0.0

=7 

=15 

=14 

[debug] move action_id=0, action=((0, 0), (0, 0)), 
[debug] current_player=1 (R), 
[debug] board[(0, 0)]=9, board[(0, 0)]=9, 
[debug] board state:
[[ 9 15 15 15]
 [15 15 15 15]
 [15 15 15 15]
 [15 15 15 15]
 [15 15 15 15]
 [15 15 15 15]
 [15 15 15 15]
 [15 15 15 15]], 

=11 

=16 

=12 b8 b8

[debug] move action_id=11, action=((0, 1), (0, 1)), 
[debug] current_player=0 (B), 
[debug] board[(0, 1)]=2, board[(0, 1)]=2, 
[debug] board state:
[[ 9  2 15 15]
 [15 15 15 15]
 [15 15 15 15]
 [15 15 15 15]
 [15 15 15 15]
 [15 15 15 15]
 [15 15 15 15]
 [15 15 15 15]], 

=11 

=16 

[debug] move action_id=88, action=((2, 0), (2, 0)), 
[debug] current_player=1 (R), 
[debug] board[(2, 0)]=13, board[(2, 0)]=13, 
[debug] board state:
[[ 9  2 15 15]
 [15 15 15 15]
 [13 15 15 15]
 [15 15 15 15]
 [15 15 15 15]
 [15 15 15 15]
 [15 15 15 15]
 [15 15 15 15]], 

=11 

=16 

=12 b8 a8

[debug] move action_id=19, action=((0, 1), (0, 0)), 
[debug] current_player=0 (B), 
[debug] board[(0, 1)]=14, board[(0, 0)]=2, 
[debug] board state:
[[ 2 14 15 15]
 [15 15 15 15]
 [13 15 15 15]
 [15 15 15 15]
 [15 15 15 15]
 [15 15 15 15]
 [15 15 15 15]
 [15 15 15 15]], 

=10 

=16 

[debug] move action_id=176, action=((4, 0), (4, 0)), 
[debug] current_player=1 (R), 
[debug] board[(4, 0)]=9, board[(4, 0)]=9, 
[debug] board state:
[[ 2 14 15 15]
 [15 15 15 15]
 [13 15 15 15]
 [15 15 15 15]
 [ 9 15 15 15]
 [15 15 15 15]
 [15 15 15 15]
 [15 15 15 15]], 

=11 

=16 

=12 a8 b8

[debug] move action_id=8, action=((0, 0), (0, 1)), 
[debug] current_player=0 (B), 
[debug] board[(0, 0)]=14, board[(0, 1)]=2, 
[debug] board state:
[[14  2 15 15]
 [15 15 15 15]
 [13 15 15 15]
 [15 15 15 15]
 [ 9 15 15 15]
 [15 15 15 15]
 [15 15 15 15]
 [15 15 15 15]], 

=10 

=16 

[debug] move action_id=22, action=((0, 2), (0, 2)), 
[debug] current_player=1 (R), 
[debug] board[(0, 2)]=3, board[(0, 2)]=3, 
[debug] board state:
[[14  2  3 15]
 [15 15 15 15]
 [13 15 15 15]
 [15 15 15 15]
 [ 9 15 15 15]
 [15 15 15 15]
 [15 15 15 15]
 [15 15 15 15]], 

=11 

=16 

=12 b8 a8

[debug] move action_id=19, action=((0, 1), (0, 0)), 
[debug] current_player=0 (B), 
[debug] board[(0, 1)]=14, board[(0, 0)]=2, 
[debug] board state:
[[ 2 14  3 15]
 [15 15 15 15]
 [13 15 15 15]
 [15 15 15 15]
 [ 9 15 15 15]
 [15 15 15 15]
 [15 15 15 15]
 [15 15 15 15]], 

=10 

=16 

[debug] move action_id=242, action=((5, 2), (5, 2)), 
[debug] current_player=1 (R), 
[debug] board[(5, 2)]=1, board[(5, 2)]=1, 
[debug] board state:
[[ 2 14  3 15]
 [15 15 15 15]
 [13 15 15 15]
 [15 15 15 15]
 [ 9 15 15 15]
 [15 15  1 15]
 [15 15 15 15]
 [15 15 15 15]], 

=11 

=16 

=12 a8 b8

[debug] move action_id=8, action=((0, 0), (0, 1)), 
[debug] current_player=0 (B), 
[debug] board[(0, 0)]=14, board[(0, 1)]=2, 
[debug] board state:
[[14  2  3 15]
 [15 15 15 15]
 [13 15 15 15]
 [15 15 15 15]
 [ 9 15 15 15]
 [15 15  1 15]
 [15 15 15 15]
 [15 15 15 15]], 

=10 

=16 

[debug] move action_id=264, action=((6, 0), (6, 0)), 
[debug] current_player=1 (R), 
[debug] board[(6, 0)]=3, board[(6, 0)]=3, 
[debug] board state:
[[14  2  3 15]
 [15 15 15 15]
 [13 15 15 15]
 [15 15 15 15]
 [ 9 15 15 15]
 [15 15  1 15]
 [ 3 15 15 15]
 [15 15 15 15]], 

=11 

=16 

=12 b8 a8

[debug] move action_id=19, action=((0, 1), (0, 0)), 
[debug] current_player=0 (B), 
[debug] board[(0, 1)]=14, board[(0, 0)]=2, 
[debug] board state:
[[ 2 14  3 15]
 [15 15 15 15]
 [13 15 15 15]
 [15 15 15 15]
 [ 9 15 15 15]
 [15 15  1 15]
 [ 3 15 15 15]
 [15 15 15 15]], 

=10 

=16 

[debug] move action_id=330, action=((7, 2), (7, 2)), 
[debug] current_player=1 (R), 
[debug] board[(7, 2)]=0, board[(7, 2)]=0, 
[debug] board state:
[[ 2 14  3 15]
 [15 15 15 15]
 [13 15 15 15]
 [15 15 15 15]
 [ 9 15 15 15]
 [15 15  1 15]
 [ 3 15 15 15]
 [15 15  0 15]], 

=11 

=16 

=12 a8 b8

[debug] move action_id=8, action=((0, 0), (0, 1)), 
[debug] current_player=0 (B), 
[debug] board[(0, 0)]=14, board[(0, 1)]=2, 
[debug] board state:
[[14  2  3 15]
 [15 15 15 15]
 [13 15 15 15]
 [15 15 15 15]
 [ 9 15 15 15]
 [15 15  1 15]
 [ 3 15 15 15]
 [15 15  0 15]], 

=10 

=16 

[debug] move action_id=198, action=((4, 2), (4, 2)), 
[debug] current_player=1 (R), 
[debug] board[(4, 2)]=12, board[(4, 2)]=12, 
[debug] board state:
[[14  2  3 15]
 [15 15 15 15]
 [13 15 15 15]
 [15 15 15 15]
 [ 9 15 12 15]
 [15 15  1 15]
 [ 3 15 15 15]
 [15 15  0 15]], 

=11 

=16 

=12 b8 a8

[debug] move action_id=19, action=((0, 1), (0, 0)), 
[debug] current_player=0 (B), 
[debug] board[(0, 1)]=14, board[(0, 0)]=2, 
[debug] board state:
[[ 2 14  3 15]
 [15 15 15 15]
 [13 15 15 15]
 [15 15 15 15]
 [ 9 15 12 15]
 [15 15  1 15]
 [ 3 15 15 15]
 [15 15  0 15]], 

=10 

=16 

[debug] move action_id=286, action=((6, 2), (6, 2)), 
[debug] current_player=1 (R), 
[debug] board[(6, 2)]=6, board[(6, 2)]=6, 
[debug] board state:
[[ 2 14  3 15]
 [15 15 15 15]
 [13 15 15 15]
 [15 15 15 15]
 [ 9 15 12 15]
 [15 15  1 15]
 [ 3 15  6 15]
 [15 15  0 15]], 

=11 

=16 

=12 a8 b8

[debug] move action_id=8, action=((0, 0), (0, 1)), 
[debug] current_player=0 (B), 
[debug] board[(0, 0)]=14, board[(0, 1)]=2, 
[debug] board state:
[[14  2  3 15]
 [15 15 15 15]
 [13 15 15 15]
 [15 15 15 15]
 [ 9 15 12 15]
 [15 15  1 15]
 [ 3 15  6 15]
 [15 15  0 15]], 

=10 

=16 

[debug] move action_id=220, action=((5, 0), (5, 0)), 
[debug] current_player=1 (R), 
[debug] board[(5, 0)]=10, board[(5, 0)]=10, 
[debug] board state:
[[14  2  3 15]
 [15 15 15 15]
 [13 15 15 15]
 [15 15 15 15]
 [ 9 15 12 15]
 [10 15  1 15]
 [ 3 15  6 15]
 [15 15  0 15]], 

=11 

=16 

=12 b8 a8

[debug] move action_id=19, action=((0, 1), (0, 0)), 
[debug] current_player=0 (B), 
[debug] board[(0, 1)]=14, board[(0, 0)]=2, 
[debug] board state:
[[ 2 14  3 15]
 [15 15 15 15]
 [13 15 15 15]
 [15 15 15 15]
 [ 9 15 12 15]
 [10 15  1 15]
 [ 3 15  6 15]
 [15 15  0 15]], 

=10 

=16 

[debug] move action_id=253, action=((5, 3), (5, 3)), 
[debug] current_player=1 (R), 
[debug] board[(5, 3)]=13, board[(5, 3)]=13, 
[debug] board state:
[[ 2 14  3 15]
 [15 15 15 15]
 [13 15 15 15]
 [15 15 15 15]
 [ 9 15 12 15]
 [10 15  1 13]
 [ 3 15  6 15]
 [15 15  0 15]], 

=11 

=16 

=12 a8 b8

[debug] move action_id=8, action=((0, 0), (0, 1)), 
[debug] current_player=0 (B), 
[debug] board[(0, 0)]=14, board[(0, 1)]=2, 
[debug] board state:
[[14  2  3 15]
 [15 15 15 15]
 [13 15 15 15]
 [15 15 15 15]
 [ 9 15 12 15]
 [10 15  1 13]
 [ 3 15  6 15]
 [15 15  0 15]], 

=10 

=16 

[debug] move action_id=187, action=((4, 1), (4, 1)), 
[debug] current_player=1 (R), 
[debug] board[(4, 1)]=5, board[(4, 1)]=5, 
[debug] board state:
[[14  2  3 15]
 [15 15 15 15]
 [13 15 15 15]
 [15 15 15 15]
 [ 9  5 12 15]
 [10 15  1 13]
 [ 3 15  6 15]
 [15 15  0 15]], 

=11 

=16 

=12 b8 a8

[debug] move action_id=19, action=((0, 1), (0, 0)), 
[debug] current_player=0 (B), 
[debug] board[(0, 1)]=14, board[(0, 0)]=2, 
[debug] board state:
[[ 2 14  3 15]
 [15 15 15 15]
 [13 15 15 15]
 [15 15 15 15]
 [ 9  5 12 15]
 [10 15  1 13]
 [ 3 15  6 15]
 [15 15  0 15]], 

=10 

=16 

[debug] move action_id=297, action=((6, 3), (6, 3)), 
[debug] current_player=1 (R), 
[debug] board[(6, 3)]=4, board[(6, 3)]=4, 
[debug] board state:
[[ 2 14  3 15]
 [15 15 15 15]
 [13 15 15 15]
 [15 15 15 15]
 [ 9  5 12 15]
 [10 15  1 13]
 [ 3 15  6  4]
 [15 15  0 15]], 

=11 

=16 

=12 a8 b8

[debug] move action_id=8, action=((0, 0), (0, 1)), 
[debug] current_player=0 (B), 
[debug] board[(0, 0)]=14, board[(0, 1)]=2, 
[debug] board state:
[[14  2  3 15]
 [15 15 15 15]
 [13 15 15 15]
 [15 15 15 15]
 [ 9  5 12 15]
 [10 15  1 13]
 [ 3 15  6  4]
 [15 15  0 15]], 

=10 

=16 

[debug] move action_id=44, action=((1, 0), (1, 0)), 
[debug] current_player=1 (R), 
[debug] board[(1, 0)]=12, board[(1, 0)]=12, 
[debug] board state:
[[14  2  3 15]
 [12 15 15 15]
 [13 15 15 15]
 [15 15 15 15]
 [ 9  5 12 15]
 [10 15  1 13]
 [ 3 15  6  4]
 [15 15  0 15]], 

=11 

=16 

=12 b8 a8

[debug] move action_id=19, action=((0, 1), (0, 0)), 
[debug] current_player=0 (B), 
[debug] board[(0, 1)]=14, board[(0, 0)]=2, 
[debug] board state:
[[ 2 14  3 15]
 [12 15 15 15]
 [13 15 15 15]
 [15 15 15 15]
 [ 9  5 12 15]
 [10 15  1 13]
 [ 3 15  6  4]
 [15 15  0 15]], 

=10 

=16 

[debug] move action_id=132, action=((3, 0), (3, 0)), 
[debug] current_player=1 (R), 
[debug] board[(3, 0)]=6, board[(3, 0)]=6, 
[debug] board state:
[[ 2 14  3 15]
 [12 15 15 15]
 [13 15 15 15]
 [ 6 15 15 15]
 [ 9  5 12 15]
 [10 15  1 13]
 [ 3 15  6  4]
 [15 15  0 15]], 

=11 

=16 

=12 a8 b8

[debug] move action_id=8, action=((0, 0), (0, 1)), 
[debug] current_player=0 (B), 
[debug] board[(0, 0)]=14, board[(0, 1)]=2, 
[debug] board state:
[[14  2  3 15]
 [12 15 15 15]
 [13 15 15 15]
 [ 6 15 15 15]
 [ 9  5 12 15]
 [10 15  1 13]
 [ 3 15  6  4]
 [15 15  0 15]], 

=10 

=16 

[debug] move action_id=341, action=((7, 3), (7, 3)), 
[debug] current_player=1 (R), 
[debug] board[(7, 3)]=10, board[(7, 3)]=10, 
[debug] board state:
[[14  2  3 15]
 [12 15 15 15]
 [13 15 15 15]
 [ 6 15 15 15]
 [ 9  5 12 15]
 [10 15  1 13]
 [ 3 15  6  4]
 [15 15  0 10]], 

=11 

=16 

=12 b8 a8

[debug] move action_id=19, action=((0, 1), (0, 0)), 
[debug] current_player=0 (B), 
[debug] board[(0, 1)]=14, board[(0, 0)]=2, 
[debug] board state:
[[ 2 14  3 15]
 [12 15 15 15]
 [13 15 15 15]
 [ 6 15 15 15]
 [ 9  5 12 15]
 [10 15  1 13]
 [ 3 15  6  4]
 [15 15  0 10]], 

=10 

=16 

[debug] move action_id=77, action=((1, 3), (1, 3)), 
[debug] current_player=1 (R), 
[debug] board[(1, 3)]=7, board[(1, 3)]=7, 
[debug] board state:
[[ 2 14  3 15]
 [12 15 15  7]
 [13 15 15 15]
 [ 6 15 15 15]
 [ 9  5 12 15]
 [10 15  1 13]
 [ 3 15  6  4]
 [15 15  0 10]], 

=11 

=16 

=12 a8 b8

[debug] move action_id=8, action=((0, 0), (0, 1)), 
[debug] current_player=0 (B), 
[debug] board[(0, 0)]=14, board[(0, 1)]=2, 
[debug] board state:
[[14  2  3 15]
 [12 15 15  7]
 [13 15 15 15]
 [ 6 15 15 15]
 [ 9  5 12 15]
 [10 15  1 13]
 [ 3 15  6  4]
 [15 15  0 10]], 

=10 

=16 

[debug] move action_id=143, action=((3, 1), (3, 1)), 
[debug] current_player=1 (R), 
[debug] board[(3, 1)]=4, board[(3, 1)]=4, 
[debug] board state:
[[14  2  3 15]
 [12 15 15  7]
 [13 15 15 15]
 [ 6  4 15 15]
 [ 9  5 12 15]
 [10 15  1 13]
 [ 3 15  6  4]
 [15 15  0 10]], 

=11 

=16 

=12 b8 a8

[debug] move action_id=19, action=((0, 1), (0, 0)), 
[debug] current_player=0 (B), 
[debug] board[(0, 1)]=14, board[(0, 0)]=2, 
[debug] board state:
[[ 2 14  3 15]
 [12 15 15  7]
 [13 15 15 15]
 [ 6  4 15 15]
 [ 9  5 12 15]
 [10 15  1 13]
 [ 3 15  6  4]
 [15 15  0 10]], 

=10 

=16 

[debug] move action_id=154, action=((3, 2), (3, 2)), 
[debug] current_player=1 (R), 
[debug] board[(3, 2)]=11, board[(3, 2)]=11, 
[debug] board state:
[[ 2 14  3 15]
 [12 15 15  7]
 [13 15 15 15]
 [ 6  4 11 15]
 [ 9  5 12 15]
 [10 15  1 13]
 [ 3 15  6  4]
 [15 15  0 10]], 

=11 

=16 

=12 a8 b8

[debug] move action_id=8, action=((0, 0), (0, 1)), 
[debug] current_player=0 (B), 
[debug] board[(0, 0)]=14, board[(0, 1)]=2, 
[debug] board state:
[[14  2  3 15]
 [12 15 15  7]
 [13 15 15 15]
 [ 6  4 11 15]
 [ 9  5 12 15]
 [10 15  1 13]
 [ 3 15  6  4]
 [15 15  0 10]], 

=10 

=16 

[debug] move action_id=304, action=((7, 3), (6, 3)), 
[debug] current_player=1 (R), 
[debug] board[(7, 3)]=14, board[(6, 3)]=10, 
[debug] board state:
[[14  2  3 15]
 [12 15 15  7]
 [13 15 15 15]
 [ 6  4 11 15]
 [ 9  5 12 15]
 [10 15  1 13]
 [ 3 15  6 10]
 [15 15  0 14]], 

=10 

=16 

=12 b8 a8

[debug] move action_id=19, action=((0, 1), (0, 0)), 
[debug] current_player=0 (B), 
[debug] board[(0, 1)]=14, board[(0, 0)]=2, 
[debug] board state:
[[ 2 14  3 15]
 [12 15 15  7]
 [13 15 15 15]
 [ 6  4 11 15]
 [ 9  5 12 15]
 [10 15  1 13]
 [ 3 15  6 10]
 [15 15  0 14]], 

=10 

=16 

[debug] move action_id=209, action=((4, 3), (4, 3)), 
[debug] current_player=1 (R), 
[debug] board[(4, 3)]=13, board[(4, 3)]=13, 
[debug] board state:
[[ 2 14  3 15]
 [12 15 15  7]
 [13 15 15 15]
 [ 6  4 11 15]
 [ 9  5 12 13]
 [10 15  1 13]
 [ 3 15  6 10]
 [15 15  0 14]], 

=11 

=16 

=12 a8 b8

[debug] move action_id=8, action=((0, 0), (0, 1)), 
[debug] current_player=0 (B), 
[debug] board[(0, 0)]=14, board[(0, 1)]=2, 
[debug] board state:
[[14  2  3 15]
 [12 15 15  7]
 [13 15 15 15]
 [ 6  4 11 15]
 [ 9  5 12 13]
 [10 15  1 13]
 [ 3 15  6 10]
 [15 15  0 14]], 

=10 

=16 

[debug] move action_id=110, action=((2, 2), (2, 2)), 
[debug] current_player=1 (R), 
[debug] board[(2, 2)]=8, board[(2, 2)]=8, 
[debug] board state:
[[14  2  3 15]
 [12 15 15  7]
 [13 15  8 15]
 [ 6  4 11 15]
 [ 9  5 12 13]
 [10 15  1 13]
 [ 3 15  6 10]
 [15 15  0 14]], 

=11 

=16 

=12 b8 a8

[debug] move action_id=19, action=((0, 1), (0, 0)), 
[debug] current_player=0 (B), 
[debug] board[(0, 1)]=14, board[(0, 0)]=2, 
[debug] board state:
[[ 2 14  3 15]
 [12 15 15  7]
 [13 15  8 15]
 [ 6  4 11 15]
 [ 9  5 12 13]
 [10 15  1 13]
 [ 3 15  6 10]
 [15 15  0 14]], 

=10 

=16 

[debug] move action_id=231, action=((5, 1), (5, 1)), 
[debug] current_player=1 (R), 
[debug] board[(5, 1)]=1, board[(5, 1)]=1, 
[debug] board state:
[[ 2 14  3 15]
 [12 15 15  7]
 [13 15  8 15]
 [ 6  4 11 15]
 [ 9  5 12 13]
 [10  1  1 13]
 [ 3 15  6 10]
 [15 15  0 14]], 

=11 

=16 

=12 a8 b8

[debug] move action_id=8, action=((0, 0), (0, 1)), 
[debug] current_player=0 (B), 
[debug] board[(0, 0)]=14, board[(0, 1)]=2, 
[debug] board state:
[[14  2  3 15]
 [12 15 15  7]
 [13 15  8 15]
 [ 6  4 11 15]
 [ 9  5 12 13]
 [10  1  1 13]
 [ 3 15  6 10]
 [15 15  0 14]], 

=10 

=16 

[debug] move action_id=163, action=((3, 2), (3, 1)), 
[debug] current_player=1 (R), 
[debug] board[(3, 2)]=14, board[(3, 1)]=11, 
[debug] board state:
[[14  2  3 15]
 [12 15 15  7]
 [13 15  8 15]
 [ 6 11 14 15]
 [ 9  5 12 13]
 [10  1  1 13]
 [ 3 15  6 10]
 [15 15  0 14]], 

=10 

=16 

=12 b8 a8

[debug] move action_id=19, action=((0, 1), (0, 0)), 
[debug] current_player=0 (B), 
[debug] board[(0, 1)]=14, board[(0, 0)]=2, 
[debug] board state:
[[ 2 14  3 15]
 [12 15 15  7]
 [13 15  8 15]
 [ 6 11 14 15]
 [ 9  5 12 13]
 [10  1  1 13]
 [ 3 15  6 10]
 [15 15  0 14]], 

=10 

=16 

[debug] move action_id=135, action=((2, 0), (3, 0)), 
[debug] current_player=1 (R), 
[debug] board[(2, 0)]=14, board[(3, 0)]=13, 
[debug] board state:
[[ 2 14  3 15]
 [12 15 15  7]
 [14 15  8 15]
 [13 11 14 15]
 [ 9  5 12 13]
 [10  1  1 13]
 [ 3 15  6 10]
 [15 15  0 14]], 

=10 

=16 

=12 a8 b8

[debug] move action_id=8, action=((0, 0), (0, 1)), 
[debug] current_player=0 (B), 
[debug] board[(0, 0)]=14, board[(0, 1)]=2, 
[debug] board state:
[[14  2  3 15]
 [12 15 15  7]
 [14 15  8 15]
 [13 11 14 15]
 [ 9  5 12 13]
 [10  1  1 13]
 [ 3 15  6 10]
 [15 15  0 14]], 

=10 

=16 

[debug] move action_id=90, action=((1, 0), (2, 0)), 
[debug] current_player=1 (R), 
[debug] board[(1, 0)]=14, board[(2, 0)]=12, 
[debug] board state:
[[14  2  3 15]
 [14 15 15  7]
 [12 15  8 15]
 [13 11 14 15]
 [ 9  5 12 13]
 [10  1  1 13]
 [ 3 15  6 10]
 [15 15  0 14]], 

=10 

=16 

=12 b8 a8

[debug] move action_id=19, action=((0, 1), (0, 0)), 
[debug] current_player=0 (B), 
[debug] board[(0, 1)]=14, board[(0, 0)]=2, 
[debug] board state:
[[ 2 14  3 15]
 [14 15 15  7]
 [12 15  8 15]
 [13 11 14 15]
 [ 9  5 12 13]
 [10  1  1 13]
 [ 3 15  6 10]
 [15 15  0 14]], 

=10 

=16 

[debug] move action_id=152, action=((3, 1), (3, 2)), 
[debug] current_player=1 (R), 
[debug] board[(3, 1)]=14, board[(3, 2)]=11, 
[debug] board state:
[[ 2 14  3 15]
 [14 15 15  7]
 [12 15  8 15]
 [13 14 11 15]
 [ 9  5 12 13]
 [10  1  1 13]
 [ 3 15  6 10]
 [15 15  0 14]], 

=10 

=16 

=12 a8 b8

[debug] move action_id=8, action=((0, 0), (0, 1)), 
[debug] current_player=0 (B), 
[debug] board[(0, 0)]=14, board[(0, 1)]=2, 
[debug] board state:
[[14  2  3 15]
 [14 15 15  7]
 [12 15  8 15]
 [13 14 11 15]
 [ 9  5 12 13]
 [10  1  1 13]
 [ 3 15  6 10]
 [15 15  0 14]], 

=10 

=16 

[debug] move action_id=46, action=((2, 0), (1, 0)), 
[debug] current_player=1 (R), 
[debug] board[(2, 0)]=14, board[(1, 0)]=12, 
[debug] board state:
[[14  2  3 15]
 [12 15 15  7]
 [14 15  8 15]
 [13 14 11 15]
 [ 9  5 12 13]
 [10  1  1 13]
 [ 3 15  6 10]
 [15 15  0 14]], 

=10 

=16 

=12 b8 a8

[debug] move action_id=19, action=((0, 1), (0, 0)), 
[debug] current_player=0 (B), 
[debug] board[(0, 1)]=14, board[(0, 0)]=2, 
[debug] board state:
[[ 2 14  3 15]
 [12 15 15  7]
 [14 15  8 15]
 [13 14 11 15]
 [ 9  5 12 13]
 [10  1  1 13]
 [ 3 15  6 10]
 [15 15  0 14]], 

=10 

=16 

[debug] move action_id=270, action=((5, 0), (6, 0)), 
[debug] current_player=1 (R), 
[debug] board[(5, 0)]=14, board[(6, 0)]=10, 
[debug] board state:
[[ 2 14  3 15]
 [12 15 15  7]
 [14 15  8 15]
 [13 14 11 15]
 [ 9  5 12 13]
 [14  1  1 13]
 [10 15  6 10]
 [15 15  0 14]], 

=10 

=16 

=12 a8 b8

[debug] move action_id=8, action=((0, 0), (0, 1)), 
[debug] current_player=0 (B), 
[debug] board[(0, 0)]=14, board[(0, 1)]=2, 
[debug] board state:
[[14  2  3 15]
 [12 15 15  7]
 [14 15  8 15]
 [13 14 11 15]
 [ 9  5 12 13]
 [14  1  1 13]
 [10 15  6 10]
 [15 15  0 14]], 

=10 

=16 

[debug] move action_id=307, action=((6, 3), (6, 2)), 
[debug] current_player=1 (R), 
[debug] board[(6, 3)]=14, board[(6, 2)]=10, 
[debug] board state:
[[14  2  3 15]
 [12 15 15  7]
 [14 15  8 15]
 [13 14 11 15]
 [ 9  5 12 13]
 [14  1  1 13]
 [10 15 10 14]
 [15 15  0 14]], 

=10 

=16 

=12 b8 a8

[debug] move action_id=19, action=((0, 1), (0, 0)), 
[debug] current_player=0 (B), 
[debug] board[(0, 1)]=14, board[(0, 0)]=2, 
[debug] board state:
[[ 2 14  3 15]
 [12 15 15  7]
 [14 15  8 15]
 [13 14 11 15]
 [ 9  5 12 13]
 [14  1  1 13]
 [10 15 10 14]
 [15 15  0 14]], 

=10 

=16 

[debug] move action_id=140, action=((3, 0), (3, 1)), 
[debug] current_player=1 (R), 
[debug] board[(3, 0)]=14, board[(3, 1)]=13, 
[debug] board state:
[[ 2 14  3 15]
 [12 15 15  7]
 [14 15  8 15]
 [14 13 11 15]
 [ 9  5 12 13]
 [14  1  1 13]
 [10 15 10 14]
 [15 15  0 14]], 

=10 

=16 

=12 a8 b8

[debug] move action_id=8, action=((0, 0), (0, 1)), 
[debug] current_player=0 (B), 
[debug] board[(0, 0)]=14, board[(0, 1)]=2, 
[debug] board state:
[[14  2  3 15]
 [12 15 15  7]
 [14 15  8 15]
 [14 13 11 15]
 [ 9  5 12 13]
 [14  1  1 13]
 [10 15 10 14]
 [15 15  0 14]], 

=10 

=16 

[debug] move action_id=308, action=((7, 0), (7, 0)), 
[debug] current_player=1 (R), 
[debug] board[(7, 0)]=6, board[(7, 0)]=6, 
[debug] board state:
[[14  2  3 15]
 [12 15 15  7]
 [14 15  8 15]
 [14 13 11 15]
 [ 9  5 12 13]
 [14  1  1 13]
 [10 15 10 14]
 [ 6 15  0 14]], 

=11 

=16 

=12 b8 a8

[debug] move action_id=19, action=((0, 1), (0, 0)), 
[debug] current_player=0 (B), 
[debug] board[(0, 1)]=14, board[(0, 0)]=2, 
[debug] board state:
[[ 2 14  3 15]
 [12 15 15  7]
 [14 15  8 15]
 [14 13 11 15]
 [ 9  5 12 13]
 [14  1  1 13]
 [10 15 10 14]
 [ 6 15  0 14]], 

=10 

=16 

[debug] move action_id=55, action=((1, 1), (1, 1)), 
[debug] current_player=1 (R), 
[debug] board[(1, 1)]=11, board[(1, 1)]=11, 
[debug] board state:
[[ 2 14  3 15]
 [12 11 15  7]
 [14 15  8 15]
 [14 13 11 15]
 [ 9  5 12 13]
 [14  1  1 13]
 [10 15 10 14]
 [ 6 15  0 14]], 

=11 

=16 

=12 a8 b8

[debug] move action_id=8, action=((0, 0), (0, 1)), 
[debug] current_player=0 (B), 
[debug] board[(0, 0)]=14, board[(0, 1)]=2, 
[debug] board state:
[[14  2  3 15]
 [12 11 15  7]
 [14 15  8 15]
 [14 13 11 15]
 [ 9  5 12 13]
 [14  1  1 13]
 [10 15 10 14]
 [ 6 15  0 14]], 

=10 

=16 

[debug] move action_id=226, action=((6, 0), (5, 0)), 
[debug] current_player=1 (R), 
[debug] board[(6, 0)]=14, board[(5, 0)]=10, 
[debug] board state:
[[14  2  3 15]
 [12 11 15  7]
 [14 15  8 15]
 [14 13 11 15]
 [ 9  5 12 13]
 [10  1  1 13]
 [14 15 10 14]
 [ 6 15  0 14]], 

=10 

=16 

=12 b8 a8

[debug] move action_id=19, action=((0, 1), (0, 0)), 
[debug] current_player=0 (B), 
[debug] board[(0, 1)]=14, board[(0, 0)]=2, 
[debug] board state:
[[ 2 14  3 15]
 [12 11 15  7]
 [14 15  8 15]
 [14 13 11 15]
 [ 9  5 12 13]
 [10  1  1 13]
 [14 15 10 14]
 [ 6 15  0 14]], 

=10 

=16 

[debug] move action_id=33, action=((0, 3), (0, 3)), 
[debug] current_player=1 (R), 
[debug] board[(0, 3)]=6, board[(0, 3)]=6, 
[debug] board state:
[[ 2 14  3  6]
 [12 11 15  7]
 [14 15  8 15]
 [14 13 11 15]
 [ 9  5 12 13]
 [10  1  1 13]
 [14 15 10 14]
 [ 6 15  0 14]], 

=11 

=16 

=12 a8 b8

[debug] move action_id=8, action=((0, 0), (0, 1)), 
[debug] current_player=0 (B), 
[debug] board[(0, 0)]=14, board[(0, 1)]=2, 
[debug] board state:
[[14  2  3  6]
 [12 11 15  7]
 [14 15  8 15]
 [14 13 11 15]
 [ 9  5 12 13]
 [10  1  1 13]
 [14 15 10 14]
 [ 6 15  0 14]], 

=10 

=16 

[debug] move action_id=296, action=((6, 2), (6, 3)), 
[debug] current_player=1 (R), 
[debug] board[(6, 2)]=14, board[(6, 3)]=10, 
[debug] board state:
[[14  2  3  6]
 [12 11 15  7]
 [14 15  8 15]
 [14 13 11 15]
 [ 9  5 12 13]
 [10  1  1 13]
 [14 15 14 10]
 [ 6 15  0 14]], 

=10 

=16 

=12 b8 a8

[debug] move action_id=19, action=((0, 1), (0, 0)), 
[debug] current_player=0 (B), 
[debug] board[(0, 1)]=14, board[(0, 0)]=2, 
[debug] board state:
[[ 2 14  3  6]
 [12 11 15  7]
 [14 15  8 15]
 [14 13 11 15]
 [ 9  5 12 13]
 [10  1  1 13]
 [14 15 14 10]
 [ 6 15  0 14]], 

=10 

=16 

[debug] move action_id=165, action=((3, 3), (3, 3)), 
[debug] current_player=1 (R), 
[debug] board[(3, 3)]=5, board[(3, 3)]=5, 
[debug] board state:
[[ 2 14  3  6]
 [12 11 15  7]
 [14 15  8 15]
 [14 13 11  5]
 [ 9  5 12 13]
 [10  1  1 13]
 [14 15 14 10]
 [ 6 15  0 14]], 

=11 

=16 

=12 a8 b8

[debug] move action_id=8, action=((0, 0), (0, 1)), 
[debug] current_player=0 (B), 
[debug] board[(0, 0)]=14, board[(0, 1)]=2, 
[debug] board state:
[[14  2  3  6]
 [12 11 15  7]
 [14 15  8 15]
 [14 13 11  5]
 [ 9  5 12 13]
 [10  1  1 13]
 [14 15 14 10]
 [ 6 15  0 14]], 

=10 

=16 

[debug] move action_id=136, action=((4, 0), (3, 0)), 
[debug] current_player=1 (R), 
[debug] board[(4, 0)]=14, board[(3, 0)]=9, 
[debug] board state:
[[14  2  3  6]
 [12 11 15  7]
 [14 15  8 15]
 [ 9 13 11  5]
 [14  5 12 13]
 [10  1  1 13]
 [14 15 14 10]
 [ 6 15  0 14]], 

=10 

=16 

=12 b8 a8

[debug] move action_id=19, action=((0, 1), (0, 0)), 
[debug] current_player=0 (B), 
[debug] board[(0, 1)]=14, board[(0, 0)]=2, 
[debug] board state:
[[ 2 14  3  6]
 [12 11 15  7]
 [14 15  8 15]
 [ 9 13 11  5]
 [14  5 12 13]
 [10  1  1 13]
 [14 15 14 10]
 [ 6 15  0 14]], 

=10 

=16 

[debug] move action_id=270, action=((5, 0), (6, 0)), 
[debug] current_player=1 (R), 
[debug] board[(5, 0)]=14, board[(6, 0)]=10, 
[debug] board state:
[[ 2 14  3  6]
 [12 11 15  7]
 [14 15  8 15]
 [ 9 13 11  5]
 [14  5 12 13]
 [14  1  1 13]
 [10 15 14 10]
 [ 6 15  0 14]], 

=10 

=16 

=12 a8 b8

[debug] move action_id=8, action=((0, 0), (0, 1)), 
[debug] current_player=0 (B), 
[debug] board[(0, 0)]=14, board[(0, 1)]=2, 
[debug] board state:
[[14  2  3  6]
 [12 11 15  7]
 [14 15  8 15]
 [ 9 13 11  5]
 [14  5 12 13]
 [14  1  1 13]
 [10 15 14 10]
 [ 6 15  0 14]], 

=10 

=16 

[debug] move action_id=275, action=((6, 1), (6, 1)), 
[debug] current_player=1 (R), 
[debug] board[(6, 1)]=8, board[(6, 1)]=8, 
[debug] board state:
[[14  2  3  6]
 [12 11 15  7]
 [14 15  8 15]
 [ 9 13 11  5]
 [14  5 12 13]
 [14  1  1 13]
 [10  8 14 10]
 [ 6 15  0 14]], 

=11 

=16 

=12 b8 a8

[debug] move action_id=19, action=((0, 1), (0, 0)), 
[debug] current_player=0 (B), 
[debug] board[(0, 1)]=14, board[(0, 0)]=2, 
[debug] board state:
[[ 2 14  3  6]
 [12 11 15  7]
 [14 15  8 15]
 [ 9 13 11  5]
 [14  5 12 13]
 [14  1  1 13]
 [10  8 14 10]
 [ 6 15  0 14]], 

=10 

=16 

[debug] move action_id=319, action=((7, 1), (7, 1)), 
[debug] current_player=1 (R), 
[debug] board[(7, 1)]=13, board[(7, 1)]=13, 
[debug] board state:
[[ 2 14  3  6]
 [12 11 15  7]
 [14 15  8 15]
 [ 9 13 11  5]
 [14  5 12 13]
 [14  1  1 13]
 [10  8 14 10]
 [ 6 13  0 14]], 

=11 

=16 

=12 a8 b8

[debug] move action_id=8, action=((0, 0), (0, 1)), 
[debug] current_player=0 (B), 
[debug] board[(0, 0)]=14, board[(0, 1)]=2, 
[debug] board state:
[[14  2  3  6]
 [12 11 15  7]
 [14 15  8 15]
 [ 9 13 11  5]
 [14  5 12 13]
 [14  1  1 13]
 [10  8 14 10]
 [ 6 13  0 14]], 

=10 

=16 

[debug] move action_id=284, action=((6, 1), (6, 2)), 
[debug] current_player=1 (R), 
[debug] board[(6, 1)]=14, board[(6, 2)]=8, 
[debug] board state:
[[14  2  3  6]
