INITIAL
* 2:17am Feb 25, 2026
* a1_alphazero vs a0_random
* 1 2 2 2 2 2 5 1 2 2 2 2 2 5
* X X X X
* X X X X
* X X X X
* X X X X
* X X X X
* X X X X
* X X X X
* X X X X
* first 1
* time 900
* 1. a8(c) b4(M)
* 2. b8(m) b3(r)
* 3. c8(P) b4-b3
* 4. a8-c8 c7(k)
* 5. b8-a8 c2(P)
* 6. a8-b8 a2(r)
* 7. b8-a8 b7(p)
* 8. a8-b8 c3(R)
* 9. b8-a8 c1(p)
* 10. a8-b8 a3(M)
* 11. b8-a8 d3(c)
* 12. a8-b8 d1(g)
* 13. b8-a8 d2(G)
* 14. a8-b8 d2-d1
* 15. b8-a8 c2-d2
* 16. a8-b8 d2-c2
* 17. b8-a8 c2-c1
* 18. a8-b8 b6(N)
* 19. b8-a8 b3-b4
* 20. a8-b8 b6-b7
* 21. b8-a8 b1(G)
* 22. a8-b8 b4-b3
* 23. b8-a8 a4(C)
* 24. a8-b8 a4-b4
* 25. b8-a8 a3-a4
* 26. a8-b8 b2(P)
* 27. b8-a8 a1(n)
* 28. a8-b8 c5(P)
* 29. b8-a8 a5(K)
* 30. a8-b8 a6(p)
* 31. b8-a8 b7-b8
* 32. a8-b8 a4-a3
* 33. b8-a8 d7(m)
* 34. a8-b8 b4-b8
* 35. d8(R) b8-b7
* 36. c8-b8 b5(C)
* 37. b8-a8 b5-b6
* 38. a8-b8 b6-b8
* 39. c7-c8 c6(P)
* 40. c8-b8 c1-c2
* 41. b8-a8 d5(p)
* 42. a8-b8 c6-c7
* 43. b8-a8 d1-d2
* 44. a8-b8 c2-c1
* 45. b8-a8 d2-d1
* 46. a8-b8 a3-a2
* 47. b8-a8 d6(p)
* 48. a8-b8 d1-d2
* 49. b8-a8 c7-c8
* 50. a8-b8 c8-c7
* 51. b8-a8 a5-b5
* 52. a8-b8 d4(N)
* 53. b8-a8 b5-a5
* 54. a8-b8 d8-c8
* 55. b8-a8 b3-b4
* 56. a8-b8 c5-b5
* 57. b8-a8 c3-c2
* 58. a8-b8 b7-b6
* 59. b8-a8 c8-b8
* 60. a8-b8 b6-c6
* 61. b8-a8 b5-c5
* 62. a8-b8 c6-b6
* 63. b8-a8 b6-b7
* 64. a8-b8 c5-b5
* 65. b8-a8 b4-a4
* 66. a8-b8 b1-a1
* 67. b8-a8 b7-b8
* 68. a8-b8 d2-d1
* 69. b8-a8 c4(g)
* 70. a8-b8 d4-d3
* 71. b8-a8 a7(n)
* 72. a8-b8 c7-c8
* 73. a7-a8 c2-c3
* 74. d7-d8 b2-b1
* 75. d8-c8 c3-c2
* 76. c8-d8 d3-c3
* 77. b8-c8 c2-d2
* 78. a8-b8 a2-a3
* 79. b8-a8 c3-b3
* 80. a8-b8 a3-a2
* 81. b8-a8 b3-c3
* 82. a8-b8 c3-d3
* 83. b8-a8 a2-a3
* 84. a8-b8 a3-a2
* 85. b8-a8 c1-c2
* 86. a8-b8 c2-b2
* 87. b8-a8 b5-c5
* 88. a8-b8 c5-d5
* 89. b8-a8 d2-c2
* 90. a8-b8 d5-c5
* 91. b8-a8 c2-d2
* 92. a8-b8 b1-c1
* 93. b8-a8 c5-d5
* 94. a8-b8 c1-b1
* 95. b8-a8 d1-c1
* 96. a8-b8 c1-d1
* 97. b8-a8 b1-c1
* 98. a8-b8 d2-c2
* 99. b8-a8 d5-c5
* 100. a8-b8 d3-c3
* 101. b8-a8 a1-b1
* 102. a8-b8 a2-a3
* 103. b8-a8 c5-b5
* 104. a8-b8 a4-b4
* 105. b8-a8 a3-a2
* 106. a8-b8 c2-d2
* 107. b8-a8 a2-a1
* 108. a8-b8 b2-a2
* 109. b8-a8 b1-b2
* 110. a8-b8 c1-b1
* 111. b8-a8 b5-b6
* 112. a8-b8 a5-a4
* 113. b8-a8 b4-b3
* 114. a8-b8 b3-b4
* 115. b8-a8 b6-a6
* 116. a8-b8 a2-a3
* 117. b8-a8 c3-b3
* 118. a8-b8 d2-d3
* 119. b8-a8 d1-d2
* 120. a8-b8 d3-d4
* 121. b8-a8 b2-c2
* 122. a8-b8 d2-d1
* 123. b8-a8 a4-a5
* 124. a8-b8 a5-a4
* 125. b8-a8 a4-a5
* 126. a8-b8 b4-a4
* 127. b8-a8 b3-b2
* 128. a8-b8 d1-d2
* 129. b8-a8 a6-a7
* 130. a8-b8 c2-c1
* 131. b8-a8 a4-b4
* 132. a8-b8 c1-d1
* 133. b8-a8 a5-b5
* 134. a8-b8 b4-b3
* 135. b8-a8 b5-b6
* 136. a8-b8 a7-a6
* 137. b8-a8 a6-a5
* 138. a8-b8 a5-a6
* 139. b8-a8 b1-c1
* 140. a8-b8 a6-a7
* 141. b8-a8 b2-c2
* 142. a8-b8 b6-b7
* 143. b8-a8 b3-b4
* 144. a8-b8 b4-a4
* 145. b8-a8 d4-d3
* 146. a8-b8 a3-a2
* 147. b8-a8 a1-b1
* 148. a8-b8 a7-a8
* 149. b8-a8 c2-b2
* 150. a8-b8 b7-b6
* 151. b8-a8 a4-a3
* 152. a8-b8 b6-b5
* 153. b8-a8 b2-b3
* 154. a8-b8 b1-a1
* 155. b8-a8 b5-c5
* 156. a8-b8 c5-d5
* 157. b8-a8 b3-b4
* 158. a8-b8 b4-b5
* 159. b8-a8 a2-b2
* 160. a8-b8 d2-c2
* 161. b8-a8 b5-b4
* 162. a8-b8 b4-a4
* 163. b8-a8 b2-b1
* 164. a8-b8 c2-d2
* 165. b8-a8 a3-b3
* 166. a8-b8 b3-a3
* 167. b8-a8 a3-b3
* 168. a8-b8 d2-c2
* 169. b8-a8 b3-b2
* 170. a8-b8 a4-b4
* 171. b8-a8 b4-b5
* 172. a8-b8 b5-b6
* 173. b8-a8 b2-b3
* 174. a8-b8 b3-c3
* 175. b8-a8 c2-d2
* 176. a8-b8 d5-d4
* 177. b8-a8 d4-d5
* 178. a8-b8 b6-b5
* 179. b8-a8 b5-c5
* 180. a8-b8 c5-c6
* 181. b8-a8 d5-d4
* 182. a8-b8 d4-d5
* 183. b8-a8 a1-a2
* 184. a8-b8 d2-c2
* 185. b8-a8 c6-d6
* 186. a8-b8 a2-a1
* 187. b8-a8 d3-d4
* 188. a8-b8 d5-c5
* 189. b8-a8 d1-d2
* 190. a8-b8 d4-d3
* 191. b8-a8 c5-d5
* 192. a8-b8 d5-d4
* 193. b8-a8 d6-c6
* 194. a8-b8 b1-b2
* 195. b8-a8 c6-b6
* 196. a8-b8 b6-b5
* 197. b8-a8 b2-b3
* 198. a8-b8 b5-b6
* 199. b8-a8 b3-b4
* 200. a8-b8 c1-b1
* 201. b8-a8 b6-c6
* 202. a8-b8 b4-b5
* 203. b8-a8 c2-c1
* 204. a8-b8 c1-d1
* 205. b8-a8 b1-b2
* 206. a8-b8 d4-c4
* 207. b8-a8 b2-c2
* 208. a8-b8 d1-c1
* 209. b8-a8 a1-b1
* 210. a8-b8 b5-c5
* 211. b8-a8 b1-a1
* 212. a8-b8 c1-d1
* 213. b8-a8 d3-d4
* 214. a8-b8 d2-d3
* 215. b8-a8 d1-d2
* 216. a8-b8 a1-b1
* 217. b8-a8 b1-a1
* 218. a8-b8 c4-b4
* 219. b8-a8 c2-c1
* 220. a8-b8 c1-c2
* 221. b8-a8 d4-c4
* 222. a8-b8 c6-b6
* 223. b8-a8 c2-c1
* 224. a8-b8 b6-b5
* 225. b8-a8 b4-a4
* 226. a8-b8 c1-d1
* 227. b8-a8 a4-a3
* 228. a8-b8 c3-c2
* 229. b8-a8 a3-b3
* 230. a8-b8 b5-a5
* 231. b8-a8 d1-c1
* 232. a8-b8 b3-b2
* 233. b8-a8 a5-a6
* 234. a8-b8 a6-a5
* 235. b8-a8 d2-d1
* 236. a8-b8 c5-c6
* 237. b8-a8 c4-b4
* 238. a8-b8 b2-a2
* 239. b8-a8 c2-c3
* 240. a8-b8 d3-d2
* 241. b8-a8 c3-d3
* 242. a8-b8 a5-a6
* 243. b8-a8 c6-d6
* 244. a8-b8 a6-a7
* 245. b8-a8 a7-b7
* 246. a8-b8 d6-d5
* 247. b8-a8 b7-a7
* 248. a8-b8 a7-b7
* 249. b8-a8 c1-b1
* 250. a8-b8 d3-c3
* 251. b8-a8 b1-c1
* 252. a8-b8 a2-a3
* 253. b8-a8 c1-b1
* 254. a8-b8 d1-c1
* 255. b8-a8 a3-a2
* 256. a8-b8 b4-b3
* 257. b8-a8 d2-c2
* 258. a8-b8 b7-c7
* 259. b8-a8 d5-d4
* 260. a8-b8 d4-c4
* 261. b8-a8 c4-b4
* 262. a8-b8 c2-b2
* 263. b8-a8 c7-d7
* 264. a8-b8 b2-c2
* 265. b8-a8 c3-d3
* 266. a8-b8 b1-b2
* NoEatFlipDraw a1_alphazero Draw 0.500000,0.500000
* Comment 0 0
0. 1771957059595
1. 1771957059595
2. 1771957059779
3. 1771957060187
4. 1771957060330
5. 1771957060739
6. 1771957060881
7. 1771957061290
8. 1771957061481
9. 1771957061892
10. 1771957062082
11. 1771957062493
12. 1771957062683
13. 1771957063045
14. 1771957063234
15. 1771957063596
16. 1771957063785
17. 1771957064148
18. 1771957064337
19. 1771957064699
20. 1771957064888
21. 1771957065252
22. 1771957065439
23. 1771957065802
24. 1771957065990
25. 1771957066354
26. 1771957066541
27. 1771957066906
28. 1771957067092
29. 1771957067457
30. 1771957067643
31. 1771957068009
32. 1771957068195
33. 1771957068560
34. 1771957068745
35. 1771957069112
36. 1771957069297
37. 1771957069663
38. 1771957069848
39. 1771957070214
40. 1771957070399
41. 1771957070816
42. 1771957071000
43. 1771957071367
44. 1771957071552
45. 1771957071968
46. 1771957072153
47. 1771957072519
48. 1771957072704
49. 1771957073070
50. 1771957073255
51. 1771957073621
52. 1771957073806
53. 1771957074172
54. 1771957074358
55. 1771957074723
56. 1771957074908
57. 1771957075274
58. 1771957075460
59. 1771957075825
60. 1771957076011
61. 1771957076376
62. 1771957076562
63. 1771957076927
64. 1771957077113
65. 1771957077478
66. 1771957077664
67. 1771957078029
68. 1771957078215
69. 1771957078580
70. 1771957078766
71. 1771957079131
72. 1771957079317
73. 1771957079682
74. 1771957079869
75. 1771957080233
76. 1771957080420
77. 1771957080784
78. 1771957080971
79. 1771957081336
80. 1771957081522
81. 1771957081887
82. 1771957082073
83. 1771957082438
84. 1771957082624
85. 1771957082989
86. 1771957083175
87. 1771957083541
88. 1771957083726
89. 1771957084092
90. 1771957084278
91. 1771957084644
92. 1771957084830
93. 1771957085196
94. 1771957085380
95. 1771957085747
96. 1771957085931
97. 1771957086298
98. 1771957086482
99. 1771957086849
100. 1771957087033
101. 1771957087401
102. 1771957087584
103. 1771957087952
104. 1771957088135
105. 1771957088503
106. 1771957088687
107. 1771957089054
108. 1771957089238
109. 1771957089605
110. 1771957089789
111. 1771957090156
112. 1771957090340
113. 1771957090708
114. 1771957090891
115. 1771957091259
116. 1771957091442
117. 1771957091810
118. 1771957091994
119. 1771957092361
120. 1771957092545
121. 1771957092912
122. 1771957093096
123. 1771957093463
124. 1771957093647
125. 1771957094014
126. 1771957094198
127. 1771957094565
128. 1771957094749
129. 1771957095117
130. 1771957095301
131. 1771957095669
132. 1771957095852
133. 1771957096219
134. 1771957096402
135. 1771957096770
136. 1771957096953
137. 1771957097322
138. 1771957097504
139. 1771957097872
140. 1771957098056
141. 1771957098423
142. 1771957098607
143. 1771957098974
144. 1771957099160
145. 1771957099527
146. 1771957099711
147. 1771957100077
148. 1771957100261
149. 1771957100628
150. 1771957100812
151. 1771957101179
152. 1771957101363
153. 1771957101730
154. 1771957101915
155. 1771957102281
156. 1771957102466
157. 1771957102833
158. 1771957103016
159. 1771957103383
160. 1771957103567
161. 1771957103935
162. 1771957104119
163. 1771957104486
164. 1771957104670
165. 1771957104987
166. 1771957105172
167. 1771957105540
168. 1771957105723
169. 1771957106091
170. 1771957106274
171. 1771957106643
172. 1771957106826
173. 1771957107194
174. 1771957107377
175. 1771957107745
176. 1771957107928
177. 1771957108296
178. 1771957108480
179. 1771957108847
180. 1771957109031
181. 1771957109398
182. 1771957109583
183. 1771957109950
184. 1771957110134
185. 1771957110501
186. 1771957110685
187. 1771957111052
188. 1771957111237
189. 1771957111603
190. 1771957111789
191. 1771957112155
192. 1771957112339
193. 1771957112706
194. 1771957112890
195. 1771957113257
196. 1771957113442
197. 1771957113808
198. 1771957113992
199. 1771957114359
200. 1771957114543
201. 1771957114911
202. 1771957115094
203. 1771957115463
204. 1771957115645
205. 1771957116013
206. 1771957116196
207. 1771957116564
208. 1771957116747
209. 1771957117116
210. 1771957117297
211. 1771957117667
212. 1771957117848
213. 1771957118217
214. 1771957118399
215. 1771957118768
216. 1771957118950
217. 1771957119319
218. 1771957119501
219. 1771957119870
220. 1771957120052
221. 1771957120422
222. 1771957120604
223. 1771957120973
224. 1771957121155
225. 1771957121524
226. 1771957121706
227. 1771957122075
228. 1771957122257
229. 1771957122627
230. 1771957122808
231. 1771957123179
232. 1771957123359
233. 1771957123729
234. 1771957123909
235. 1771957124280
236. 1771957124460
237. 1771957124831
238. 1771957125011
239. 1771957125382
240. 1771957125562
241. 1771957125933
242. 1771957126113
243. 1771957126434
244. 1771957126613
245. 1771957126985
246. 1771957127164
247. 1771957127536
248. 1771957127715
249. 1771957128088
250. 1771957128266
251. 1771957128639
252. 1771957128817
253. 1771957129191
254. 1771957129368
255. 1771957129743
256. 1771957129919
257. 1771957130293
258. 1771957130470
259. 1771957130845
260. 1771957131021
261. 1771957131396
262. 1771957131572
263. 1771957131948
264. 1771957132122
265. 1771957132499
266. 1771957132673
267. 1771957133051
268. 1771957133224
269. 1771957133602
270. 1771957133776
271. 1771957134154
272. 1771957134326
273. 1771957134705
274. 1771957134877
275. 1771957135257
276. 1771957135428
277. 1771957135808
278. 1771957135979
279. 1771957136360
280. 1771957136530
281. 1771957136911
282. 1771957137081
283. 1771957137463
284. 1771957137632
285. 1771957138014
286. 1771957138183
287. 1771957138566
288. 1771957138734
289. 1771957139117
290. 1771957139285
291. 1771957139670
292. 1771957139837
293. 1771957140221
294. 1771957140387
295. 1771957140772
296. 1771957140938
297. 1771957141323
298. 1771957141489
299. 1771957141874
300. 1771957142040
301. 1771957142425
302. 1771957142591
303. 1771957142976
304. 1771957143142
305. 1771957143527
306. 1771957143693
307. 1771957144078
308. 1771957144244
309. 1771957144629
310. 1771957144795
311. 1771957145180
312. 1771957145346
313. 1771957145731
314. 1771957145897
315. 1771957146282
316. 1771957146448
317. 1771957146833
318. 1771957146999
319. 1771957147385
320. 1771957147551
321. 1771957147935
322. 1771957148102
323. 1771957148488
324. 1771957148654
325. 1771957149039
326. 1771957149205
327. 1771957149590
328. 1771957149755
329. 1771957150140
330. 1771957150306
331. 1771957150692
332. 1771957150857
333. 1771957151243
334. 1771957151408
335. 1771957151794
336. 1771957151959
337. 1771957152345
338. 1771957152510
339. 1771957152896
340. 1771957153062
341. 1771957153448
342. 1771957153613
343. 1771957153999
344. 1771957154164
345. 1771957154550
346. 1771957154715
347. 1771957155101
348. 1771957155266
349. 1771957155652
350. 1771957155817
351. 1771957156202
352. 1771957156368
353. 1771957156753
354. 1771957156919
355. 1771957157304
356. 1771957157471
357. 1771957157855
358. 1771957158022
359. 1771957158406
360. 1771957158573
361. 1771957158957
362. 1771957159124
363. 1771957159509
364. 1771957159675
365. 1771957160059
366. 1771957160226
367. 1771957160610
368. 1771957160776
369. 1771957161161
370. 1771957161327
371. 1771957161712
372. 1771957161879
373. 1771957162264
374. 1771957162430
375. 1771957162815
376. 1771957162981
377. 1771957163366
378. 1771957163532
379. 1771957163917
380. 1771957164083
381. 1771957164468
382. 1771957164634
383. 1771957165019
384. 1771957165185
385. 1771957165570
386. 1771957165737
387. 1771957166122
388. 1771957166287
389. 1771957166674
390. 1771957166838
391. 1771957167224
392. 1771957167389
393. 1771957167775
394. 1771957167940
395. 1771957168326
396. 1771957168492
397. 1771957168877
398. 1771957169042
399. 1771957169428
400. 1771957169593
401. 1771957169979
402. 1771957170144
403. 1771957170531
404. 1771957170696
405. 1771957171081
406. 1771957171247
407. 1771957171632
408. 1771957171799
409. 1771957172185
410. 1771957172350
411. 1771957172735
412. 1771957172902
413. 1771957173287
414. 1771957173453
415. 1771957173838
416. 1771957174006
417. 1771957174389
418. 1771957174556
419. 1771957174941
420. 1771957175108
421. 1771957175492
422. 1771957175658
423. 1771957176043
424. 1771957176210
425. 1771957176594
426. 1771957176762
427. 1771957177146
428. 1771957177313
429. 1771957177697
430. 1771957177864
431. 1771957178249
432. 1771957178416
433. 1771957178799
434. 1771957178967
435. 1771957179350
436. 1771957179519
437. 1771957179902
438. 1771957180071
439. 1771957180453
440. 1771957180622
441. 1771957181005
442. 1771957181174
443. 1771957181556
444. 1771957181725
445. 1771957182107
446. 1771957182277
447. 1771957182659
448. 1771957182828
449. 1771957183211
450. 1771957183380
451. 1771957183762
452. 1771957183931
453. 1771957184313
454. 1771957184483
455. 1771957184864
456. 1771957185034
457. 1771957185416
458. 1771957185585
459. 1771957185968
460. 1771957186137
461. 1771957186520
462. 1771957186689
463. 1771957187070
464. 1771957187240
465. 1771957187622
466. 1771957187791
467. 1771957188174
468. 1771957188343
469. 1771957188725
470. 1771957188894
471. 1771957189276
472. 1771957189445
473. 1771957189828
474. 1771957189997
475. 1771957190379
476. 1771957190548
477. 1771957190930
478. 1771957191101
479. 1771957191481
480. 1771957191651
481. 1771957192032
482. 1771957192203
483. 1771957192583
484. 1771957192754
485. 1771957193134
486. 1771957193306
487. 1771957193687
488. 1771957193857
489. 1771957194237
490. 1771957194409
491. 1771957194788
492. 1771957194960
493. 1771957195339
494. 1771957195511
495. 1771957195890
496. 1771957196063
497. 1771957196392
498. 1771957196564
499. 1771957196943
500. 1771957197116
501. 1771957197494
502. 1771957197668
503. 1771957198046
504. 1771957198218
505. 1771957198597
506. 1771957198770
507. 1771957199148
508. 1771957199321
509. 1771957199699
510. 1771957199872
511. 1771957200250
512. 1771957200423
513. 1771957200801
514. 1771957200975
515. 1771957201352
516. 1771957201526
517. 1771957201903
518. 1771957202077
519. 1771957202454
520. 1771957202628
521. 1771957203007
522. 1771957203180
523. 1771957203557
524. 1771957203731
525. 1771957204108
526. 1771957204283
527. 1771957204659
528. 1771957204834
529. 1771957205212
530. 1771957205385
531. 1771957205763
532. 1771957205937

# 10 12 46 48 82 84 118 120 154 156 190 192 226 228 262 264 298 300 334 336 370 372 406 408 442 444 478 480 514 516 550 552 586 588 622 624 658 660 694 696 730 732 766 768 802 804 838 840 874 876 910 912 946 948 982 984 1018 1020 1054 1056 1090 1092 1126 1128 1162 1164 1198 1200 1234 1236 1270 1272 1306 1308 1342 1344 1378 1380 1414 1416 1450 1452 1486 1488 1522 1524 1558 1560 1594 1596 1630 1632 1666 1668 1702 1704 1738 1740 1774 1776 1810 1812 1846 1848 1882 1884 1918 1920 1954 1956 1990 1992 2026 2028 2062 2064 2098 2100 2134 2136 2170 2172 2206 2208 2242 2244 2278 2280 2314 2316 2350 2352 2386 2388 2422 2424 2458 2460 2494 2496 2530 2532 2566 2568 2602 2604 2638 2640 2674 2676 2710 2712 2746 2748 2782 2784 2818 2820 2854 2856 2890 2892 2926 2928 2962 2964 2998 3000 3034 3036 3070 3072 3106 3108 3142 3144 3178 3180 3214 3216 3250 3252 3286 3288 3322 3324 3358 3360 3394 3396 3430 3432 3466 3468 3502 3504 3538 3540 3574 3576 3610 3612 3646 3648 3682 3684 3718 3720 3754 3756 3790 3792 3826 3828 3862 3864 3898 3900 3934 3936 3970 3972 4006 4008 4042 4044 4078 4080 4114 4116 4150 4152 4186 4188 4222 4224 4258 4260 4294 4296 4330 4332 4366 4368 4402 4404 4438 4440 4474 4476 4510 4512 4546 4548 4582 4584 4618 4620 4654 4656 4690 4692 4726 4728 4762 4764 4798 4800 4834 4836 4870 4872 4906 4908 4942 4944 4978 4980 5014 5016 5050 5052 5086 5088 5122 5124 5158 5160 5194 5196 5230 5232 5266 5268 5302 5304 5338 5340 5374 5376 5410 5412 5446 5448 5482 5484 5518 5520 5554 5556 5590 5592 5626 5628 5662 5664 5698 5700 5734 5736 5770 5772 5806 5808 5842 5844 5878 5880 5914 5916 5950 5952 5986 5988 6022 6024 6058 6060 6094 6096 6130 6132 6166 6168 6202 6204 6238 6240 6274 6276 6310 6312 6346 6348 6382 6384 6418 6420 6454 6456 6490 6492 6526 6528 6562 6564 6598 6600 6634 6636 6670 6672 6706 6708 6742 6744 6778 6780 6814 6816 6850 6852 6886 6888 6922 6924 6958 6960 6994 6996 7030 7032 7066 7068 7102 7104 7138 7140 7174 7176 7210 7212 7246 7248 7282 7284 7318 7320 7354 7356 7390 7392 7426 7428 7462 7464 7498 7500 7534 7536 7570 7572 7606 7608 7642 7644 7678 7680 7714 7716 7750 7752 7786 7788 7822 7824 7858 7860 7894 7896 7930 7932 7966 7968 8002 8004 8038 8040 8074 8076 8110 8112 8146 8148 8182 8184 8218 8220 8254 8256 8290 8292 8326 8328 8362 8364 8398 8400 8434 8436 8470 8472 8506 8508 8542 8544 8578 8580 8614 8616 8650 8652 8686 8688 8722 8724 8758 8760 8794 8796 8830 8832 8866 8868 8902 8904 8938 8940 8974 8976 9010 9012 9046 9048 9082 9084 9118 9120 9154 9156 9190 9192 9226 9228 9262 9264 9298 9300 9334 9336 9370 9372 9406 9408 9442 9444 9478 9480 9514 9516 9550 9552 #
LightZero MGTP Interface Ready
=1 LightZero_DarkChess

=2 1.0.0

=7 

=15 

=14 

=12 a8 a8

[debug] move action_id=0, action=((0, 0), (0, 0)), 
[debug] current_player=1 (R), 
[debug] board[(0, 0)]=12, board[(0, 0)]=12, 
[debug] board state:
[[12 15 15 15]
 [15 15 15 15]
 [15 15 15 15]
 [15 15 15 15]
 [15 15 15 15]
 [15 15 15 15]
 [15 15 15 15]
 [15 15 15 15]], 

=11 

=16 

[debug] move action_id=187, action=((4, 1), (4, 1)), 
[debug] current_player=0 (B), 
[debug] board[(4, 1)]=2, board[(4, 1)]=2, 
[debug] board state:
[[12 15 15 15]
 [15 15 15 15]
 [15 15 15 15]
 [15 15 15 15]
 [15  2 15 15]
 [15 15 15 15]
 [15 15 15 15]
 [15 15 15 15]], 

=11 

=16 

=12 b8 b8

[debug] move action_id=11, action=((0, 1), (0, 1)), 
[debug] current_player=1 (R), 
[debug] board[(0, 1)]=9, board[(0, 1)]=9, 
[debug] board state:
[[12  9 15 15]
 [15 15 15 15]
 [15 15 15 15]
 [15 15 15 15]
 [15  2 15 15]
 [15 15 15 15]
 [15 15 15 15]
 [15 15 15 15]], 

=11 

=16 

[debug] move action_id=231, action=((5, 1), (5, 1)), 
[debug] current_player=0 (B), 
[debug] board[(5, 1)]=10, board[(5, 1)]=10, 
[debug] board state:
[[12  9 15 15]
 [15 15 15 15]
 [15 15 15 15]
 [15 15 15 15]
 [15  2 15 15]
 [15 10 15 15]
 [15 15 15 15]
 [15 15 15 15]], 

=11 

=16 

=12 c8 c8

[debug] move action_id=22, action=((0, 2), (0, 2)), 
[debug] current_player=1 (R), 
[debug] board[(0, 2)]=6, board[(0, 2)]=6, 
[debug] board state:
[[12  9  6 15]
 [15 15 15 15]
 [15 15 15 15]
 [15 15 15 15]
 [15  2 15 15]
 [15 10 15 15]
 [15 15 15 15]
 [15 15 15 15]], 

=11 

=16 

[debug] move action_id=236, action=((4, 1), (5, 1)), 
[debug] current_player=0 (B), 
[debug] board[(4, 1)]=14, board[(5, 1)]=2, 
[debug] board state:
[[12  9  6 15]
 [15 15 15 15]
 [15 15 15 15]
 [15 15 15 15]
 [15 14 15 15]
 [15  2 15 15]
 [15 15 15 15]
 [15 15 15 15]], 

=10 

=16 

=12 a8 c8

[debug] move action_id=9, action=((0, 0), (0, 2)), 
[debug] current_player=1 (R), 
[debug] board[(0, 0)]=14, board[(0, 2)]=12, 
[debug] board state:
[[14  9 12 15]
 [15 15 15 15]
 [15 15 15 15]
 [15 15 15 15]
 [15 14 15 15]
 [15  2 15 15]
 [15 15 15 15]
 [15 15 15 15]], 

=10 

=16 

[debug] move action_id=66, action=((1, 2), (1, 2)), 
[debug] current_player=0 (B), 
[debug] board[(1, 2)]=7, board[(1, 2)]=7, 
[debug] board state:
[[14  9 12 15]
 [15 15  7 15]
 [15 15 15 15]
 [15 15 15 15]
 [15 14 15 15]
 [15  2 15 15]
 [15 15 15 15]
 [15 15 15 15]], 

=11 

=16 

=12 b8 a8

[debug] move action_id=19, action=((0, 1), (0, 0)), 
[debug] current_player=1 (R), 
[debug] board[(0, 1)]=14, board[(0, 0)]=9, 
[debug] board state:
[[ 9 14 12 15]
 [15 15  7 15]
 [15 15 15 15]
 [15 15 15 15]
 [15 14 15 15]
 [15  2 15 15]
 [15 15 15 15]
 [15 15 15 15]], 

=10 

=16 

[debug] move action_id=286, action=((6, 2), (6, 2)), 
[debug] current_player=0 (B), 
[debug] board[(6, 2)]=6, board[(6, 2)]=6, 
[debug] board state:
[[ 9 14 12 15]
 [15 15  7 15]
 [15 15 15 15]
 [15 15 15 15]
 [15 14 15 15]
 [15  2 15 15]
 [15 15  6 15]
 [15 15 15 15]], 

=11 

=16 

=12 a8 b8

[debug] move action_id=8, action=((0, 0), (0, 1)), 
[debug] current_player=1 (R), 
[debug] board[(0, 0)]=14, board[(0, 1)]=9, 
[debug] board state:
[[14  9 12 15]
 [15 15  7 15]
 [15 15 15 15]
 [15 15 15 15]
 [15 14 15 15]
 [15  2 15 15]
 [15 15  6 15]
 [15 15 15 15]], 

=10 

=16 

[debug] move action_id=264, action=((6, 0), (6, 0)), 
[debug] current_player=0 (B), 
[debug] board[(6, 0)]=10, board[(6, 0)]=10, 
[debug] board state:
[[14  9 12 15]
 [15 15  7 15]
 [15 15 15 15]
 [15 15 15 15]
 [15 14 15 15]
 [15  2 15 15]
 [10 15  6 15]
 [15 15 15 15]], 

=11 

=16 

=12 b8 a8

[debug] move action_id=19, action=((0, 1), (0, 0)), 
[debug] current_player=1 (R), 
[debug] board[(0, 1)]=14, board[(0, 0)]=9, 
[debug] board state:
[[ 9 14 12 15]
 [15 15  7 15]
 [15 15 15 15]
 [15 15 15 15]
 [15 14 15 15]
 [15  2 15 15]
 [10 15  6 15]
 [15 15 15 15]], 

=10 

=16 

[debug] move action_id=55, action=((1, 1), (1, 1)), 
[debug] current_player=0 (B), 
[debug] board[(1, 1)]=13, board[(1, 1)]=13, 
[debug] board state:
[[ 9 14 12 15]
 [15 13  7 15]
 [15 15 15 15]
 [15 15 15 15]
 [15 14 15 15]
 [15  2 15 15]
 [10 15  6 15]
 [15 15 15 15]], 

=11 

=16 

=12 a8 b8

[debug] move action_id=8, action=((0, 0), (0, 1)), 
[debug] current_player=1 (R), 
[debug] board[(0, 0)]=14, board[(0, 1)]=9, 
[debug] board state:
[[14  9 12 15]
 [15 13  7 15]
 [15 15 15 15]
 [15 15 15 15]
 [15 14 15 15]
 [15  2 15 15]
 [10 15  6 15]
 [15 15 15 15]], 

=10 

=16 

[debug] move action_id=242, action=((5, 2), (5, 2)), 
[debug] current_player=0 (B), 
[debug] board[(5, 2)]=3, board[(5, 2)]=3, 
[debug] board state:
[[14  9 12 15]
 [15 13  7 15]
 [15 15 15 15]
 [15 15 15 15]
 [15 14 15 15]
 [15  2  3 15]
 [10 15  6 15]
 [15 15 15 15]], 

=11 

=16 

=12 b8 a8

[debug] move action_id=19, action=((0, 1), (0, 0)), 
[debug] current_player=1 (R), 
[debug] board[(0, 1)]=14, board[(0, 0)]=9, 
[debug] board state:
[[ 9 14 12 15]
 [15 13  7 15]
 [15 15 15 15]
 [15 15 15 15]
 [15 14 15 15]
 [15  2  3 15]
 [10 15  6 15]
 [15 15 15 15]], 

=10 

=16 

[debug] move action_id=330, action=((7, 2), (7, 2)), 
[debug] current_player=0 (B), 
[debug] board[(7, 2)]=13, board[(7, 2)]=13, 
[debug] board state:
[[ 9 14 12 15]
 [15 13  7 15]
 [15 15 15 15]
 [15 15 15 15]
 [15 14 15 15]
 [15  2  3 15]
 [10 15  6 15]
 [15 15 13 15]], 

=11 

=16 

=12 a8 b8

[debug] move action_id=8, action=((0, 0), (0, 1)), 
[debug] current_player=1 (R), 
[debug] board[(0, 0)]=14, board[(0, 1)]=9, 
[debug] board state:
[[14  9 12 15]
 [15 13  7 15]
 [15 15 15 15]
 [15 15 15 15]
 [15 14 15 15]
 [15  2  3 15]
 [10 15  6 15]
 [15 15 13 15]], 

=10 

=16 

[debug] move action_id=220, action=((5, 0), (5, 0)), 
[debug] current_player=0 (B), 
[debug] board[(5, 0)]=2, board[(5, 0)]=2, 
[debug] board state:
[[14  9 12 15]
 [15 13  7 15]
 [15 15 15 15]
 [15 15 15 15]
 [15 14 15 15]
 [ 2  2  3 15]
 [10 15  6 15]
 [15 15 13 15]], 

=11 

=16 

=12 b8 a8

[debug] move action_id=19, action=((0, 1), (0, 0)), 
[debug] current_player=1 (R), 
[debug] board[(0, 1)]=14, board[(0, 0)]=9, 
[debug] board state:
[[ 9 14 12 15]
 [15 13  7 15]
 [15 15 15 15]
 [15 15 15 15]
 [15 14 15 15]
 [ 2  2  3 15]
 [10 15  6 15]
 [15 15 13 15]], 

=10 

=16 

[debug] move action_id=253, action=((5, 3), (5, 3)), 
[debug] current_player=0 (B), 
[debug] board[(5, 3)]=12, board[(5, 3)]=12, 
[debug] board state:
[[ 9 14 12 15]
 [15 13  7 15]
 [15 15 15 15]
 [15 15 15 15]
 [15 14 15 15]
 [ 2  2  3 12]
 [10 15  6 15]
 [15 15 13 15]], 

=11 

=16 

=12 a8 b8

[debug] move action_id=8, action=((0, 0), (0, 1)), 
[debug] current_player=1 (R), 
[debug] board[(0, 0)]=14, board[(0, 1)]=9, 
[debug] board state:
[[14  9 12 15]
 [15 13  7 15]
 [15 15 15 15]
 [15 15 15 15]
 [15 14 15 15]
 [ 2  2  3 12]
 [10 15  6 15]
 [15 15 13 15]], 

=10 

=16 

[debug] move action_id=341, action=((7, 3), (7, 3)), 
[debug] current_player=0 (B), 
[debug] board[(7, 3)]=8, board[(7, 3)]=8, 
[debug] board state:
[[14  9 12 15]
 [15 13  7 15]
 [15 15 15 15]
 [15 15 15 15]
 [15 14 15 15]
 [ 2  2  3 12]
 [10 15  6 15]
 [15 15 13  8]], 

=11 

=16 

=12 b8 a8

[debug] move action_id=19, action=((0, 1), (0, 0)), 
[debug] current_player=1 (R), 
[debug] board[(0, 1)]=14, board[(0, 0)]=9, 
[debug] board state:
[[ 9 14 12 15]
 [15 13  7 15]
 [15 15 15 15]
 [15 15 15 15]
 [15 14 15 15]
 [ 2  2  3 12]
 [10 15  6 15]
 [15 15 13  8]], 

=10 

=16 

[debug] move action_id=297, action=((6, 3), (6, 3)), 
[debug] current_player=0 (B), 
[debug] board[(6, 3)]=1, board[(6, 3)]=1, 
[debug] board state:
[[ 9 14 12 15]
 [15 13  7 15]
 [15 15 15 15]
 [15 15 15 15]
 [15 14 15 15]
 [ 2  2  3 12]
 [10 15  6  1]
 [15 15 13  8]], 

=11 

=16 

=12 a8 b8

[debug] move action_id=8, action=((0, 0), (0, 1)), 
[debug] current_player=1 (R), 
[debug] board[(0, 0)]=14, board[(0, 1)]=9, 
[debug] board state:
[[14  9 12 15]
 [15 13  7 15]
 [15 15 15 15]
 [15 15 15 15]
 [15 14 15 15]
 [ 2  2  3 12]
 [10 15  6  1]
 [15 15 13  8]], 

=10 

=16 

[debug] move action_id=348, action=((6, 3), (7, 3)), 
[debug] current_player=0 (B), 
[debug] board[(6, 3)]=14, board[(7, 3)]=1, 
[debug] board state:
[[14  9 12 15]
 [15 13  7 15]
 [15 15 15 15]
 [15 15 15 15]
 [15 14 15 15]
 [ 2  2  3 12]
 [10 15  6 14]
 [15 15 13  1]], 

=10 

=16 

=12 b8 a8

[debug] move action_id=19, action=((0, 1), (0, 0)), 
[debug] current_player=1 (R), 
[debug] board[(0, 1)]=14, board[(0, 0)]=9, 
[debug] board state:
[[ 9 14 12 15]
 [15 13  7 15]
 [15 15 15 15]
 [15 15 15 15]
 [15 14 15 15]
 [ 2  2  3 12]
 [10 15  6 14]
 [15 15 13  1]], 

=10 

=16 

[debug] move action_id=296, action=((6, 2), (6, 3)), 
[debug] current_player=0 (B), 
[debug] board[(6, 2)]=14, board[(6, 3)]=6, 
[debug] board state:
[[ 9 14 12 15]
 [15 13  7 15]
 [15 15 15 15]
 [15 15 15 15]
 [15 14 15 15]
 [ 2  2  3 12]
 [10 15 14  6]
 [15 15 13  1]], 

=10 

=16 

=12 a8 b8

[debug] move action_id=8, action=((0, 0), (0, 1)), 
[debug] current_player=1 (R), 
[debug] board[(0, 0)]=14, board[(0, 1)]=9, 
[debug] board state:
[[14  9 12 15]
 [15 13  7 15]
 [15 15 15 15]
 [15 15 15 15]
 [15 14 15 15]
 [ 2  2  3 12]
 [10 15 14  6]
 [15 15 13  1]], 

=10 

=16 

[debug] move action_id=307, action=((6, 3), (6, 2)), 
[debug] current_player=0 (B), 
[debug] board[(6, 3)]=14, board[(6, 2)]=6, 
[debug] board state:
[[14  9 12 15]
 [15 13  7 15]
 [15 15 15 15]
 [15 15 15 15]
 [15 14 15 15]
 [ 2  2  3 12]
 [10 15  6 14]
 [15 15 13  1]], 

=10 

=16 

=12 b8 a8

[debug] move action_id=19, action=((0, 1), (0, 0)), 
[debug] current_player=1 (R), 
[debug] board[(0, 1)]=14, board[(0, 0)]=9, 
[debug] board state:
[[ 9 14 12 15]
 [15 13  7 15]
 [15 15 15 15]
 [15 15 15 15]
 [15 14 15 15]
 [ 2  2  3 12]
 [10 15  6 14]
 [15 15 13  1]], 

=10 

=16 

[debug] move action_id=337, action=((6, 2), (7, 2)), 
[debug] current_player=0 (B), 
[debug] board[(6, 2)]=14, board[(7, 2)]=6, 
[debug] board state:
[[ 9 14 12 15]
 [15 13  7 15]
 [15 15 15 15]
 [15 15 15 15]
 [15 14 15 15]
 [ 2  2  3 12]
 [10 15 14 14]
 [15 15  6  1]], 

=10 

=16 

=12 a8 b8

[debug] move action_id=8, action=((0, 0), (0, 1)), 
[debug] current_player=1 (R), 
[debug] board[(0, 0)]=14, board[(0, 1)]=9, 
[debug] board state:
[[14  9 12 15]
 [15 13  7 15]
 [15 15 15 15]
 [15 15 15 15]
 [15 14 15 15]
 [ 2  2  3 12]
 [10 15 14 14]
 [15 15  6  1]], 

=10 

=16 

[debug] move action_id=99, action=((2, 1), (2, 1)), 
[debug] current_player=0 (B), 
[debug] board[(2, 1)]=4, board[(2, 1)]=4, 
[debug] board state:
[[14  9 12 15]
 [15 13  7 15]
 [15  4 15 15]
 [15 15 15 15]
 [15 14 15 15]
 [ 2  2  3 12]
 [10 15 14 14]
 [15 15  6  1]], 

=11 

=16 

=12 b8 a8

[debug] move action_id=19, action=((0, 1), (0, 0)), 
[debug] current_player=1 (R), 
[debug] board[(0, 1)]=14, board[(0, 0)]=9, 
[debug] board state:
[[ 9 14 12 15]
 [15 13  7 15]
 [15  4 15 15]
 [15 15 15 15]
 [15 14 15 15]
 [ 2  2  3 12]
 [10 15 14 14]
 [15 15  6  1]], 

=10 

=16 

[debug] move action_id=192, action=((5, 1), (4, 1)), 
[debug] current_player=0 (B), 
[debug] board[(5, 1)]=14, board[(4, 1)]=2, 
[debug] board state:
[[ 9 14 12 15]
 [15 13  7 15]
 [15  4 15 15]
 [15 15 15 15]
 [15  2 15 15]
 [ 2 14  3 12]
 [10 15 14 14]
 [15 15  6  1]], 

=10 

=16 

=12 a8 b8

[debug] move action_id=8, action=((0, 0), (0, 1)), 
[debug] current_player=1 (R), 
[debug] board[(0, 0)]=14, board[(0, 1)]=9, 
[debug] board state:
[[14  9 12 15]
 [15 13  7 15]
 [15  4 15 15]
 [15 15 15 15]
 [15  2 15 15]
 [ 2 14  3 12]
 [10 15 14 14]
 [15 15  6  1]], 

=10 

=16 

[debug] move action_id=57, action=((2, 1), (1, 1)), 
[debug] current_player=0 (B), 
[debug] board[(2, 1)]=14, board[(1, 1)]=4, 
[debug] board state:
[[14  9 12 15]
 [15  4  7 15]
 [15 14 15 15]
 [15 15 15 15]
 [15  2 15 15]
 [ 2 14  3 12]
 [10 15 14 14]
 [15 15  6  1]], 

=10 

=16 

=12 b8 a8

[debug] move action_id=19, action=((0, 1), (0, 0)), 
[debug] current_player=1 (R), 
[debug] board[(0, 1)]=14, board[(0, 0)]=9, 
[debug] board state:
[[ 9 14 12 15]
 [15  4  7 15]
 [15 14 15 15]
 [15 15 15 15]
 [15  2 15 15]
 [ 2 14  3 12]
 [10 15 14 14]
 [15 15  6  1]], 

=10 

=16 

[debug] move action_id=319, action=((7, 1), (7, 1)), 
[debug] current_player=0 (B), 
[debug] board[(7, 1)]=1, board[(7, 1)]=1, 
[debug] board state:
[[ 9 14 12 15]
 [15  4  7 15]
 [15 14 15 15]
 [15 15 15 15]
 [15  2 15 15]
 [ 2 14  3 12]
 [10 15 14 14]
 [15  1  6  1]], 

=11 

=16 

=12 a8 b8

[debug] move action_id=8, action=((0, 0), (0, 1)), 
[debug] current_player=1 (R), 
[debug] board[(0, 0)]=14, board[(0, 1)]=9, 
[debug] board state:
[[14  9 12 15]
 [15  4  7 15]
 [15 14 15 15]
 [15 15 15 15]
 [15  2 15 15]
 [ 2 14  3 12]
 [10 15 14 14]
 [15  1  6  1]], 

=10 

=16 

[debug] move action_id=236, action=((4, 1), (5, 1)), 
[debug] current_player=0 (B), 
[debug] board[(4, 1)]=14, board[(5, 1)]=2, 
[debug] board state:
[[14  9 12 15]
 [15  4  7 15]
 [15 14 15 15]
 [15 15 15 15]
 [15 14 15 15]
 [ 2  2  3 12]
 [10 15 14 14]
 [15  1  6  1]], 

=10 

=16 

=12 b8 a8

[debug] move action_id=19, action=((0, 1), (0, 0)), 
[debug] current_player=1 (R), 
[debug] board[(0, 1)]=14, board[(0, 0)]=9, 
[debug] board state:
[[ 9 14 12 15]
 [15  4  7 15]
 [15 14 15 15]
 [15 15 15 15]
 [15 14 15 15]
 [ 2  2  3 12]
 [10 15 14 14]
 [15  1  6  1]], 

=10 

=16 

[debug] move action_id=176, action=((4, 0), (4, 0)), 
[debug] current_player=0 (B), 
[debug] board[(4, 0)]=5, board[(4, 0)]=5, 
[debug] board state:
[[ 9 14 12 15]
 [15  4  7 15]
 [15 14 15 15]
 [15 15 15 15]
 [ 5 14 15 15]
 [ 2  2  3 12]
 [10 15 14 14]
 [15  1  6  1]], 

=11 

=16 

=12 a8 b8

[debug] move action_id=8, action=((0, 0), (0, 1)), 
[debug] current_player=1 (R), 
[debug] board[(0, 0)]=14, board[(0, 1)]=9, 
[debug] board state:
[[14  9 12 15]
 [15  4  7 15]
 [15 14 15 15]
 [15 15 15 15]
 [ 5 14 15 15]
 [ 2  2  3 12]
 [10 15 14 14]
 [15  1  6  1]], 

=10 

=16 

[debug] move action_id=184, action=((4, 0), (4, 1)), 
[debug] current_player=0 (B), 
[debug] board[(4, 0)]=14, board[(4, 1)]=5, 
[debug] board state:
[[14  9 12 15]
 [15  4  7 15]
 [15 14 15 15]
 [15 15 15 15]
 [14  5 15 15]
 [ 2  2  3 12]
 [10 15 14 14]
 [15  1  6  1]], 

=10 

=16 

=12 b8 a8

[debug] move action_id=19, action=((0, 1), (0, 0)), 
[debug] current_player=1 (R), 
[debug] board[(0, 1)]=14, board[(0, 0)]=9, 
[debug] board state:
[[ 9 14 12 15]
 [15  4  7 15]
 [15 14 15 15]
 [15 15 15 15]
 [14  5 15 15]
 [ 2  2  3 12]
 [10 15 14 14]
 [15  1  6  1]], 

=10 

=16 

[debug] move action_id=181, action=((5, 0), (4, 0)), 
[debug] current_player=0 (B), 
[debug] board[(5, 0)]=14, board[(4, 0)]=2, 
[debug] board state:
[[ 9 14 12 15]
 [15  4  7 15]
 [15 14 15 15]
 [15 15 15 15]
 [ 2  5 15 15]
 [14  2  3 12]
 [10 15 14 14]
 [15  1  6  1]], 

=10 

=16 

=12 a8 b8

[debug] move action_id=8, action=((0, 0), (0, 1)), 
[debug] current_player=1 (R), 
[debug] board[(0, 0)]=14, board[(0, 1)]=9, 
[debug] board state:
[[14  9 12 15]
 [15  4  7 15]
 [15 14 15 15]
 [15 15 15 15]
 [ 2  5 15 15]
 [14  2  3 12]
 [10 15 14 14]
 [15  1  6  1]], 

=10 

=16 

[debug] move action_id=275, action=((6, 1), (6, 1)), 
[debug] current_player=0 (B), 
[debug] board[(6, 1)]=6, board[(6, 1)]=6, 
[debug] board state:
[[14  9 12 15]
 [15  4  7 15]
 [15 14 15 15]
 [15 15 15 15]
 [ 2  5 15 15]
 [14  2  3 12]
 [10  6 14 14]
 [15  1  6  1]], 

=11 

=16 

=12 b8 a8

[debug] move action_id=19, action=((0, 1), (0, 0)), 
[debug] current_player=1 (R), 
[debug] board[(0, 1)]=14, board[(0, 0)]=9, 
[debug] board state:
[[ 9 14 12 15]
 [15  4  7 15]
 [15 14 15 15]
 [15 15 15 15]
 [ 2  5 15 15]
 [14  2  3 12]
 [10  6 14 14]
 [15  1  6  1]], 

=10 

=16 

[debug] move action_id=308, action=((7, 0), (7, 0)), 
[debug] current_player=0 (B), 
[debug] board[(7, 0)]=11, board[(7, 0)]=11, 
[debug] board state:
[[ 9 14 12 15]
 [15  4  7 15]
 [15 14 15 15]
 [15 15 15 15]
 [ 2  5 15 15]
 [14  2  3 12]
 [10  6 14 14]
 [11  1  6  1]], 

=11 

=16 

=12 a8 b8

[debug] move action_id=8, action=((0, 0), (0, 1)), 
[debug] current_player=1 (R), 
[debug] board[(0, 0)]=14, board[(0, 1)]=9, 
[debug] board state:
[[14  9 12 15]
 [15  4  7 15]
 [15 14 15 15]
 [15 15 15 15]
 [ 2  5 15 15]
 [14  2  3 12]
 [10  6 14 14]
 [11  1  6  1]], 

=10 

=16 

[debug] move action_id=154, action=((3, 2), (3, 2)), 
[debug] current_player=0 (B), 
[debug] board[(3, 2)]=6, board[(3, 2)]=6, 
[debug] board state:
[[14  9 12 15]
 [15  4  7 15]
 [15 14 15 15]
 [15 15  6 15]
 [ 2  5 15 15]
 [14  2  3 12]
 [10  6 14 14]
 [11  1  6  1]], 

=11 

=16 

=12 b8 a8

[debug] move action_id=19, action=((0, 1), (0, 0)), 
[debug] current_player=1 (R), 
[debug] board[(0, 1)]=14, board[(0, 0)]=9, 
[debug] board state:
[[ 9 14 12 15]
 [15  4  7 15]
 [15 14 15 15]
 [15 15  6 15]
 [ 2  5 15 15]
 [14  2  3 12]
 [10  6 14 14]
 [11  1  6  1]], 

=10 

=16 

[debug] move action_id=132, action=((3, 0), (3, 0)), 
[debug] current_player=0 (B), 
[debug] board[(3, 0)]=0, board[(3, 0)]=0, 
[debug] board state:
[[ 9 14 12 15]
 [15  4  7 15]
 [15 14 15 15]
 [ 0 15  6 15]
 [ 2  5 15 15]
 [14  2  3 12]
 [10  6 14 14]
 [11  1  6  1]], 

=11 

=16 

=12 a8 b8

[debug] move action_id=8, action=((0, 0), (0, 1)), 
[debug] current_player=1 (R), 
[debug] board[(0, 0)]=14, board[(0, 1)]=9, 
[debug] board state:
[[14  9 12 15]
 [15  4  7 15]
 [15 14 15 15]
 [ 0 15  6 15]
 [ 2  5 15 15]
 [14  2  3 12]
 [10  6 14 14]
 [11  1  6  1]], 

=10 

=16 

[debug] move action_id=88, action=((2, 0), (2, 0)), 
[debug] current_player=0 (B), 
[debug] board[(2, 0)]=13, board[(2, 0)]=13, 
[debug] board state:
[[14  9 12 15]
 [15  4  7 15]
 [13 14 15 15]
 [ 0 15  6 15]
 [ 2  5 15 15]
 [14  2  3 12]
 [10  6 14 14]
 [11  1  6  1]], 

=11 

=16 

=12 b8 a8

[debug] move action_id=19, action=((0, 1), (0, 0)), 
[debug] current_player=1 (R), 
[debug] board[(0, 1)]=14, board[(0, 0)]=9, 
[debug] board state:
[[ 9 14 12 15]
 [15  4  7 15]
 [13 14 15 15]
 [ 0 15  6 15]
 [ 2  5 15 15]
 [14  2  3 12]
 [10  6 14 14]
 [11  1  6  1]], 

=10 

=16 

[debug] move action_id=12, action=((1, 1), (0, 1)), 
[debug] current_player=0 (B), 
[debug] board[(1, 1)]=14, board[(0, 1)]=4, 
[debug] board state:
[[ 9  4 12 15]
 [15 14  7 15]
 [13 14 15 15]
 [ 0 15  6 15]
 [ 2  5 15 15]
 [14  2  3 12]
 [10  6 14 14]
 [11  1  6  1]], 

=10 

=16 

=12 a8 b8

[debug] move action_id=8, action=((0, 0), (0, 1)), 
[debug] current_player=1 (R), 
[debug] board[(0, 0)]=14, board[(0, 1)]=9, 
[debug] board state:
[[14  9 12 15]
 [15 14  7 15]
 [13 14 15 15]
 [ 0 15  6 15]
 [ 2  5 15 15]
 [14  2  3 12]
 [10  6 14 14]
 [11  1  6  1]], 

=10 

=16 

[debug] move action_id=225, action=((4, 0), (5, 0)), 
[debug] current_player=0 (B), 
[debug] board[(4, 0)]=14, board[(5, 0)]=2, 
[debug] board state:
[[14  9 12 15]
 [15 14  7 15]
 [13 14 15 15]
 [ 0 15  6 15]
 [14  5 15 15]
 [ 2  2  3 12]
 [10  6 14 14]
 [11  1  6  1]], 

=10 

=16 

=12 b8 a8

[debug] move action_id=19, action=((0, 1), (0, 0)), 
[debug] current_player=1 (R), 
[debug] board[(0, 1)]=14, board[(0, 0)]=9, 
[debug] board state:
[[ 9 14 12 15]
 [15 14  7 15]
 [13 14 15 15]
 [ 0 15  6 15]
 [14  5 15 15]
 [ 2  2  3 12]
 [10  6 14 14]
 [11  1  6  1]], 

=10 

=16 

[debug] move action_id=77, action=((1, 3), (1, 3)), 
[debug] current_player=0 (B), 
[debug] board[(1, 3)]=9, board[(1, 3)]=9, 
[debug] board state:
[[ 9 14 12 15]
 [15 14  7  9]
 [13 14 15 15]
 [ 0 15  6 15]
 [14  5 15 15]
 [ 2  2  3 12]
 [10  6 14 14]
 [11  1  6  1]], 

=11 

=16 

=12 a8 b8

[debug] move action_id=8, action=((0, 0), (0, 1)), 
[debug] current_player=1 (R), 
[debug] board[(0, 0)]=14, board[(0, 1)]=9, 
[debug] board state:
[[14  9 12 15]
 [15 14  7  9]
 [13 14 15 15]
 [ 0 15  6 15]
 [14  5 15 15]
 [ 2  2  3 12]
 [10  6 14 14]
 [11  1  6  1]], 

=10 

=16 

[debug] move action_id=15, action=((4, 1), (0, 1)), 
[debug] current_player=0 (B), 
[debug] board[(4, 1)]=14, board[(0, 1)]=5, 
[debug] board state:
[[14  5 12 15]
 [15 14  7  9]
 [13 14 15 15]
 [ 0 15  6 15]
 [14 14 15 15]
 [ 2  2  3 12]
 [10  6 14 14]
 [11  1  6  1]], 

=10 

=16 

=12 d8 d8

[debug] move action_id=33, action=((0, 3), (0, 3)), 
[debug] current_player=1 (R), 
[debug] board[(0, 3)]=3, board[(0, 3)]=3, 
[debug] board state:
[[14  5 12  3]
 [15 14  7  9]
 [13 14 15 15]
 [ 0 15  6 15]
 [14 14 15 15]
 [ 2  2  3 12]
 [10  6 14 14]
 [11  1  6  1]], 

=11 

=16 

[debug] move action_id=56, action=((0, 1), (1, 1)), 
[debug] current_player=0 (B), 
[debug] board[(0, 1)]=14, board[(1, 1)]=5, 
[debug] board state:
[[14 14 12  3]
 [15  5  7  9]
 [13 14 15 15]
 [ 0 15  6 15]
 [14 14 15 15]
 [ 2  2  3 12]
 [10  6 14 14]
 [11  1  6  1]], 

=10 

=16 

=12 c8 b8

[debug] move action_id=31, action=((0, 2), (0, 1)), 
[debug] current_player=1 (R), 
[debug] board[(0, 2)]=14, board[(0, 1)]=12, 
[debug] board state:
[[14 12 14  3]
 [15  5  7  9]
 [13 14 15 15]
 [ 0 15  6 15]
 [14 14 15 15]
 [ 2  2  3 12]
 [10  6 14 14]
 [11  1  6  1]], 

=10 

=16 

[debug] move action_id=143, action=((3, 1), (3, 1)), 
[debug] current_player=0 (B), 
[debug] board[(3, 1)]=5, board[(3, 1)]=5, 
[debug] board state:
[[14 12 14  3]
 [15  5  7  9]
 [13 14 15 15]
 [ 0  5  6 15]
 [14 14 15 15]
 [ 2  2  3 12]
 [10  6 14 14]
 [11  1  6  1]], 

=11 

=16 

=12 b8 a8

[debug] move action_id=19, action=((0, 1), (0, 0)), 
[debug] current_player=1 (R), 
[debug] board[(0, 1)]=14, board[(0, 0)]=12, 
[debug] board state:
[[12 14 14  3]
 [15  5  7  9]
 [13 14 15 15]
 [ 0  5  6 15]
 [14 14 15 15]
 [ 2  2  3 12]
 [10  6 14 14]
 [11  1  6  1]], 

=10 

=16 

[debug] move action_id=102, action=((3, 1), (2, 1)), 
[debug] current_player=0 (B), 
[debug] board[(3, 1)]=14, board[(2, 1)]=5, 
[debug] board state:
[[12 14 14  3]
 [15  5  7  9]
 [13  5 15 15]
 [ 0 14  6 15]
 [14 14 15 15]
 [ 2  2  3 12]
 [10  6 14 14]
 [11  1  6  1]], 

=10 

=16 

=12 a8 b8

[debug] move action_id=8, action=((0, 0), (0, 1)), 
[debug] current_player=1 (R), 
[debug] board[(0, 0)]=14, board[(0, 1)]=12, 
[debug] board state:
[[14 12 14  3]
 [15  5  7  9]
 [13  5 15 15]
 [ 0 14  6 15]
 [14 14 15 15]
 [ 2  2  3 12]
 [10  6 14 14]
 [11  1  6  1]], 

=10 

=16 

[debug] move action_id=13, action=((2, 1), (0, 1)), 
[debug] current_player=0 (B), 
[debug] board[(2, 1)]=14, board[(0, 1)]=5, 
[debug] board state:
[[14  5 14  3]
 [15  5  7  9]
 [13 14 15 15]
 [ 0 14  6 15]
 [14 14 15 15]
 [ 2  2  3 12]
 [10  6 14 14]
 [11  1  6  1]], 

=10 

=16 

=12 c7 c8

