INITIAL
* 2:42am Feb 25, 2026
* a1_alphazero vs a0_random
* 1 2 2 2 2 2 5 1 2 2 2 2 2 5
* X X X X
* X X X X
* X X X X
* X X X X
* X X X X
* X X X X
* X X X X
* X X X X
* first 0
* time 900
* 1. a8(P) b4(N)
* 2. b8(p) c3(C)
* 3. a8-b8 b3(R)
* 4. b8-a8 d7(g)
* 5. a8-b8 a2(P)
* 6. b8-a8 b7(G)
* 7. a8-b8 c1(n)
* 8. b8-a8 a3(k)
* 9. a8-b8 c4(r)
* 10. b8-a8 c5(N)
* 11. a8-b8 a4(M)
* 12. b8-a8 d3(P)
* 13. a8-b8 b1(C)
* 14. b8-a8 d1(c)
* 15. a8-b8 c4-b4
* 16. b8-a8 d1-d3
* 17. a8-b8 c7(m)
* 18. b8-a8 b6(R)
* 19. a8-b8 d3-b3
* 20. b8-a8 c1-b1
* 21. a8-b8 a3-a4
* 22. b8-a8 b4-c4
* 23. a8-b8 a4-a3
* 24. b8-a8 b5(n)
* 25. a8-b8 a7(p)
* 26. b8-a8 b2(G)
* 27. a8-b8 b1-c1
* 28. b8-a8 d8(K)
* 29. a8-b8 a3-a4
* 30. b8-a8 a6(g)
* 31. a8-b8 d6(P)
* 32. b8-a8 d5(p)
* 33. a8-b8 a7-a8
* 34. b8-a8 d7-d6
* 35. a8-b8 c6(r)
* 36. b8-a8 c4-c5
* 37. a8-b8 c5-c4
* 38. b8-a8 b3-b6
* 39. a8-b8 c4-c5
* 40. b8-a8 c5-c4
* 41. a8-b8 b6-b8
* 42. b7-b8 d4(M)
* 43. b8-a8 d2(p)
* 44. a8-b8 d6-d7
* 45. b8-a8 c1-b1
* 46. a8-b8 a4-b4
* 47. b8-a8 b1-c1
* 48. a8-b8 d5-c5
* 49. b8-a8 d2-d3
* 50. a8-b8 c6-b6
* 51. b8-a8 c5-c6
* 52. a8-b8 c4-c5
* 53. b8-a8 c2(P)
* 54. a8-b8 b4-c4
* 55. b8-a8 a1(p)
* 56. a8-b8 c4-b4
* 57. b8-a8 c7-b7
* 58. a8-b8 c1-c2
* 59. b8-a8 a1-b1
* 60. a8-b8 a6-a7
* 61. b8-a8 c5-c4
* 62. a8-b8 c6-c7
* 63. b8-a8 b1-c1
* 64. a8-b8 c8(m)
* 65. b8-a8 c4-c5
* 66. a8-b8 d7-d6
* 67. b8-a8 c2-c3
* 68. a8-b8 c1-d1
* 69. b8-a8 a7-a8
* 70. d8-c8 b6-c6
* 71. c8-b8 c5-c4
* 72. b8-a8 d1-c1
* 73. a8-b8 b4-b3
* 74. b8-a8 c1-d1
* 75. a8-b8 d1-d2
* 76. b8-a8 b7-b6
* 77. a8-b8 b5-b4
* 78. b8-a8 d2-c2
* 79. a8-b8 d3-d2
* 80. b8-a8 b4-a4
* 81. a8-b8 b6-b7
* 82. b8-a8 b3-a3
* 83. a8-b8 c3-b3
* 84. b8-a8 d6-d7
* 85. a8-b8 d7-d6
* 86. b8-a8 b7-a7
* 87. a8-b8 a4-b4
* 88. b8-a8 c6-b6
* 89. a8-b8 a7-a6
* 90. b8-a8 b6-c6
* 91. a8-b8 c6-c5
* 92. b8-a8 c2-c1
* 93. a8-b8 d2-d1
* 94. b8-a8 a3-a4
* 95. a8-b8 c1-b1
* 96. b8-a8 b1-a1
* 97. a8-b8 c7-c6
* 98. b8-a8 a1-a2
* 99. a8-b8 c6-b6
* 100. b8-a8 d6-d5
* 101. a8-b8 b6-c6
* 102. b8-a8 c5-b5
* 103. a8-b8 d1-d2
* 104. b8-a8 d2-d1
* 105. a8-b8 b5-b6
* 106. b8-a8 a2-a1
* 107. a8-b8 d5-c5
* 108. b8-a8 c6-d6
* 109. a8-b8 d6-c6
* 110. b8-a8 c4-c3
* 111. a8-b8 c3-c2
* 112. b8-a8 b4-c4
* 113. a8-b8 d1-d2
* 114. b8-a8 a4-b4
* 115. a8-b8 a1-b1
* 116. b8-a8 c2-c3
* 117. a8-b8 d2-c2
* 118. b8-a8 c2-d2
* 119. a8-b8 c3-c2
* 120. b8-a8 b4-a4
* 121. a8-b8 d2-d3
* 122. b8-a8 c2-c1
* 123. a8-b8 c1-d1
* 124. b8-a8 b1-a1
* 125. a8-b8 a4-a3
* 126. b8-a8 c4-c3
* 127. a8-b8 c3-c2
* 128. b8-a8 c5-b5
* 129. a8-b8 c6-d6
* 130. b8-a8 d6-c6
* 131. a8-b8 d1-d2
* 132. b8-a8 d2-d1
* 133. a8-b8 a6-a7
* 134. b8-a8 a3-a4
* 135. a8-b8 b5-c5
* 136. b8-a8 c2-c1
* 137. a8-b8 b3-c3
* 138. b8-a8 a4-a3
* 139. a8-b8 b6-b5
* 140. b8-a8 c6-c7
* 141. a8-b8 a3-b3
* 142. b8-a8 c7-d7
* 143. a8-b8 a1-b1
* 144. b8-a8 c1-c2
* 145. a8-b8 a7-b7
* 146. b8-a8 b7-b6
* 147. a8-b8 d7-d8
* 148. b8-a8 b3-a3
* 149. a8-b8 c5-c6
* 150. b8-a8 b5-b4
* 151. a8-b8 c3-b3
* 152. b8-a8 d3-d2
* 153. a8-b8 d2-d3
* 154. b8-a8 b6-b5
* 155. a8-b8 b1-c1
* 156. b8-a8 b4-c4
* 157. a8-b8 b5-c5
* 158. b8-a8 c5-d5
* NoEatFlipDraw a1_alphazero Draw 0.500000,0.500000
* Comment 0 0
0. 1771958527843
1. 1771958527843
2. 1771958528026
3. 1771958528435
4. 1771958528577
5. 1771958528986
6. 1771958529129
7. 1771958529537
8. 1771958529681
9. 1771958530039
10. 1771958530181
11. 1771958530540
12. 1771958530683
13. 1771958531041
14. 1771958531183
15. 1771958531542
16. 1771958531684
17. 1771958532044
18. 1771958532185
19. 1771958532545
20. 1771958532687
21. 1771958533045
22. 1771958533187
23. 1771958533547
24. 1771958533689
25. 1771958534047
26. 1771958534190
27. 1771958534548
28. 1771958534690
29. 1771958535051
30. 1771958535242
31. 1771958535601
32. 1771958535743
33. 1771958536102
34. 1771958536244
35. 1771958536604
36. 1771958536795
37. 1771958537155
38. 1771958537346
39. 1771958537707
40. 1771958537897
41. 1771958538258
42. 1771958538448
43. 1771958538810
44. 1771958539000
45. 1771958539361
46. 1771958539550
47. 1771958539913
48. 1771958540101
49. 1771958540464
50. 1771958540652
51. 1771958541015
52. 1771958541203
53. 1771958541567
54. 1771958541754
55. 1771958542118
56. 1771958542306
57. 1771958542670
58. 1771958542857
59. 1771958543221
60. 1771958543408
61. 1771958543772
62. 1771958543959
63. 1771958544324
64. 1771958544510
65. 1771958544875
66. 1771958545061
67. 1771958545426
68. 1771958545613
69. 1771958545977
70. 1771958546163
71. 1771958546528
72. 1771958546714
73. 1771958547079
74. 1771958547265
75. 1771958547632
76. 1771958547817
77. 1771958548183
78. 1771958548368
79. 1771958548734
80. 1771958548919
81. 1771958549285
82. 1771958549470
83. 1771958549836
84. 1771958550021
85. 1771958550388
86. 1771958550572
87. 1771958550939
88. 1771958551123
89. 1771958551490
90. 1771958551674
91. 1771958552041
92. 1771958552226
93. 1771958552592
94. 1771958552777
95. 1771958553143
96. 1771958553328
97. 1771958553695
98. 1771958553879
99. 1771958554246
100. 1771958554430
101. 1771958554797
102. 1771958554982
103. 1771958555348
104. 1771958555532
105. 1771958555900
106. 1771958556084
107. 1771958556451
108. 1771958556635
109. 1771958557003
110. 1771958557186
111. 1771958557553
112. 1771958557736
113. 1771958558104
114. 1771958558288
115. 1771958558655
116. 1771958558839
117. 1771958559207
118. 1771958559390
119. 1771958559758
120. 1771958559941
121. 1771958560309
122. 1771958560493
123. 1771958560860
124. 1771958561044
125. 1771958561411
126. 1771958561595
127. 1771958561962
128. 1771958562146
129. 1771958562513
130. 1771958562697
131. 1771958563064
132. 1771958563249
133. 1771958563615
134. 1771958563799
135. 1771958564166
136. 1771958564350
137. 1771958564717
138. 1771958564902
139. 1771958565268
140. 1771958565452
141. 1771958565819
142. 1771958566003
143. 1771958566370
144. 1771958566554
145. 1771958566921
146. 1771958567106
147. 1771958567473
148. 1771958567658
149. 1771958568023
150. 1771958568208
151. 1771958568574
152. 1771958568759
153. 1771958569125
154. 1771958569310
155. 1771958569676
156. 1771958569861
157. 1771958570227
158. 1771958570412
159. 1771958570778
160. 1771958570964
161. 1771958571330
162. 1771958571516
163. 1771958571880
164. 1771958572066
165. 1771958572430
166. 1771958572617
167. 1771958572982
168. 1771958573168
169. 1771958573532
170. 1771958573720
171. 1771958574083
172. 1771958574270
173. 1771958574634
174. 1771958574821
175. 1771958575186
176. 1771958575372
177. 1771958575736
178. 1771958575923
179. 1771958576287
180. 1771958576474
181. 1771958576838
182. 1771958577025
183. 1771958577389
184. 1771958577576
185. 1771958577940
186. 1771958578127
187. 1771958578491
188. 1771958578679
189. 1771958579042
190. 1771958579230
191. 1771958579593
192. 1771958579780
193. 1771958580144
194. 1771958580331
195. 1771958580695
196. 1771958580882
197. 1771958581246
198. 1771958581433
199. 1771958581798
200. 1771958581984
201. 1771958582349
202. 1771958582535
203. 1771958582900
204. 1771958583086
205. 1771958583451
206. 1771958583637
207. 1771958584002
208. 1771958584189
209. 1771958584553
210. 1771958584739
211. 1771958585104
212. 1771958585292
213. 1771958585655
214. 1771958585844
215. 1771958586207
216. 1771958586395
217. 1771958586757
218. 1771958586947
219. 1771958587308
220. 1771958587498
221. 1771958587859
222. 1771958588049
223. 1771958588410
224. 1771958588602
225. 1771958588961
226. 1771958589153
227. 1771958589512
228. 1771958589654
229. 1771958590013
230. 1771958590156
231. 1771958590514
232. 1771958590657
233. 1771958591015
234. 1771958591158
235. 1771958591516
236. 1771958591659
237. 1771958592017
238. 1771958592162
239. 1771958592519
240. 1771958592662
241. 1771958593021
242. 1771958593163
243. 1771958593522
244. 1771958593665
245. 1771958594023
246. 1771958594166
247. 1771958594524
248. 1771958594668
249. 1771958595026
250. 1771958595168
251. 1771958595527
252. 1771958595670
253. 1771958596028
254. 1771958596171
255. 1771958596530
256. 1771958596673
257. 1771958597031
258. 1771958597173
259. 1771958597532
260. 1771958597675
261. 1771958598034
262. 1771958598176
263. 1771958598535
264. 1771958598678
265. 1771958599036
266. 1771958599179
267. 1771958599538
268. 1771958599682
269. 1771958600040
270. 1771958600183
271. 1771958600542
272. 1771958600733
273. 1771958601093
274. 1771958601285
275. 1771958601645
276. 1771958601836
277. 1771958602196
278. 1771958602387
279. 1771958602747
280. 1771958602938
281. 1771958603299
282. 1771958603491
283. 1771958603852
284. 1771958604041
285. 1771958604402
286. 1771958604593
287. 1771958604953
288. 1771958605144
289. 1771958605504
290. 1771958605696
291. 1771958606056
292. 1771958606246
293. 1771958606607
294. 1771958606798
295. 1771958607159
296. 1771958607349
297. 1771958607710
298. 1771958607900
299. 1771958608261
300. 1771958608451
301. 1771958608812
302. 1771958609002
303. 1771958609363
304. 1771958609553
305. 1771958609914
306. 1771958610105
307. 1771958610465
308. 1771958610656
309. 1771958611016
310. 1771958611207
311. 1771958611568
312. 1771958611758
313. 1771958612119
314. 1771958612309
315. 1771958612670
316. 1771958612860

# 10 12 46 48 82 84 118 120 154 156 190 192 226 228 262 264 298 300 334 336 370 372 406 408 442 444 478 480 514 516 550 552 586 588 622 624 658 660 694 696 730 732 766 768 802 804 838 840 874 876 910 912 946 948 982 984 1018 1020 1054 1056 1090 1092 1126 1128 1162 1164 1198 1200 1234 1236 1270 1272 1306 1308 1342 1344 1378 1380 1414 1416 1450 1452 1486 1488 1522 1524 1558 1560 1594 1596 1630 1632 1666 1668 1702 1704 1738 1740 1774 1776 1810 1812 1846 1848 1882 1884 1918 1920 1954 1956 1990 1992 2026 2028 2062 2064 2098 2100 2134 2136 2170 2172 2206 2208 2242 2244 2278 2280 2314 2316 2350 2352 2386 2388 2422 2424 2458 2460 2494 2496 2530 2532 2566 2568 2602 2604 2638 2640 2674 2676 2710 2712 2746 2748 2782 2784 2818 2820 2854 2856 2890 2892 2926 2928 2962 2964 2998 3000 3034 3036 3070 3072 3106 3108 3142 3144 3178 3180 3214 3216 3250 3252 3286 3288 3322 3324 3358 3360 3394 3396 3430 3432 3466 3468 3502 3504 3538 3540 3574 3576 3610 3612 3646 3648 3682 3684 3718 3720 3754 3756 3790 3792 3826 3828 3862 3864 3898 3900 3934 3936 3970 3972 4006 4008 4042 4044 4078 4080 4114 4116 4150 4152 4186 4188 4222 4224 4258 4260 4294 4296 4330 4332 4366 4368 4402 4404 4438 4440 4474 4476 4510 4512 4546 4548 4582 4584 4618 4620 4654 4656 4690 4692 4726 4728 4762 4764 4798 4800 4834 4836 4870 4872 4906 4908 4942 4944 4978 4980 5014 5016 5050 5052 5086 5088 5122 5124 5158 5160 5194 5196 5230 5232 5266 5268 5302 5304 5338 5340 5374 5376 5410 5412 5446 5448 5482 5484 5518 5520 5554 5556 5590 5592 5626 5628 5662 5664 #
LightZero MGTP Interface Ready
=1 LightZero_DarkChess

=2 1.0.0

=7 

=15 

=14 

=12 a8 a8

[debug] move action_id=0, action=((0, 0), (0, 0)), 
[debug] current_player=1 (B), 
[debug] board[(0, 0)]=6, board[(0, 0)]=6, 
[debug] board state:
[[ 6 15 15 15]
 [15 15 15 15]
 [15 15 15 15]
 [15 15 15 15]
 [15 15 15 15]
 [15 15 15 15]
 [15 15 15 15]
 [15 15 15 15]], 

=11 

=16 

[debug] move action_id=187, action=((4, 1), (4, 1)), 
[debug] current_player=0 (R), 
[debug] board[(4, 1)]=4, board[(4, 1)]=4, 
[debug] board state:
[[ 6 15 15 15]
 [15 15 15 15]
 [15 15 15 15]
 [15 15 15 15]
 [15  4 15 15]
 [15 15 15 15]
 [15 15 15 15]
 [15 15 15 15]], 

=11 

=16 

=12 b8 b8

[debug] move action_id=11, action=((0, 1), (0, 1)), 
[debug] current_player=1 (B), 
[debug] board[(0, 1)]=13, board[(0, 1)]=13, 
[debug] board state:
[[ 6 13 15 15]
 [15 15 15 15]
 [15 15 15 15]
 [15 15 15 15]
 [15  4 15 15]
 [15 15 15 15]
 [15 15 15 15]
 [15 15 15 15]], 

=11 

=16 

[debug] move action_id=242, action=((5, 2), (5, 2)), 
[debug] current_player=0 (R), 
[debug] board[(5, 2)]=5, board[(5, 2)]=5, 
[debug] board state:
[[ 6 13 15 15]
 [15 15 15 15]
 [15 15 15 15]
 [15 15 15 15]
 [15  4 15 15]
 [15 15  5 15]
 [15 15 15 15]
 [15 15 15 15]], 

=11 

=16 

=12 a8 b8

[debug] move action_id=8, action=((0, 0), (0, 1)), 
[debug] current_player=1 (B), 
[debug] board[(0, 0)]=14, board[(0, 1)]=6, 
[debug] board state:
[[14  6 15 15]
 [15 15 15 15]
 [15 15 15 15]
 [15 15 15 15]
 [15  4 15 15]
 [15 15  5 15]
 [15 15 15 15]
 [15 15 15 15]], 

=10 

=16 

[debug] move action_id=231, action=((5, 1), (5, 1)), 
[debug] current_player=0 (R), 
[debug] board[(5, 1)]=3, board[(5, 1)]=3, 
[debug] board state:
[[14  6 15 15]
 [15 15 15 15]
 [15 15 15 15]
 [15 15 15 15]
 [15  4 15 15]
 [15  3  5 15]
 [15 15 15 15]
 [15 15 15 15]], 

=11 

=16 

=12 b8 a8

[debug] move action_id=19, action=((0, 1), (0, 0)), 
[debug] current_player=1 (B), 
[debug] board[(0, 1)]=14, board[(0, 0)]=6, 
[debug] board state:
[[ 6 14 15 15]
 [15 15 15 15]
 [15 15 15 15]
 [15 15 15 15]
 [15  4 15 15]
 [15  3  5 15]
 [15 15 15 15]
 [15 15 15 15]], 

=10 

=16 

[debug] move action_id=77, action=((1, 3), (1, 3)), 
[debug] current_player=0 (R), 
[debug] board[(1, 3)]=8, board[(1, 3)]=8, 
[debug] board state:
[[ 6 14 15 15]
 [15 15 15  8]
 [15 15 15 15]
 [15 15 15 15]
 [15  4 15 15]
 [15  3  5 15]
 [15 15 15 15]
 [15 15 15 15]], 

=11 

=16 

=12 a8 b8

[debug] move action_id=8, action=((0, 0), (0, 1)), 
[debug] current_player=1 (B), 
[debug] board[(0, 0)]=14, board[(0, 1)]=6, 
[debug] board state:
[[14  6 15 15]
 [15 15 15  8]
 [15 15 15 15]
 [15 15 15 15]
 [15  4 15 15]
 [15  3  5 15]
 [15 15 15 15]
 [15 15 15 15]], 

=10 

=16 

[debug] move action_id=264, action=((6, 0), (6, 0)), 
[debug] current_player=0 (R), 
[debug] board[(6, 0)]=6, board[(6, 0)]=6, 
[debug] board state:
[[14  6 15 15]
 [15 15 15  8]
 [15 15 15 15]
 [15 15 15 15]
 [15  4 15 15]
 [15  3  5 15]
 [ 6 15 15 15]
 [15 15 15 15]], 

=11 

=16 

=12 b8 a8

[debug] move action_id=19, action=((0, 1), (0, 0)), 
[debug] current_player=1 (B), 
[debug] board[(0, 1)]=14, board[(0, 0)]=6, 
[debug] board state:
[[ 6 14 15 15]
 [15 15 15  8]
 [15 15 15 15]
 [15 15 15 15]
 [15  4 15 15]
 [15  3  5 15]
 [ 6 15 15 15]
 [15 15 15 15]], 

=10 

=16 

[debug] move action_id=55, action=((1, 1), (1, 1)), 
[debug] current_player=0 (R), 
[debug] board[(1, 1)]=1, board[(1, 1)]=1, 
[debug] board state:
[[ 6 14 15 15]
 [15  1 15  8]
 [15 15 15 15]
 [15 15 15 15]
 [15  4 15 15]
 [15  3  5 15]
 [ 6 15 15 15]
 [15 15 15 15]], 

=11 

=16 

=12 a8 b8

[debug] move action_id=8, action=((0, 0), (0, 1)), 
[debug] current_player=1 (B), 
[debug] board[(0, 0)]=14, board[(0, 1)]=6, 
[debug] board state:
[[14  6 15 15]
 [15  1 15  8]
 [15 15 15 15]
 [15 15 15 15]
 [15  4 15 15]
 [15  3  5 15]
 [ 6 15 15 15]
 [15 15 15 15]], 

=10 

=16 

[debug] move action_id=330, action=((7, 2), (7, 2)), 
[debug] current_player=0 (R), 
[debug] board[(7, 2)]=11, board[(7, 2)]=11, 
[debug] board state:
[[14  6 15 15]
 [15  1 15  8]
 [15 15 15 15]
 [15 15 15 15]
 [15  4 15 15]
 [15  3  5 15]
 [ 6 15 15 15]
 [15 15 11 15]], 

=11 

=16 

=12 b8 a8

[debug] move action_id=19, action=((0, 1), (0, 0)), 
[debug] current_player=1 (B), 
[debug] board[(0, 1)]=14, board[(0, 0)]=6, 
[debug] board state:
[[ 6 14 15 15]
 [15  1 15  8]
 [15 15 15 15]
 [15 15 15 15]
 [15  4 15 15]
 [15  3  5 15]
 [ 6 15 15 15]
 [15 15 11 15]], 

=10 

=16 

[debug] move action_id=220, action=((5, 0), (5, 0)), 
[debug] current_player=0 (R), 
[debug] board[(5, 0)]=7, board[(5, 0)]=7, 
[debug] board state:
[[ 6 14 15 15]
 [15  1 15  8]
 [15 15 15 15]
 [15 15 15 15]
 [15  4 15 15]
 [ 7  3  5 15]
 [ 6 15 15 15]
 [15 15 11 15]], 

=11 

=16 

=12 a8 b8

[debug] move action_id=8, action=((0, 0), (0, 1)), 
[debug] current_player=1 (B), 
[debug] board[(0, 0)]=14, board[(0, 1)]=6, 
[debug] board state:
[[14  6 15 15]
 [15  1 15  8]
 [15 15 15 15]
 [15 15 15 15]
 [15  4 15 15]
 [ 7  3  5 15]
 [ 6 15 15 15]
 [15 15 11 15]], 

=10 

=16 

[debug] move action_id=198, action=((4, 2), (4, 2)), 
[debug] current_player=0 (R), 
[debug] board[(4, 2)]=10, board[(4, 2)]=10, 
[debug] board state:
[[14  6 15 15]
 [15  1 15  8]
 [15 15 15 15]
 [15 15 15 15]
 [15  4 10 15]
 [ 7  3  5 15]
 [ 6 15 15 15]
 [15 15 11 15]], 

=11 

=16 

=12 b8 a8

[debug] move action_id=19, action=((0, 1), (0, 0)), 
[debug] current_player=1 (B), 
[debug] board[(0, 1)]=14, board[(0, 0)]=6, 
[debug] board state:
[[ 6 14 15 15]
 [15  1 15  8]
 [15 15 15 15]
 [15 15 15 15]
 [15  4 10 15]
 [ 7  3  5 15]
 [ 6 15 15 15]
 [15 15 11 15]], 

=10 

=16 

[debug] move action_id=154, action=((3, 2), (3, 2)), 
[debug] current_player=0 (R), 
[debug] board[(3, 2)]=4, board[(3, 2)]=4, 
[debug] board state:
[[ 6 14 15 15]
 [15  1 15  8]
 [15 15 15 15]
 [15 15  4 15]
 [15  4 10 15]
 [ 7  3  5 15]
 [ 6 15 15 15]
 [15 15 11 15]], 

=11 

=16 

=12 a8 b8

[debug] move action_id=8, action=((0, 0), (0, 1)), 
[debug] current_player=1 (B), 
[debug] board[(0, 0)]=14, board[(0, 1)]=6, 
[debug] board state:
[[14  6 15 15]
 [15  1 15  8]
 [15 15 15 15]
 [15 15  4 15]
 [15  4 10 15]
 [ 7  3  5 15]
 [ 6 15 15 15]
 [15 15 11 15]], 

=10 

=16 

[debug] move action_id=176, action=((4, 0), (4, 0)), 
[debug] current_player=0 (R), 
[debug] board[(4, 0)]=2, board[(4, 0)]=2, 
[debug] board state:
[[14  6 15 15]
 [15  1 15  8]
 [15 15 15 15]
 [15 15  4 15]
 [ 2  4 10 15]
 [ 7  3  5 15]
 [ 6 15 15 15]
 [15 15 11 15]], 

=11 

=16 

=12 b8 a8

[debug] move action_id=19, action=((0, 1), (0, 0)), 
[debug] current_player=1 (B), 
[debug] board[(0, 1)]=14, board[(0, 0)]=6, 
[debug] board state:
[[ 6 14 15 15]
 [15  1 15  8]
 [15 15 15 15]
 [15 15  4 15]
 [ 2  4 10 15]
 [ 7  3  5 15]
 [ 6 15 15 15]
 [15 15 11 15]], 

=10 

=16 

[debug] move action_id=253, action=((5, 3), (5, 3)), 
[debug] current_player=0 (R), 
[debug] board[(5, 3)]=6, board[(5, 3)]=6, 
[debug] board state:
[[ 6 14 15 15]
 [15  1 15  8]
 [15 15 15 15]
 [15 15  4 15]
 [ 2  4 10 15]
 [ 7  3  5  6]
 [ 6 15 15 15]
 [15 15 11 15]], 

=11 

=16 

=12 a8 b8

[debug] move action_id=8, action=((0, 0), (0, 1)), 
[debug] current_player=1 (B), 
[debug] board[(0, 0)]=14, board[(0, 1)]=6, 
[debug] board state:
[[14  6 15 15]
 [15  1 15  8]
 [15 15 15 15]
 [15 15  4 15]
 [ 2  4 10 15]
 [ 7  3  5  6]
 [ 6 15 15 15]
 [15 15 11 15]], 

=10 

=16 

[debug] move action_id=319, action=((7, 1), (7, 1)), 
[debug] current_player=0 (R), 
[debug] board[(7, 1)]=5, board[(7, 1)]=5, 
[debug] board state:
[[14  6 15 15]
 [15  1 15  8]
 [15 15 15 15]
 [15 15  4 15]
 [ 2  4 10 15]
 [ 7  3  5  6]
 [ 6 15 15 15]
 [15  5 11 15]], 

=11 

=16 

=12 b8 a8

[debug] move action_id=19, action=((0, 1), (0, 0)), 
[debug] current_player=1 (B), 
[debug] board[(0, 1)]=14, board[(0, 0)]=6, 
[debug] board state:
[[ 6 14 15 15]
 [15  1 15  8]
 [15 15 15 15]
 [15 15  4 15]
 [ 2  4 10 15]
 [ 7  3  5  6]
 [ 6 15 15 15]
 [15  5 11 15]], 

=10 

=16 

[debug] move action_id=341, action=((7, 3), (7, 3)), 
[debug] current_player=0 (R), 
[debug] board[(7, 3)]=12, board[(7, 3)]=12, 
[debug] board state:
[[ 6 14 15 15]
 [15  1 15  8]
 [15 15 15 15]
 [15 15  4 15]
 [ 2  4 10 15]
 [ 7  3  5  6]
 [ 6 15 15 15]
 [15  5 11 12]], 

=11 

=16 

=12 a8 b8

[debug] move action_id=8, action=((0, 0), (0, 1)), 
[debug] current_player=1 (B), 
[debug] board[(0, 0)]=14, board[(0, 1)]=6, 
[debug] board state:
[[14  6 15 15]
 [15  1 15  8]
 [15 15 15 15]
 [15 15  4 15]
 [ 2  4 10 15]
 [ 7  3  5  6]
 [ 6 15 15 15]
 [15  5 11 12]], 

=10 

=16 

[debug] move action_id=207, action=((4, 2), (4, 1)), 
[debug] current_player=0 (R), 
[debug] board[(4, 2)]=14, board[(4, 1)]=10, 
[debug] board state:
[[14  6 15 15]
 [15  1 15  8]
 [15 15 15 15]
 [15 15  4 15]
 [ 2 10 14 15]
 [ 7  3  5  6]
 [ 6 15 15 15]
 [15  5 11 12]], 

=10 

=16 

=12 b8 a8

[debug] move action_id=19, action=((0, 1), (0, 0)), 
[debug] current_player=1 (B), 
[debug] board[(0, 1)]=14, board[(0, 0)]=6, 
[debug] board state:
[[ 6 14 15 15]
 [15  1 15  8]
 [15 15 15 15]
 [15 15  4 15]
 [ 2 10 14 15]
 [ 7  3  5  6]
 [ 6 15 15 15]
 [15  5 11 12]], 

=10 

=16 

[debug] move action_id=260, action=((7, 3), (5, 3)), 
[debug] current_player=0 (R), 
[debug] board[(7, 3)]=14, board[(5, 3)]=12, 
[debug] board state:
[[ 6 14 15 15]
 [15  1 15  8]
 [15 15 15 15]
 [15 15  4 15]
 [ 2 10 14 15]
 [ 7  3  5 12]
 [ 6 15 15 15]
 [15  5 11 14]], 

=10 

=16 

=12 a8 b8

[debug] move action_id=8, action=((0, 0), (0, 1)), 
[debug] current_player=1 (B), 
[debug] board[(0, 0)]=14, board[(0, 1)]=6, 
[debug] board state:
[[14  6 15 15]
 [15  1 15  8]
 [15 15 15 15]
 [15 15  4 15]
 [ 2 10 14 15]
 [ 7  3  5 12]
 [ 6 15 15 15]
 [15  5 11 14]], 

=10 

=16 

[debug] move action_id=66, action=((1, 2), (1, 2)), 
[debug] current_player=0 (R), 
[debug] board[(1, 2)]=9, board[(1, 2)]=9, 
[debug] board state:
[[14  6 15 15]
 [15  1  9  8]
 [15 15 15 15]
 [15 15  4 15]
 [ 2 10 14 15]
 [ 7  3  5 12]
 [ 6 15 15 15]
 [15  5 11 14]], 

=11 

=16 

=12 b8 a8

[debug] move action_id=19, action=((0, 1), (0, 0)), 
[debug] current_player=1 (B), 
[debug] board[(0, 1)]=14, board[(0, 0)]=6, 
[debug] board state:
[[ 6 14 15 15]
 [15  1  9  8]
 [15 15 15 15]
 [15 15  4 15]
 [ 2 10 14 15]
 [ 7  3  5 12]
 [ 6 15 15 15]
 [15  5 11 14]], 

=10 

=16 

[debug] move action_id=99, action=((2, 1), (2, 1)), 
[debug] current_player=0 (R), 
[debug] board[(2, 1)]=3, board[(2, 1)]=3, 
[debug] board state:
[[ 6 14 15 15]
 [15  1  9  8]
 [15  3 15 15]
 [15 15  4 15]
 [ 2 10 14 15]
 [ 7  3  5 12]
 [ 6 15 15 15]
 [15  5 11 14]], 

=11 

=16 

=12 a8 b8

[debug] move action_id=8, action=((0, 0), (0, 1)), 
[debug] current_player=1 (B), 
[debug] board[(0, 0)]=14, board[(0, 1)]=6, 
[debug] board state:
[[14  6 15 15]
 [15  1  9  8]
 [15  3 15 15]
 [15 15  4 15]
 [ 2 10 14 15]
 [ 7  3  5 12]
 [ 6 15 15 15]
 [15  5 11 14]], 

=10 

=16 

[debug] move action_id=262, action=((5, 3), (5, 1)), 
[debug] current_player=0 (R), 
[debug] board[(5, 3)]=14, board[(5, 1)]=12, 
[debug] board state:
[[14  6 15 15]
 [15  1  9  8]
 [15  3 15 15]
 [15 15  4 15]
 [ 2 10 14 15]
 [ 7 12  5 14]
 [ 6 15 15 15]
 [15  5 11 14]], 

=10 

=16 

=12 b8 a8

[debug] move action_id=19, action=((0, 1), (0, 0)), 
[debug] current_player=1 (B), 
[debug] board[(0, 1)]=14, board[(0, 0)]=6, 
[debug] board state:
[[ 6 14 15 15]
 [15  1  9  8]
 [15  3 15 15]
 [15 15  4 15]
 [ 2 10 14 15]
 [ 7 12  5 14]
 [ 6 15 15 15]
 [15  5 11 14]], 

=10 

=16 

[debug] move action_id=339, action=((7, 2), (7, 1)), 
[debug] current_player=0 (R), 
[debug] board[(7, 2)]=14, board[(7, 1)]=11, 
[debug] board state:
[[ 6 14 15 15]
 [15  1  9  8]
 [15  3 15 15]
 [15 15  4 15]
 [ 2 10 14 15]
 [ 7 12  5 14]
 [ 6 15 15 15]
 [15 11 14 14]], 

=10 

=16 

=12 a8 b8

[debug] move action_id=8, action=((0, 0), (0, 1)), 
[debug] current_player=1 (B), 
[debug] board[(0, 0)]=14, board[(0, 1)]=6, 
[debug] board state:
[[14  6 15 15]
 [15  1  9  8]
 [15  3 15 15]
 [15 15  4 15]
 [ 2 10 14 15]
 [ 7 12  5 14]
 [ 6 15 15 15]
 [15 11 14 14]], 

=10 

=16 

[debug] move action_id=181, action=((5, 0), (4, 0)), 
[debug] current_player=0 (R), 
[debug] board[(5, 0)]=14, board[(4, 0)]=7, 
[debug] board state:
[[14  6 15 15]
 [15  1  9  8]
 [15  3 15 15]
 [15 15  4 15]
 [ 7 10 14 15]
 [14 12  5 14]
 [ 6 15 15 15]
 [15 11 14 14]], 

=10 

=16 

=12 b8 a8

[debug] move action_id=19, action=((0, 1), (0, 0)), 
[debug] current_player=1 (B), 
[debug] board[(0, 1)]=14, board[(0, 0)]=6, 
[debug] board state:
[[ 6 14 15 15]
 [15  1  9  8]
 [15  3 15 15]
 [15 15  4 15]
 [ 7 10 14 15]
 [14 12  5 14]
 [ 6 15 15 15]
 [15 11 14 14]], 

=10 

=16 

[debug] move action_id=196, action=((4, 1), (4, 2)), 
[debug] current_player=0 (R), 
[debug] board[(4, 1)]=14, board[(4, 2)]=10, 
[debug] board state:
[[ 6 14 15 15]
 [15  1  9  8]
 [15  3 15 15]
 [15 15  4 15]
 [ 7 14 10 15]
 [14 12  5 14]
 [ 6 15 15 15]
 [15 11 14 14]], 

=10 

=16 

=12 a8 b8

[debug] move action_id=8, action=((0, 0), (0, 1)), 
[debug] current_player=1 (B), 
[debug] board[(0, 0)]=14, board[(0, 1)]=6, 
[debug] board state:
[[14  6 15 15]
 [15  1  9  8]
 [15  3 15 15]
 [15 15  4 15]
 [ 7 14 10 15]
 [14 12  5 14]
 [ 6 15 15 15]
 [15 11 14 14]], 

=10 

=16 

[debug] move action_id=225, action=((4, 0), (5, 0)), 
[debug] current_player=0 (R), 
[debug] board[(4, 0)]=14, board[(5, 0)]=7, 
[debug] board state:
[[14  6 15 15]
 [15  1  9  8]
 [15  3 15 15]
 [15 15  4 15]
 [14 14 10 15]
 [ 7 12  5 14]
 [ 6 15 15 15]
 [15 11 14 14]], 

=10 

=16 

=12 b8 a8

[debug] move action_id=19, action=((0, 1), (0, 0)), 
[debug] current_player=1 (B), 
[debug] board[(0, 1)]=14, board[(0, 0)]=6, 
[debug] board state:
[[ 6 14 15 15]
 [15  1  9  8]
 [15  3 15 15]
 [15 15  4 15]
 [14 14 10 15]
 [ 7 12  5 14]
 [ 6 15 15 15]
 [15 11 14 14]], 

=10 

=16 

[debug] move action_id=143, action=((3, 1), (3, 1)), 
[debug] current_player=0 (R), 
[debug] board[(3, 1)]=11, board[(3, 1)]=11, 
[debug] board state:
[[ 6 14 15 15]
 [15  1  9  8]
 [15  3 15 15]
 [15 11  4 15]
 [14 14 10 15]
 [ 7 12  5 14]
 [ 6 15 15 15]
 [15 11 14 14]], 

=11 

=16 

=12 a8 b8

[debug] move action_id=8, action=((0, 0), (0, 1)), 
[debug] current_player=1 (B), 
[debug] board[(0, 0)]=14, board[(0, 1)]=6, 
[debug] board state:
[[14  6 15 15]
 [15  1  9  8]
 [15  3 15 15]
 [15 11  4 15]
 [14 14 10 15]
 [ 7 12  5 14]
 [ 6 15 15 15]
 [15 11 14 14]], 

=10 

=16 

[debug] move action_id=44, action=((1, 0), (1, 0)), 
[debug] current_player=0 (R), 
[debug] board[(1, 0)]=13, board[(1, 0)]=13, 
[debug] board state:
[[14  6 15 15]
 [13  1  9  8]
 [15  3 15 15]
 [15 11  4 15]
 [14 14 10 15]
 [ 7 12  5 14]
 [ 6 15 15 15]
 [15 11 14 14]], 

=11 

=16 

=12 b8 a8

[debug] move action_id=19, action=((0, 1), (0, 0)), 
[debug] current_player=1 (B), 
[debug] board[(0, 1)]=14, board[(0, 0)]=6, 
[debug] board state:
[[ 6 14 15 15]
 [13  1  9  8]
 [15  3 15 15]
 [15 11  4 15]
 [14 14 10 15]
 [ 7 12  5 14]
 [ 6 15 15 15]
 [15 11 14 14]], 

=10 

=16 

[debug] move action_id=275, action=((6, 1), (6, 1)), 
[debug] current_player=0 (R), 
[debug] board[(6, 1)]=1, board[(6, 1)]=1, 
[debug] board state:
[[ 6 14 15 15]
 [13  1  9  8]
 [15  3 15 15]
 [15 11  4 15]
 [14 14 10 15]
 [ 7 12  5 14]
 [ 6  1 15 15]
 [15 11 14 14]], 

=11 

=16 

=12 a8 b8

[debug] move action_id=8, action=((0, 0), (0, 1)), 
[debug] current_player=1 (B), 
[debug] board[(0, 0)]=14, board[(0, 1)]=6, 
[debug] board state:
[[14  6 15 15]
 [13  1  9  8]
 [15  3 15 15]
 [15 11  4 15]
 [14 14 10 15]
 [ 7 12  5 14]
 [ 6  1 15 15]
 [15 11 14 14]], 

=10 

=16 

[debug] move action_id=328, action=((7, 1), (7, 2)), 
[debug] current_player=0 (R), 
[debug] board[(7, 1)]=14, board[(7, 2)]=11, 
[debug] board state:
[[14  6 15 15]
 [13  1  9  8]
 [15  3 15 15]
 [15 11  4 15]
 [14 14 10 15]
 [ 7 12  5 14]
 [ 6  1 15 15]
 [15 14 11 14]], 

=10 

=16 

=12 b8 a8

[debug] move action_id=19, action=((0, 1), (0, 0)), 
[debug] current_player=1 (B), 
[debug] board[(0, 1)]=14, board[(0, 0)]=6, 
[debug] board state:
[[ 6 14 15 15]
 [13  1  9  8]
 [15  3 15 15]
 [15 11  4 15]
 [14 14 10 15]
 [ 7 12  5 14]
 [ 6  1 15 15]
 [15 14 11 14]], 

=10 

=16 

[debug] move action_id=33, action=((0, 3), (0, 3)), 
[debug] current_player=0 (R), 
[debug] board[(0, 3)]=0, board[(0, 3)]=0, 
[debug] board state:
[[ 6 14 15  0]
 [13  1  9  8]
 [15  3 15 15]
 [15 11  4 15]
 [14 14 10 15]
 [ 7 12  5 14]
 [ 6  1 15 15]
 [15 14 11 14]], 

=11 

=16 

=12 a8 b8

[debug] move action_id=8, action=((0, 0), (0, 1)), 
[debug] current_player=1 (B), 
[debug] board[(0, 0)]=14, board[(0, 1)]=6, 
[debug] board state:
[[14  6 15  0]
 [13  1  9  8]
 [15  3 15 15]
 [15 11  4 15]
 [14 14 10 15]
 [ 7 12  5 14]
 [ 6  1 15 15]
 [15 14 11 14]], 

=10 

=16 

[debug] move action_id=181, action=((5, 0), (4, 0)), 
[debug] current_player=0 (R), 
[debug] board[(5, 0)]=14, board[(4, 0)]=7, 
[debug] board state:
[[14  6 15  0]
 [13  1  9  8]
 [15  3 15 15]
 [15 11  4 15]
 [ 7 14 10 15]
 [14 12  5 14]
 [ 6  1 15 15]
 [15 14 11 14]], 

=10 

=16 

=12 b8 a8

[debug] move action_id=19, action=((0, 1), (0, 0)), 
[debug] current_player=1 (B), 
[debug] board[(0, 1)]=14, board[(0, 0)]=6, 
[debug] board state:
[[ 6 14 15  0]
 [13  1  9  8]
 [15  3 15 15]
 [15 11  4 15]
 [ 7 14 10 15]
 [14 12  5 14]
 [ 6  1 15 15]
 [15 14 11 14]], 

=10 

=16 

[debug] move action_id=88, action=((2, 0), (2, 0)), 
[debug] current_player=0 (R), 
[debug] board[(2, 0)]=8, board[(2, 0)]=8, 
[debug] board state:
[[ 6 14 15  0]
 [13  1  9  8]
 [ 8  3 15 15]
 [15 11  4 15]
 [ 7 14 10 15]
 [14 12  5 14]
 [ 6  1 15 15]
 [15 14 11 14]], 

=11 

=16 

=12 a8 b8

[debug] move action_id=8, action=((0, 0), (0, 1)), 
[debug] current_player=1 (B), 
[debug] board[(0, 0)]=14, board[(0, 1)]=6, 
[debug] board state:
[[14  6 15  0]
 [13  1  9  8]
 [ 8  3 15 15]
 [15 11  4 15]
 [ 7 14 10 15]
 [14 12  5 14]
 [ 6  1 15 15]
 [15 14 11 14]], 

=10 

=16 

[debug] move action_id=121, action=((2, 3), (2, 3)), 
[debug] current_player=0 (R), 
[debug] board[(2, 3)]=6, board[(2, 3)]=6, 
[debug] board state:
[[14  6 15  0]
 [13  1  9  8]
 [ 8  3 15  6]
 [15 11  4 15]
 [ 7 14 10 15]
 [14 12  5 14]
 [ 6  1 15 15]
 [15 14 11 14]], 

=11 

=16 

=12 b8 a8

[debug] move action_id=19, action=((0, 1), (0, 0)), 
[debug] current_player=1 (B), 
[debug] board[(0, 1)]=14, board[(0, 0)]=6, 
[debug] board state:
[[ 6 14 15  0]
 [13  1  9  8]
 [ 8  3 15  6]
 [15 11  4 15]
 [ 7 14 10 15]
 [14 12  5 14]
 [ 6  1 15 15]
 [15 14 11 14]], 

=10 

=16 

[debug] move action_id=165, action=((3, 3), (3, 3)), 
[debug] current_player=0 (R), 
[debug] board[(3, 3)]=13, board[(3, 3)]=13, 
[debug] board state:
[[ 6 14 15  0]
 [13  1  9  8]
 [ 8  3 15  6]
 [15 11  4 13]
 [ 7 14 10 15]
 [14 12  5 14]
 [ 6  1 15 15]
 [15 14 11 14]], 

=11 

=16 

=12 a8 b8

[debug] move action_id=8, action=((0, 0), (0, 1)), 
[debug] current_player=1 (B), 
[debug] board[(0, 0)]=14, board[(0, 1)]=6, 
[debug] board state:
[[14  6 15  0]
 [13  1  9  8]
 [ 8  3 15  6]
 [15 11  4 13]
 [ 7 14 10 15]
 [14 12  5 14]
 [ 6  1 15 15]
 [15 14 11 14]], 

=10 

=16 

[debug] move action_id=1, action=((1, 0), (0, 0)), 
[debug] current_player=0 (R), 
[debug] board[(1, 0)]=14, board[(0, 0)]=13, 
[debug] board state:
[[13  6 15  0]
 [14  1  9  8]
 [ 8  3 15  6]
 [15 11  4 13]
 [ 7 14 10 15]
 [14 12  5 14]
 [ 6  1 15 15]
 [15 14 11 14]], 

=10 

=16 

=12 b8 a8

[debug] move action_id=19, action=((0, 1), (0, 0)), 
[debug] current_player=1 (B), 
[debug] board[(0, 1)]=14, board[(0, 0)]=6, 
[debug] board state:
[[ 6 14 15  0]
 [14  1  9  8]
 [ 8  3 15  6]
 [15 11  4 13]
 [ 7 14 10 15]
 [14 12  5 14]
 [ 6  1 15 15]
 [15 14 11 14]], 

=10 

=16 

[debug] move action_id=123, action=((1, 3), (2, 3)), 
[debug] current_player=0 (R), 
[debug] board[(1, 3)]=14, board[(2, 3)]=8, 
[debug] board state:
[[ 6 14 15  0]
 [14  1  9 14]
 [ 8  3 15  8]
 [15 11  4 13]
 [ 7 14 10 15]
 [14 12  5 14]
 [ 6  1 15 15]
 [15 14 11 14]], 

=10 

=16 

=12 a8 b8

[debug] move action_id=8, action=((0, 0), (0, 1)), 
[debug] current_player=1 (B), 
[debug] board[(0, 0)]=14, board[(0, 1)]=6, 
[debug] board state:
[[14  6 15  0]
 [14  1  9 14]
 [ 8  3 15  8]
 [15 11  4 13]
 [ 7 14 10 15]
 [14 12  5 14]
 [ 6  1 15 15]
 [15 14 11 14]], 

=10 

=16 

[debug] move action_id=110, action=((2, 2), (2, 2)), 
[debug] current_player=0 (R), 
[debug] board[(2, 2)]=10, board[(2, 2)]=10, 
[debug] board state:
[[14  6 15  0]
 [14  1  9 14]
 [ 8  3 10  8]
 [15 11  4 13]
 [ 7 14 10 15]
 [14 12  5 14]
 [ 6  1 15 15]
 [15 14 11 14]], 

=11 

=16 

=12 b8 a8

[debug] move action_id=19, action=((0, 1), (0, 0)), 
[debug] current_player=1 (B), 
[debug] board[(0, 1)]=14, board[(0, 0)]=6, 
[debug] board state:
[[ 6 14 15  0]
 [14  1  9 14]
 [ 8  3 10  8]
 [15 11  4 13]
 [ 7 14 10 15]
 [14 12  5 14]
 [ 6  1 15 15]
 [15 14 11 14]], 

=10 

=16 

[debug] move action_id=158, action=((4, 2), (3, 2)), 
[debug] current_player=0 (R), 
[debug] board[(4, 2)]=14, board[(3, 2)]=10, 
[debug] board state:
[[ 6 14 15  0]
 [14  1  9 14]
 [ 8  3 10  8]
 [15 11 10 13]
 [ 7 14 14 15]
 [14 12  5 14]
 [ 6  1 15 15]
 [15 14 11 14]], 

=10 

=16 

=12 a8 b8

[debug] move action_id=8, action=((0, 0), (0, 1)), 
[debug] current_player=1 (B), 
[debug] board[(0, 0)]=14, board[(0, 1)]=6, 
[debug] board state:
[[14  6 15  0]
 [14  1  9 14]
 [ 8  3 10  8]
 [15 11 10 13]
 [ 7 14 14 15]
 [14 12  5 14]
 [ 6  1 15 15]
 [15 14 11 14]], 

=10 

=16 

[debug] move action_id=202, action=((3, 2), (4, 2)), 
[debug] current_player=0 (R), 
[debug] board[(3, 2)]=14, board[(4, 2)]=10, 
[debug] board state:
[[14  6 15  0]
 [14  1  9 14]
 [ 8  3 10  8]
 [15 11 14 13]
 [ 7 14 10 15]
 [14 12  5 14]
 [ 6  1 15 15]
 [15 14 11 14]], 

=10 

=16 

=12 b8 a8

[debug] move action_id=19, action=((0, 1), (0, 0)), 
[debug] current_player=1 (B), 
[debug] board[(0, 1)]=14, board[(0, 0)]=6, 
[debug] board state:
[[ 6 14 15  0]
 [14  1  9 14]
 [ 8  3 10  8]
 [15 11 14 13]
 [ 7 14 10 15]
 [14 12  5 14]
 [ 6  1 15 15]
 [15 14 11 14]], 

=10 

=16 

[debug] move action_id=104, action=((5, 1), (2, 1)), 
[debug] current_player=0 (R), 
[debug] board[(5, 1)]=14, board[(2, 1)]=12, 
[debug] board state:
[[ 6 14 15  0]
 [14  1  9 14]
 [ 8 12 10  8]
 [15 11 14 13]
 [ 7 14 10 15]
 [14 14  5 14]
 [ 6  1 15 15]
 [15 14 11 14]], 

=10 

=16 

=12 a8 b8

[debug] move action_id=8, action=((0, 0), (0, 1)), 
[debug] current_player=1 (B), 
[debug] board[(0, 0)]=14, board[(0, 1)]=6, 
[debug] board state:
[[14  6 15  0]
 [14  1  9 14]
 [ 8 12 10  8]
 [15 11 14 13]
 [ 7 14 10 15]
 [14 14  5 14]
 [ 6  1 15 15]
 [15 14 11 14]], 

=10 

=16 

[debug] move action_id=158, action=((4, 2), (3, 2)), 
[debug] current_player=0 (R), 
[debug] board[(4, 2)]=14, board[(3, 2)]=10, 
[debug] board state:
[[14  6 15  0]
 [14  1  9 14]
 [ 8 12 10  8]
 [15 11 10 13]
 [ 7 14 14 15]
 [14 14  5 14]
 [ 6  1 15 15]
 [15 14 11 14]], 

=10 

=16 

=12 b8 a8

[debug] move action_id=19, action=((0, 1), (0, 0)), 
[debug] current_player=1 (B), 
[debug] board[(0, 1)]=14, board[(0, 0)]=6, 
[debug] board state:
[[ 6 14 15  0]
 [14  1  9 14]
 [ 8 12 10  8]
 [15 11 10 13]
 [ 7 14 14 15]
 [14 14  5 14]
 [ 6  1 15 15]
 [15 14 11 14]], 

=10 

=16 

[debug] move action_id=202, action=((3, 2), (4, 2)), 
[debug] current_player=0 (R), 
[debug] board[(3, 2)]=14, board[(4, 2)]=10, 
[debug] board state:
[[ 6 14 15  0]
 [14  1  9 14]
 [ 8 12 10  8]
 [15 11 14 13]
 [ 7 14 10 15]
 [14 14  5 14]
 [ 6  1 15 15]
 [15 14 11 14]], 

=10 

=16 

=12 a8 b8

[debug] move action_id=8, action=((0, 0), (0, 1)), 
[debug] current_player=1 (B), 
[debug] board[(0, 0)]=14, board[(0, 1)]=6, 
[debug] board state:
[[14  6 15  0]
 [14  1  9 14]
 [ 8 12 10  8]
 [15 11 14 13]
 [ 7 14 10 15]
 [14 14  5 14]
 [ 6  1 15 15]
 [15 14 11 14]], 

=10 

=16 

[debug] move action_id=13, action=((2, 1), (0, 1)), 
[debug] current_player=0 (R), 
[debug] board[(2, 1)]=14, board[(0, 1)]=12, 
[debug] board state:
[[14 12 15  0]
 [14  1  9 14]
 [ 8 14 10  8]
 [15 11 14 13]
 [ 7 14 10 15]
 [14 14  5 14]
 [ 6  1 15 15]
 [15 14 11 14]], 

=10 

=16 

=12 b7 b8

[debug] move action_id=12, action=((1, 1), (0, 1)), 
[debug] current_player=1 (B), 
[debug] board[(1, 1)]=14, board[(0, 1)]=1, 
[debug] board state:
[[14  1 15  0]
 [14 14  9 14]
 [ 8 14 10  8]
 [15 11 14 13]
 [ 7 14 10 15]
 [14 14  5 14]
 [ 6  1 15 15]
 [15 14 11 14]], 

=10 

=16 

[debug] move action_id=209, action=((4, 3), (4, 3)), 
[debug] current_player=0 (R), 
[debug] board[(4, 3)]=2, board[(4, 3)]=2, 
[debug] board state:
[[14  1 15  0]
 [14 14  9 14]
 [ 8 14 10  8]
 [15 11 14 13]
 [ 7 14 10  2]
 [14 14  5 14]
 [ 6  1 15 15]
 [15 14 11 14]], 

=11 

=16 

=12 b8 a8

[debug] move action_id=19, action=((0, 1), (0, 0)), 
[debug] current_player=1 (B), 
[debug] board[(0, 1)]=14, board[(0, 0)]=1, 
[debug] board state:
[[ 1 14 15  0]
 [14 14  9 14]
 [ 8 14 10  8]
 [15 11 14 13]
 [ 7 14 10  2]
 [14 14  5 14]
 [ 6  1 15 15]
 [15 14 11 14]], 

=10 

=16 

[debug] move action_id=297, action=((6, 3), (6, 3)), 
[debug] current_player=0 (R), 
[debug] board[(6, 3)]=13, board[(6, 3)]=13, 
[debug] board state:
[[ 1 14 15  0]
 [14 14  9 14]
 [ 8 14 10  8]
 [15 11 14 13]
 [ 7 14 10  2]
 [14 14  5 14]
 [ 6  1 15 13]
 [15 14 11 14]], 

=11 

=16 

=12 a8 b8

[debug] move action_id=8, action=((0, 0), (0, 1)), 
[debug] current_player=1 (B), 
[debug] board[(0, 0)]=14, board[(0, 1)]=1, 
[debug] board state:
[[14  1 15  0]
 [14 14  9 14]
 [ 8 14 10  8]
 [15 11 14 13]
 [ 7 14 10  2]
 [14 14  5 14]
 [ 6  1 15 13]
 [15 14 11 14]], 

=10 

=16 

[debug] move action_id=79, action=((2, 3), (1, 3)), 
[debug] current_player=0 (R), 
[debug] board[(2, 3)]=14, board[(1, 3)]=8, 
[debug] board state:
[[14  1 15  0]
 [14 14  9  8]
 [ 8 14 10 14]
 [15 11 14 13]
 [ 7 14 10  2]
 [14 14  5 14]
 [ 6  1 15 13]
 [15 14 11 14]], 

=10 

=16 

=12 b8 a8

[debug] move action_id=19, action=((0, 1), (0, 0)), 
[debug] current_player=1 (B), 
[debug] board[(0, 1)]=14, board[(0, 0)]=1, 
[debug] board state:
[[ 1 14 15  0]
 [14 14  9  8]
 [ 8 14 10 14]
 [15 11 14 13]
 [ 7 14 10  2]
 [14 14  5 14]
 [ 6  1 15 13]
 [15 14 11 14]], 

=10 

=16 

[debug] move action_id=339, action=((7, 2), (7, 1)), 
[debug] current_player=0 (R), 
[debug] board[(7, 2)]=14, board[(7, 1)]=11, 
[debug] board state:
[[ 1 14 15  0]
 [14 14  9  8]
 [ 8 14 10 14]
 [15 11 14 13]
 [ 7 14 10  2]
 [14 14  5 14]
 [ 6  1 15 13]
 [15 11 14 14]], 

=10 

=16 

=12 a8 b8

[debug] move action_id=8, action=((0, 0), (0, 1)), 
[debug] current_player=1 (B), 
[debug] board[(0, 0)]=14, board[(0, 1)]=1, 
[debug] board state:
[[14  1 15  0]
 [14 14  9  8]
 [ 8 14 10 14]
 [15 11 14 13]
 [ 7 14 10  2]
 [14 14  5 14]
 [ 6  1 15 13]
 [15 11 14 14]], 

=10 

=16 

[debug] move action_id=184, action=((4, 0), (4, 1)), 
[debug] current_player=0 (R), 
[debug] board[(4, 0)]=14, board[(4, 1)]=7, 
[debug] board state:
[[14  1 15  0]
 [14 14  9  8]
 [ 8 14 10 14]
 [15 11 14 13]
 [14  7 10  2]
 [14 14  5 14]
 [ 6  1 15 13]
 [15 11 14 14]], 

=10 

=16 

=12 b8 a8

[debug] move action_id=19, action=((0, 1), (0, 0)), 
[debug] current_player=1 (B), 
[debug] board[(0, 1)]=14, board[(0, 0)]=1, 
[debug] board state:
[[ 1 14 15  0]
 [14 14  9  8]
 [ 8 14 10 14]
 [15 11 14 13]
 [14  7 10  2]
 [14 14  5 14]
 [ 6  1 15 13]
 [15 11 14 14]], 

=10 

=16 

[debug] move action_id=328, action=((7, 1), (7, 2)), 
[debug] current_player=0 (R), 
[debug] board[(7, 1)]=14, board[(7, 2)]=11, 
[debug] board state:
[[ 1 14 15  0]
 [14 14  9  8]
 [ 8 14 10 14]
 [15 11 14 13]
 [14  7 10  2]
 [14 14  5 14]
 [ 6  1 15 13]
 [15 14 11 14]], 

=10 

=16 

=12 a8 b8

[debug] move action_id=8, action=((0, 0), (0, 1)), 
[debug] current_player=1 (B), 
[debug] board[(0, 0)]=14, board[(0, 1)]=1, 
[debug] board state:
[[14  1 15  0]
 [14 14  9  8]
 [ 8 14 10 14]
 [15 11 14 13]
 [14  7 10  2]
 [14 14  5 14]
 [ 6  1 15 13]
 [15 14 11 14]], 

=10 

=16 

[debug] move action_id=175, action=((3, 3), (3, 2)), 
[debug] current_player=0 (R), 
[debug] board[(3, 3)]=14, board[(3, 2)]=13, 
[debug] board state:
[[14  1 15  0]
 [14 14  9  8]
 [ 8 14 10 14]
 [15 11 13 14]
 [14  7 10  2]
 [14 14  5 14]
 [ 6  1 15 13]
 [15 14 11 14]], 

=10 

=16 

=12 b8 a8

[debug] move action_id=19, action=((0, 1), (0, 0)), 
[debug] current_player=1 (B), 
[debug] board[(0, 1)]=14, board[(0, 0)]=1, 
[debug] board state:
[[ 1 14 15  0]
 [14 14  9  8]
 [ 8 14 10 14]
 [15 11 13 14]
 [14  7 10  2]
 [14 14  5 14]
 [ 6  1 15 13]
 [15 14 11 14]], 

=10 

=16 

[debug] move action_id=259, action=((6, 3), (5, 3)), 
[debug] current_player=0 (R), 
[debug] board[(6, 3)]=14, board[(5, 3)]=13, 
[debug] board state:
[[ 1 14 15  0]
 [14 14  9  8]
 [ 8 14 10 14]
 [15 11 13 14]
 [14  7 10  2]
 [14 14  5 13]
 [ 6  1 15 14]
 [15 14 11 14]], 

=10 

=16 

=12 a8 b8

[debug] move action_id=8, action=((0, 0), (0, 1)), 
[debug] current_player=1 (B), 
[debug] board[(0, 0)]=14, board[(0, 1)]=1, 
[debug] board state:
[[14  1 15  0]
 [14 14  9  8]
 [ 8 14 10 14]
 [15 11 13 14]
 [14  7 10  2]
 [14 14  5 13]
 [ 6  1 15 14]
 [15 14 11 14]], 

=10 

=16 

[debug] move action_id=119, action=((2, 2), (2, 1)), 
[debug] current_player=0 (R), 
[debug] board[(2, 2)]=14, board[(2, 1)]=10, 
[debug] board state:
[[14  1 15  0]
 [14 14  9  8]
 [ 8 10 14 14]
 [15 11 13 14]
 [14  7 10  2]
 [14 14  5 13]
 [ 6  1 15 14]
 [15 14 11 14]], 

=10 

=16 

=12 b8 a8

[debug] move action_id=19, action=((0, 1), (0, 0)), 
[debug] current_player=1 (B), 
[debug] board[(0, 1)]=14, board[(0, 0)]=1, 
[debug] board state:
[[ 1 14 15  0]
 [14 14  9  8]
 [ 8 10 14 14]
 [15 11 13 14]
 [14  7 10  2]
 [14 14  5 13]
