INITIAL
* 1:8am Feb 25, 2026
* a0_random vs a1_alphazero
* 1 2 2 2 2 2 5 1 2 2 2 2 2 5
* X X X X
* X X X X
* X X X X
* X X X X
* X X X X
* X X X X
* X X X X
* X X X X
* first 0
* time 900
* 1. a8(M) b8(n)
* 2. a6(p) c8(p)
* 3. a4(P) d8(C)
* 4. c7(N) a7(R)
* 5. a2(m) b7(P)
* 6. a3(p) b8-b7
* 7. c7-c8 b7-b8
* 8. c5(c) b8-c8
* 9. b4(g) c8-b8
* 10. c3(G) b8-c8
* 11. b3(C) c8-b8
* 12. b2(R) b8-c8
* 13. c2(p) c8-b8
* 14. a7-b7 b8-c8
* 15. b7-a7 c8-b8
* 16. a7-a6 b8-c8
* 17. a6-a7 c8-b8
* 18. c1(P) b8-c8
* 19. d3(n) c8-b8
* 20. c3-d3 b8-c8
* 21. d4(g) c8-b8
* 22. b3-c3 b8-c8
* 23. a8-b8 c8-d8
* 24. a7-b7 d8-c8
* 25. a4-a3 c8-d8
* 26. a3-b3 d8-c8
* 27. b5(M) c8-d8
* 28. c4(p) d8-c8
* 29. b7-a7 c8-d8
* 30. d7(P) d8-c8
* 31. d7-d8 c8-d8
* 32. a1(r) d8-c8
* 33. a7-b7 c8-d8
* 34. c6(G) d8-c8
* 35. b5-c5 c8-d8
* 36. b3-a3 d8-c8
* 37. a3-b3 c8-d8
* 38. d5(N) d8-c8
* 39. b6(c) b6-b8
* 40. d2(r) b8-a8
* 41. b3-a3 a8-b8
* 42. c5-c4 b8-a8
* 43. c4-c5 a8-b8
* 44. c5-c4 b8-a8
* 45. d6(k) a8-b8
* 46. d3-d4 b8-a8
* 47. d4-d3 a8-b8
* 48. d5-c5 b8-a8
* 49. c6-b6 a8-b8
* 50. c5-b5 b8-a8
* 51. c3-c8 a8-b8
* 52. d3-d4 b8-a8
* 53. c4-c5 a8-b8
* 54. a5(m) b8-a8
* 55. d1(P) a8-b8
* 56. c5-c4 b8-a8
* 57. b1(K) a8-b8
* 58. b2-c2 b8-a8
* 59. c8-d8 a8-b8
* 60. d4-d3 b8-a8
* 61. b7-c7 a8-b8
* 62. c7-c6 b8-a8
* 63. b5-c5 a8-b8
* 64. c2-b2 b8-a8
* 65. c6-c7 a8-b8
* 66. c7-d7 b8-a8
* 67. d8-d6 a8-b8
* 68. c4-d4 b8-a8
* 69. d3-d2 a8-b8
* 70. c5-c6 b8-a8
* 71. b2-b3 a8-b8
* 72. d4-c4 b8-a8
* 73. c4-d4 a8-b8
* 74. b6-b7 b8-a8
* 75. d4-d3 a8-b8
* 76. d2-c2 b8-a8
* 77. c6-b6 a8-b8
* 78. b1-b2 b8-a8
* 79. b7-c7 a8-b8
* 80. d1-d2 b8-a8
* 81. b6-b5 a8-b8
* 82. c1-b1 b8-a8
* 83. d6-d5 a8-b8
* 84. d7-d8 b8-a8
* 85. c7-c6 a8-b8
* 86. d5-d4 b8-a8
* 87. d4-d5 a8-b8
* 88. b2-a2 b8-a8
* 89. b1-c1 a8-b8
* 90. c1-b1 b8-a8
* 91. b5-b6 a8-b8
* 92. c2-c1 b8-a8
* 93. a2-a1 a8-b8
* 94. d3-c3 b8-a8
* 95. d5-c5 a8-b8
* 96. c3-c2 b8-a8
* 97. b3-c3 a8-b8
* 98. d8-c8 b8-a8
* 99. c6-d6 a8-b8
* 100. a3-a4 b8-a8
* 101. b6-a6 a8-b8
* 102. c8-b8 a5-a6
* 103. d2-d1 a6-a7
* 104. d6-d7 a7-a8
* 105. c2-d2 a8-b8
* 106. b1-b2 b8-a8
* 107. c5-c4 a8-b8
* 108. a4-a5 b8-a8
* 109. a5-b5 a8-b8
* 110. a1-a2 b8-a8
* 111. c3-c2 a8-b8
* 112. b5-a5 b8-a8
* 113. b2-b3 a8-b8
* 114. a5-b5 b8-a8
* 115. a2-b2 a8-b8
* 116. b2-b1 b8-a8
* 117. d7-c7 a8-b8
* 118. b5-a5 b8-a8
* 119. c4-c5 a8-b8
* 120. b3-c3 b8-a8
* 121. b1-b2 a8-b8
* 122. c5-c6 b8-a8
* 123. c3-d3 a8-b8
* 124. b2-b1 b8-a8
* 125. c7-d7 a8-b8
* 126. d3-c3 b8-a8
* 127. d7-c7 a8-b8
* 128. b1-a1 b8-a8
* 129. c7-d7 a8-b8
* 130. c6-c5 b8-a8
* 131. a5-b5 a8-b8
* 132. a1-a2 b8-a8
* 133. a2-b2 a8-b8
* 134. b2-b3 b8-a8
* 135. c5-d5 a8-b8
* 136. b5-c5 b8-a8
* 137. d2-d3 a8-b8
* 138. d3-d4 b8-a8
* 139. c2-d2 a8-b8
* 140. d7-c7 b8-a8
* 141. c5-b5 a8-b8
* 142. b5-a5 b8-a8
* 143. c7-b7 a8-b8
* 144. c1-c2 b8-a8
* 145. b3-a3 a8-b8
* 146. c2-c1 b8-a8
* 147. d5-c5 a8-b8
* 148. c5-d5 b8-a8
* 149. c3-d3 a8-b8
* 150. d5-c5 b8-a8
* 151. a3-a4 a8-b8
* 152. a5-b5 b8-a8
* 153. b7-b8 a8-a7
* 154. a4-a5 a7-a8
* 155. c5-c6 a8-a7
* 156. a5-a6 a7-a8
* 157. b8-b7 a8-b8
* 158. c1-c2 b8-a8
* 159. b5-b6 a8-b8
* 160. b7-a7 b8-a8
* 161. d4-d5 a8-b8
* 162. a7-a8 b8-c8
* 163. c2-c1 c8-b8
* 164. d2-c2 b8-c8
* 165. a6-a5 c8-b8
* NoEatFlipDraw a0_random Draw 0.500000,0.500000
* Comment 0 0
0. 1771952932413
1. 1771952932413
2. 1771952932947
3. 1771952933105
4. 1771952933498
5. 1771952933657
6. 1771952934049
7. 1771952934208
8. 1771952934601
9. 1771952934759
10. 1771952935102
11. 1771952935260
12. 1771952935603
13. 1771952935761
14. 1771952936154
15. 1771952936312
16. 1771952936655
17. 1771952936813
18. 1771952937156
19. 1771952937314
20. 1771952937657
21. 1771952937815
22. 1771952938158
23. 1771952938316
24. 1771952938660
25. 1771952938817
26. 1771952939160
27. 1771952939318
28. 1771952939661
29. 1771952939819
30. 1771952940162
31. 1771952940320
32. 1771952940663
33. 1771952940821
34. 1771952941164
35. 1771952941322
36. 1771952941665
37. 1771952941824
38. 1771952942167
39. 1771952942323
40. 1771952942667
41. 1771952942824
42. 1771952943169
43. 1771952943325
44. 1771952943670
45. 1771952943826
46. 1771952944171
47. 1771952944327
48. 1771952944672
49. 1771952944829
50. 1771952945173
51. 1771952945328
52. 1771952945675
53. 1771952945829
54. 1771952946176
55. 1771952946330
56. 1771952946677
57. 1771952946831
58. 1771952947178
59. 1771952947332
60. 1771952947679
61. 1771952947833
62. 1771952948180
63. 1771952948334
64. 1771952948681
65. 1771952948835
66. 1771952949182
67. 1771952949337
68. 1771952949684
69. 1771952949838
70. 1771952950184
71. 1771952950339
72. 1771952950685
73. 1771952950840
74. 1771952951186
75. 1771952951341
76. 1771952951688
77. 1771952951842
78. 1771952952189
79. 1771952952343
80. 1771952952690
81. 1771952952844
82. 1771952953191
83. 1771952953345
84. 1771952953693
85. 1771952953847
86. 1771952954193
87. 1771952954348
88. 1771952954694
89. 1771952954849
90. 1771952955195
91. 1771952955350
92. 1771952955697
93. 1771952955851
94. 1771952956198
95. 1771952956352
96. 1771952956699
97. 1771952956853
98. 1771952957199
99. 1771952957354
100. 1771952957702
101. 1771952957855
102. 1771952958202
103. 1771952958356
104. 1771952958703
105. 1771952958858
106. 1771952959204
107. 1771952959358
108. 1771952959705
109. 1771952959859
110. 1771952960205
111. 1771952960361
112. 1771952960706
113. 1771952960861
114. 1771952961207
115. 1771952961362
116. 1771952961709
117. 1771952961863
118. 1771952962211
119. 1771952962364
120. 1771952962711
121. 1771952962865
122. 1771952963213
123. 1771952963366
124. 1771952963714
125. 1771952963867
126. 1771952964215
127. 1771952964368
128. 1771952964716
129. 1771952964868
130. 1771952965217
131. 1771952965369
132. 1771952965718
133. 1771952965871
134. 1771952966219
135. 1771952966371
136. 1771952966720
137. 1771952966872
138. 1771952967221
139. 1771952967373
140. 1771952967723
141. 1771952967874
142. 1771952968223
143. 1771952968375
144. 1771952968724
145. 1771952968876
146. 1771952969226
147. 1771952969377
148. 1771952969727
149. 1771952969878
150. 1771952970229
151. 1771952970379
152. 1771952970730
153. 1771952970881
154. 1771952971231
155. 1771952971382
156. 1771952971732
157. 1771952971883
158. 1771952972233
159. 1771952972384
160. 1771952972735
161. 1771952972885
162. 1771952973237
163. 1771952973387
164. 1771952973737
165. 1771952973887
166. 1771952974240
167. 1771952974390
168. 1771952974741
169. 1771952974890
170. 1771952975243
171. 1771952975391
172. 1771952975744
173. 1771952975892
174. 1771952976245
175. 1771952976393
176. 1771952976747
177. 1771952976894
178. 1771952977248
179. 1771952977396
180. 1771952977749
181. 1771952977896
182. 1771952978251
183. 1771952978398
184. 1771952978752
185. 1771952978899
186. 1771952979255
187. 1771952979401
188. 1771952979756
189. 1771952979902
190. 1771952980257
191. 1771952980404
192. 1771952980759
193. 1771952980905
194. 1771952981262
195. 1771952981407
196. 1771952981762
197. 1771952981908
198. 1771952982264
199. 1771952982409
200. 1771952982764
201. 1771952982911
202. 1771952983265
203. 1771952983412
204. 1771952983766
205. 1771952983914
206. 1771952984268
207. 1771952984415
208. 1771952984769
209. 1771952984917
210. 1771952985270
211. 1771952985419
212. 1771952985772
213. 1771952985919
214. 1771952986272
215. 1771952986420
216. 1771952986773
217. 1771952986921
218. 1771952987274
219. 1771952987422
220. 1771952987776
221. 1771952987923
222. 1771952988276
223. 1771952988425
224. 1771952988777
225. 1771952988925
226. 1771952989278
227. 1771952989426
228. 1771952989780
229. 1771952989928
230. 1771952990280
231. 1771952990429
232. 1771952990781
233. 1771952990930
234. 1771952991283
235. 1771952991431
236. 1771952991784
237. 1771952991932
238. 1771952992285
239. 1771952992433
240. 1771952992786
241. 1771952992935
242. 1771952993287
243. 1771952993435
244. 1771952993788
245. 1771952993936
246. 1771952994289
247. 1771952994437
248. 1771952994791
249. 1771952994938
250. 1771952995292
251. 1771952995439
252. 1771952995793
253. 1771952995940
254. 1771952996294
255. 1771952996441
256. 1771952996795
257. 1771952996942
258. 1771952997296
259. 1771952997444
260. 1771952997797
261. 1771952997945
262. 1771952998299
263. 1771952998446
264. 1771952998800
265. 1771952998948
266. 1771952999301
267. 1771952999448
268. 1771952999802
269. 1771952999949
270. 1771953000303
271. 1771953000450
272. 1771953000804
273. 1771953000951
274. 1771953001305
275. 1771953001452
276. 1771953001806
277. 1771953001953
278. 1771953002308
279. 1771953002454
280. 1771953002808
281. 1771953002955
282. 1771953003309
283. 1771953003457
284. 1771953003811
285. 1771953003957
286. 1771953004312
287. 1771953004458
288. 1771953004814
289. 1771953004960
290. 1771953005314
291. 1771953005461
292. 1771953005815
293. 1771953005962
294. 1771953006317
295. 1771953006464
296. 1771953006817
297. 1771953006965
298. 1771953007319
299. 1771953007466
300. 1771953007820
301. 1771953007966
302. 1771953008321
303. 1771953008468
304. 1771953008822
305. 1771953008968
306. 1771953009323
307. 1771953009469
308. 1771953009824
309. 1771953009970
310. 1771953010325
311. 1771953010471
312. 1771953010826
313. 1771953010972
314. 1771953011327
315. 1771953011473
316. 1771953011829
317. 1771953011974
318. 1771953012330
319. 1771953012475
320. 1771953012832
321. 1771953012976
322. 1771953013332
323. 1771953013477
324. 1771953013834
325. 1771953013978
326. 1771953014334
327. 1771953014479
328. 1771953014836
329. 1771953014980
330. 1771953015338

# 10 27 29 63 65 99 101 135 137 171 173 207 209 243 245 279 281 315 317 351 353 387 389 423 425 459 461 495 497 531 533 567 569 603 605 639 641 675 677 711 713 747 749 783 785 819 821 855 857 891 893 927 929 963 965 999 1001 1035 1037 1071 1073 1107 1109 1143 1145 1179 1181 1215 1217 1251 1253 1287 1289 1323 1325 1359 1361 1395 1397 1431 1433 1467 1469 1503 1505 1539 1541 1575 1577 1611 1613 1647 1649 1683 1685 1719 1721 1755 1757 1791 1793 1827 1829 1863 1865 1899 1901 1935 1937 1971 1973 2007 2009 2043 2045 2079 2081 2115 2117 2151 2153 2187 2189 2223 2225 2259 2261 2295 2297 2331 2333 2367 2369 2403 2405 2439 2441 2475 2477 2511 2513 2547 2549 2583 2585 2619 2621 2655 2657 2691 2693 2727 2729 2763 2765 2799 2801 2835 2837 2871 2873 2907 2909 2943 2945 2979 2981 3015 3017 3051 3053 3087 3089 3123 3125 3159 3161 3195 3197 3231 3233 3267 3269 3303 3305 3339 3341 3375 3377 3411 3413 3447 3449 3483 3485 3519 3521 3555 3557 3591 3593 3627 3629 3663 3665 3699 3701 3735 3737 3771 3773 3807 3809 3843 3845 3879 3881 3915 3917 3951 3953 3987 3989 4023 4025 4059 4061 4095 4097 4131 4133 4167 4169 4203 4205 4239 4241 4275 4277 4311 4313 4347 4349 4383 4385 4419 4421 4455 4457 4491 4493 4527 4529 4563 4565 4599 4601 4635 4637 4671 4673 4707 4709 4743 4745 4779 4781 4815 4817 4851 4853 4887 4889 4923 4925 4959 4961 4995 4997 5031 5033 5067 5069 5103 5105 5139 5141 5175 5177 5211 5213 5247 5249 5283 5285 5319 5321 5355 5357 5391 5393 5427 5429 5463 5465 5499 5501 5535 5537 5571 5573 5607 5609 5643 5645 5679 5681 5715 5717 5751 5753 5787 5789 5823 5825 5859 5861 5895 5897 5931 5933 #
LightZero MGTP Interface Ready
=1 LightZero_DarkChess

=2 1.0.0

=7 

=15 

=14 

[debug] move action_id=0, action=((0, 0), (0, 0)), 
[debug] current_player=1 (B), 
[debug] board[(0, 0)]=2, board[(0, 0)]=2, 
[debug] board state:
[[ 2 15 15 15]
 [15 15 15 15]
 [15 15 15 15]
 [15 15 15 15]
 [15 15 15 15]
 [15 15 15 15]
 [15 15 15 15]
 [15 15 15 15]], 

=11 

=16 

=12 b8 b8

[debug] move action_id=11, action=((0, 1), (0, 1)), 
[debug] current_player=0 (R), 
[debug] board[(0, 1)]=11, board[(0, 1)]=11, 
[debug] board state:
[[ 2 11 15 15]
 [15 15 15 15]
 [15 15 15 15]
 [15 15 15 15]
 [15 15 15 15]
 [15 15 15 15]
 [15 15 15 15]
 [15 15 15 15]], 

=11 

=16 

[debug] move action_id=88, action=((2, 0), (2, 0)), 
[debug] current_player=1 (B), 
[debug] board[(2, 0)]=13, board[(2, 0)]=13, 
[debug] board state:
[[ 2 11 15 15]
 [15 15 15 15]
 [13 15 15 15]
 [15 15 15 15]
 [15 15 15 15]
 [15 15 15 15]
 [15 15 15 15]
 [15 15 15 15]], 

=11 

=16 

=12 c8 c8

[debug] move action_id=22, action=((0, 2), (0, 2)), 
[debug] current_player=0 (R), 
[debug] board[(0, 2)]=13, board[(0, 2)]=13, 
[debug] board state:
[[ 2 11 13 15]
 [15 15 15 15]
 [13 15 15 15]
 [15 15 15 15]
 [15 15 15 15]
 [15 15 15 15]
 [15 15 15 15]
 [15 15 15 15]], 

=11 

=16 

[debug] move action_id=176, action=((4, 0), (4, 0)), 
[debug] current_player=1 (B), 
[debug] board[(4, 0)]=6, board[(4, 0)]=6, 
[debug] board state:
[[ 2 11 13 15]
 [15 15 15 15]
 [13 15 15 15]
 [15 15 15 15]
 [ 6 15 15 15]
 [15 15 15 15]
 [15 15 15 15]
 [15 15 15 15]], 

=11 

=16 

=12 d8 d8

[debug] move action_id=33, action=((0, 3), (0, 3)), 
[debug] current_player=0 (R), 
[debug] board[(0, 3)]=5, board[(0, 3)]=5, 
[debug] board state:
[[ 2 11 13  5]
 [15 15 15 15]
 [13 15 15 15]
 [15 15 15 15]
 [ 6 15 15 15]
 [15 15 15 15]
 [15 15 15 15]
 [15 15 15 15]], 

=11 

=16 

[debug] move action_id=66, action=((1, 2), (1, 2)), 
[debug] current_player=1 (B), 
[debug] board[(1, 2)]=4, board[(1, 2)]=4, 
[debug] board state:
[[ 2 11 13  5]
 [15 15  4 15]
 [13 15 15 15]
 [15 15 15 15]
 [ 6 15 15 15]
 [15 15 15 15]
 [15 15 15 15]
 [15 15 15 15]], 

=11 

=16 

=12 a7 a7

[debug] move action_id=44, action=((1, 0), (1, 0)), 
[debug] current_player=0 (R), 
[debug] board[(1, 0)]=3, board[(1, 0)]=3, 
[debug] board state:
[[ 2 11 13  5]
 [ 3 15  4 15]
 [13 15 15 15]
 [15 15 15 15]
 [ 6 15 15 15]
 [15 15 15 15]
 [15 15 15 15]
 [15 15 15 15]], 

=11 

=16 

[debug] move action_id=264, action=((6, 0), (6, 0)), 
[debug] current_player=1 (B), 
[debug] board[(6, 0)]=9, board[(6, 0)]=9, 
[debug] board state:
[[ 2 11 13  5]
 [ 3 15  4 15]
 [13 15 15 15]
 [15 15 15 15]
 [ 6 15 15 15]
 [15 15 15 15]
 [ 9 15 15 15]
 [15 15 15 15]], 

=11 

=16 

=12 b7 b7

[debug] move action_id=55, action=((1, 1), (1, 1)), 
[debug] current_player=0 (R), 
[debug] board[(1, 1)]=6, board[(1, 1)]=6, 
[debug] board state:
[[ 2 11 13  5]
 [ 3  6  4 15]
 [13 15 15 15]
 [15 15 15 15]
 [ 6 15 15 15]
 [15 15 15 15]
 [ 9 15 15 15]
 [15 15 15 15]], 

=11 

=16 

[debug] move action_id=220, action=((5, 0), (5, 0)), 
[debug] current_player=1 (B), 
[debug] board[(5, 0)]=13, board[(5, 0)]=13, 
[debug] board state:
[[ 2 11 13  5]
 [ 3  6  4 15]
 [13 15 15 15]
 [15 15 15 15]
 [ 6 15 15 15]
 [13 15 15 15]
 [ 9 15 15 15]
 [15 15 15 15]], 

=11 

=16 

=12 b8 b7

[debug] move action_id=56, action=((0, 1), (1, 1)), 
[debug] current_player=0 (R), 
[debug] board[(0, 1)]=14, board[(1, 1)]=11, 
[debug] board state:
[[ 2 14 13  5]
 [ 3 11  4 15]
 [13 15 15 15]
 [15 15 15 15]
 [ 6 15 15 15]
 [13 15 15 15]
 [ 9 15 15 15]
 [15 15 15 15]], 

=10 

=16 

[debug] move action_id=23, action=((1, 2), (0, 2)), 
[debug] current_player=1 (B), 
[debug] board[(1, 2)]=14, board[(0, 2)]=4, 
[debug] board state:
[[ 2 14  4  5]
 [ 3 11 14 15]
 [13 15 15 15]
 [15 15 15 15]
 [ 6 15 15 15]
 [13 15 15 15]
 [ 9 15 15 15]
 [15 15 15 15]], 

=10 

=16 

=12 b7 b8

[debug] move action_id=12, action=((1, 1), (0, 1)), 
[debug] current_player=0 (R), 
[debug] board[(1, 1)]=14, board[(0, 1)]=11, 
[debug] board state:
[[ 2 11  4  5]
 [ 3 14 14 15]
 [13 15 15 15]
 [15 15 15 15]
 [ 6 15 15 15]
 [13 15 15 15]
 [ 9 15 15 15]
 [15 15 15 15]], 

=10 

=16 

[debug] move action_id=154, action=((3, 2), (3, 2)), 
[debug] current_player=1 (B), 
[debug] board[(3, 2)]=12, board[(3, 2)]=12, 
[debug] board state:
[[ 2 11  4  5]
 [ 3 14 14 15]
 [13 15 15 15]
 [15 15 12 15]
 [ 6 15 15 15]
 [13 15 15 15]
 [ 9 15 15 15]
 [15 15 15 15]], 

=11 

=16 

=12 b8 c8

[debug] move action_id=20, action=((0, 1), (0, 2)), 
[debug] current_player=0 (R), 
[debug] board[(0, 1)]=14, board[(0, 2)]=11, 
[debug] board state:
[[ 2 14 11  5]
 [ 3 14 14 15]
 [13 15 15 15]
 [15 15 12 15]
 [ 6 15 15 15]
 [13 15 15 15]
 [ 9 15 15 15]
 [15 15 15 15]], 

=10 

=16 

[debug] move action_id=187, action=((4, 1), (4, 1)), 
[debug] current_player=1 (B), 
[debug] board[(4, 1)]=8, board[(4, 1)]=8, 
[debug] board state:
[[ 2 14 11  5]
 [ 3 14 14 15]
 [13 15 15 15]
 [15 15 12 15]
 [ 6  8 15 15]
 [13 15 15 15]
 [ 9 15 15 15]
 [15 15 15 15]], 

=11 

=16 

=12 c8 b8

[debug] move action_id=31, action=((0, 2), (0, 1)), 
[debug] current_player=0 (R), 
[debug] board[(0, 2)]=14, board[(0, 1)]=11, 
[debug] board state:
[[ 2 11 14  5]
 [ 3 14 14 15]
 [13 15 15 15]
 [15 15 12 15]
 [ 6  8 15 15]
 [13 15 15 15]
 [ 9 15 15 15]
 [15 15 15 15]], 

=10 

=16 

[debug] move action_id=242, action=((5, 2), (5, 2)), 
[debug] current_player=1 (B), 
[debug] board[(5, 2)]=1, board[(5, 2)]=1, 
[debug] board state:
[[ 2 11 14  5]
 [ 3 14 14 15]
 [13 15 15 15]
 [15 15 12 15]
 [ 6  8 15 15]
 [13 15  1 15]
 [ 9 15 15 15]
 [15 15 15 15]], 

=11 

=16 

=12 b8 c8

[debug] move action_id=20, action=((0, 1), (0, 2)), 
[debug] current_player=0 (R), 
[debug] board[(0, 1)]=14, board[(0, 2)]=11, 
[debug] board state:
[[ 2 14 11  5]
 [ 3 14 14 15]
 [13 15 15 15]
 [15 15 12 15]
 [ 6  8 15 15]
 [13 15  1 15]
 [ 9 15 15 15]
 [15 15 15 15]], 

=10 

=16 

[debug] move action_id=231, action=((5, 1), (5, 1)), 
[debug] current_player=1 (B), 
[debug] board[(5, 1)]=5, board[(5, 1)]=5, 
[debug] board state:
[[ 2 14 11  5]
 [ 3 14 14 15]
 [13 15 15 15]
 [15 15 12 15]
 [ 6  8 15 15]
 [13  5  1 15]
 [ 9 15 15 15]
 [15 15 15 15]], 

=11 

=16 

=12 c8 b8

[debug] move action_id=31, action=((0, 2), (0, 1)), 
[debug] current_player=0 (R), 
[debug] board[(0, 2)]=14, board[(0, 1)]=11, 
[debug] board state:
[[ 2 11 14  5]
 [ 3 14 14 15]
 [13 15 15 15]
 [15 15 12 15]
 [ 6  8 15 15]
 [13  5  1 15]
 [ 9 15 15 15]
 [15 15 15 15]], 

=10 

=16 

[debug] move action_id=275, action=((6, 1), (6, 1)), 
[debug] current_player=1 (B), 
[debug] board[(6, 1)]=3, board[(6, 1)]=3, 
[debug] board state:
[[ 2 11 14  5]
 [ 3 14 14 15]
 [13 15 15 15]
 [15 15 12 15]
 [ 6  8 15 15]
 [13  5  1 15]
 [ 9  3 15 15]
 [15 15 15 15]], 

=11 

=16 

=12 b8 c8

[debug] move action_id=20, action=((0, 1), (0, 2)), 
[debug] current_player=0 (R), 
[debug] board[(0, 1)]=14, board[(0, 2)]=11, 
[debug] board state:
[[ 2 14 11  5]
 [ 3 14 14 15]
 [13 15 15 15]
 [15 15 12 15]
 [ 6  8 15 15]
 [13  5  1 15]
 [ 9  3 15 15]
 [15 15 15 15]], 

=10 

=16 

[debug] move action_id=286, action=((6, 2), (6, 2)), 
[debug] current_player=1 (B), 
[debug] board[(6, 2)]=13, board[(6, 2)]=13, 
[debug] board state:
[[ 2 14 11  5]
 [ 3 14 14 15]
 [13 15 15 15]
 [15 15 12 15]
 [ 6  8 15 15]
 [13  5  1 15]
 [ 9  3 13 15]
 [15 15 15 15]], 

=11 

=16 

=12 c8 b8

[debug] move action_id=31, action=((0, 2), (0, 1)), 
[debug] current_player=0 (R), 
[debug] board[(0, 2)]=14, board[(0, 1)]=11, 
[debug] board state:
[[ 2 11 14  5]
 [ 3 14 14 15]
 [13 15 15 15]
 [15 15 12 15]
 [ 6  8 15 15]
 [13  5  1 15]
 [ 9  3 13 15]
 [15 15 15 15]], 

=10 

=16 

[debug] move action_id=52, action=((1, 0), (1, 1)), 
[debug] current_player=1 (B), 
[debug] board[(1, 0)]=14, board[(1, 1)]=3, 
[debug] board state:
[[ 2 11 14  5]
 [14  3 14 15]
 [13 15 15 15]
 [15 15 12 15]
 [ 6  8 15 15]
 [13  5  1 15]
 [ 9  3 13 15]
 [15 15 15 15]], 

=10 

=16 

=12 b8 c8

[debug] move action_id=20, action=((0, 1), (0, 2)), 
[debug] current_player=0 (R), 
[debug] board[(0, 1)]=14, board[(0, 2)]=11, 
[debug] board state:
[[ 2 14 11  5]
 [14  3 14 15]
 [13 15 15 15]
 [15 15 12 15]
 [ 6  8 15 15]
 [13  5  1 15]
 [ 9  3 13 15]
 [15 15 15 15]], 

=10 

=16 

[debug] move action_id=63, action=((1, 1), (1, 0)), 
[debug] current_player=1 (B), 
[debug] board[(1, 1)]=14, board[(1, 0)]=3, 
[debug] board state:
[[ 2 14 11  5]
 [ 3 14 14 15]
 [13 15 15 15]
 [15 15 12 15]
 [ 6  8 15 15]
 [13  5  1 15]
 [ 9  3 13 15]
 [15 15 15 15]], 

=10 

=16 

=12 c8 b8

[debug] move action_id=31, action=((0, 2), (0, 1)), 
[debug] current_player=0 (R), 
[debug] board[(0, 2)]=14, board[(0, 1)]=11, 
[debug] board state:
[[ 2 11 14  5]
 [ 3 14 14 15]
 [13 15 15 15]
 [15 15 12 15]
 [ 6  8 15 15]
 [13  5  1 15]
 [ 9  3 13 15]
 [15 15 15 15]], 

=10 

=16 

[debug] move action_id=90, action=((1, 0), (2, 0)), 
[debug] current_player=1 (B), 
[debug] board[(1, 0)]=14, board[(2, 0)]=3, 
[debug] board state:
[[ 2 11 14  5]
 [14 14 14 15]
 [ 3 15 15 15]
 [15 15 12 15]
 [ 6  8 15 15]
 [13  5  1 15]
 [ 9  3 13 15]
 [15 15 15 15]], 

=10 

=16 

=12 b8 c8

[debug] move action_id=20, action=((0, 1), (0, 2)), 
[debug] current_player=0 (R), 
[debug] board[(0, 1)]=14, board[(0, 2)]=11, 
[debug] board state:
[[ 2 14 11  5]
 [14 14 14 15]
 [ 3 15 15 15]
 [15 15 12 15]
 [ 6  8 15 15]
 [13  5  1 15]
 [ 9  3 13 15]
 [15 15 15 15]], 

=10 

=16 

[debug] move action_id=46, action=((2, 0), (1, 0)), 
[debug] current_player=1 (B), 
[debug] board[(2, 0)]=14, board[(1, 0)]=3, 
[debug] board state:
[[ 2 14 11  5]
 [ 3 14 14 15]
 [14 15 15 15]
 [15 15 12 15]
 [ 6  8 15 15]
 [13  5  1 15]
 [ 9  3 13 15]
 [15 15 15 15]], 

=10 

=16 

=12 c8 b8

[debug] move action_id=31, action=((0, 2), (0, 1)), 
[debug] current_player=0 (R), 
[debug] board[(0, 2)]=14, board[(0, 1)]=11, 
[debug] board state:
[[ 2 11 14  5]
 [ 3 14 14 15]
 [14 15 15 15]
 [15 15 12 15]
 [ 6  8 15 15]
 [13  5  1 15]
 [ 9  3 13 15]
 [15 15 15 15]], 

=10 

=16 

[debug] move action_id=330, action=((7, 2), (7, 2)), 
[debug] current_player=1 (B), 
[debug] board[(7, 2)]=6, board[(7, 2)]=6, 
[debug] board state:
[[ 2 11 14  5]
 [ 3 14 14 15]
 [14 15 15 15]
 [15 15 12 15]
 [ 6  8 15 15]
 [13  5  1 15]
 [ 9  3 13 15]
 [15 15  6 15]], 

=11 

=16 

=12 b8 c8

[debug] move action_id=20, action=((0, 1), (0, 2)), 
[debug] current_player=0 (R), 
[debug] board[(0, 1)]=14, board[(0, 2)]=11, 
[debug] board state:
[[ 2 14 11  5]
 [ 3 14 14 15]
 [14 15 15 15]
 [15 15 12 15]
 [ 6  8 15 15]
 [13  5  1 15]
 [ 9  3 13 15]
 [15 15  6 15]], 

=10 

=16 

[debug] move action_id=253, action=((5, 3), (5, 3)), 
[debug] current_player=1 (B), 
[debug] board[(5, 3)]=11, board[(5, 3)]=11, 
[debug] board state:
[[ 2 14 11  5]
 [ 3 14 14 15]
 [14 15 15 15]
 [15 15 12 15]
 [ 6  8 15 15]
 [13  5  1 11]
 [ 9  3 13 15]
 [15 15  6 15]], 

=11 

=16 

=12 c8 b8

[debug] move action_id=31, action=((0, 2), (0, 1)), 
[debug] current_player=0 (R), 
[debug] board[(0, 2)]=14, board[(0, 1)]=11, 
[debug] board state:
[[ 2 11 14  5]
 [ 3 14 14 15]
 [14 15 15 15]
 [15 15 12 15]
 [ 6  8 15 15]
 [13  5  1 11]
 [ 9  3 13 15]
 [15 15  6 15]], 

=10 

=16 

[debug] move action_id=252, action=((5, 2), (5, 3)), 
[debug] current_player=1 (B), 
[debug] board[(5, 2)]=14, board[(5, 3)]=1, 
[debug] board state:
[[ 2 11 14  5]
 [ 3 14 14 15]
 [14 15 15 15]
 [15 15 12 15]
 [ 6  8 15 15]
 [13  5 14  1]
 [ 9  3 13 15]
 [15 15  6 15]], 

=10 

=16 

=12 b8 c8

[debug] move action_id=20, action=((0, 1), (0, 2)), 
[debug] current_player=0 (R), 
[debug] board[(0, 1)]=14, board[(0, 2)]=11, 
[debug] board state:
[[ 2 14 11  5]
 [ 3 14 14 15]
 [14 15 15 15]
 [15 15 12 15]
 [ 6  8 15 15]
 [13  5 14  1]
 [ 9  3 13 15]
 [15 15  6 15]], 

=10 

=16 

[debug] move action_id=209, action=((4, 3), (4, 3)), 
[debug] current_player=1 (B), 
[debug] board[(4, 3)]=8, board[(4, 3)]=8, 
[debug] board state:
[[ 2 14 11  5]
 [ 3 14 14 15]
 [14 15 15 15]
 [15 15 12 15]
 [ 6  8 15  8]
 [13  5 14  1]
 [ 9  3 13 15]
 [15 15  6 15]], 

=11 

=16 

=12 c8 b8

[debug] move action_id=31, action=((0, 2), (0, 1)), 
[debug] current_player=0 (R), 
[debug] board[(0, 2)]=14, board[(0, 1)]=11, 
[debug] board state:
[[ 2 11 14  5]
 [ 3 14 14 15]
 [14 15 15 15]
 [15 15 12 15]
 [ 6  8 15  8]
 [13  5 14  1]
 [ 9  3 13 15]
 [15 15  6 15]], 

=10 

=16 

[debug] move action_id=240, action=((5, 1), (5, 2)), 
[debug] current_player=1 (B), 
[debug] board[(5, 1)]=14, board[(5, 2)]=5, 
[debug] board state:
[[ 2 11 14  5]
 [ 3 14 14 15]
 [14 15 15 15]
 [15 15 12 15]
 [ 6  8 15  8]
 [13 14  5  1]
 [ 9  3 13 15]
 [15 15  6 15]], 

=10 

=16 

=12 b8 c8

[debug] move action_id=20, action=((0, 1), (0, 2)), 
[debug] current_player=0 (R), 
[debug] board[(0, 1)]=14, board[(0, 2)]=11, 
[debug] board state:
[[ 2 14 11  5]
 [ 3 14 14 15]
 [14 15 15 15]
 [15 15 12 15]
 [ 6  8 15  8]
 [13 14  5  1]
 [ 9  3 13 15]
 [15 15  6 15]], 

=10 

=16 

[debug] move action_id=8, action=((0, 0), (0, 1)), 
[debug] current_player=1 (B), 
[debug] board[(0, 0)]=14, board[(0, 1)]=2, 
[debug] board state:
[[14  2 11  5]
 [ 3 14 14 15]
 [14 15 15 15]
 [15 15 12 15]
 [ 6  8 15  8]
 [13 14  5  1]
 [ 9  3 13 15]
 [15 15  6 15]], 

=10 

=16 

=12 c8 d8

[debug] move action_id=32, action=((0, 2), (0, 3)), 
[debug] current_player=0 (R), 
[debug] board[(0, 2)]=14, board[(0, 3)]=11, 
[debug] board state:
[[14  2 14 11]
 [ 3 14 14 15]
 [14 15 15 15]
 [15 15 12 15]
 [ 6  8 15  8]
 [13 14  5  1]
 [ 9  3 13 15]
 [15 15  6 15]], 

=10 

=16 

[debug] move action_id=52, action=((1, 0), (1, 1)), 
[debug] current_player=1 (B), 
[debug] board[(1, 0)]=14, board[(1, 1)]=3, 
[debug] board state:
[[14  2 14 11]
 [14  3 14 15]
 [14 15 15 15]
 [15 15 12 15]
 [ 6  8 15  8]
 [13 14  5  1]
 [ 9  3 13 15]
 [15 15  6 15]], 

=10 

=16 

=12 d8 c8

[debug] move action_id=43, action=((0, 3), (0, 2)), 
[debug] current_player=0 (R), 
[debug] board[(0, 3)]=14, board[(0, 2)]=11, 
[debug] board state:
[[14  2 11 14]
 [14  3 14 15]
 [14 15 15 15]
 [15 15 12 15]
 [ 6  8 15  8]
 [13 14  5  1]
 [ 9  3 13 15]
 [15 15  6 15]], 

=10 

=16 

[debug] move action_id=225, action=((4, 0), (5, 0)), 
[debug] current_player=1 (B), 
[debug] board[(4, 0)]=14, board[(5, 0)]=6, 
[debug] board state:
[[14  2 11 14]
 [14  3 14 15]
 [14 15 15 15]
 [15 15 12 15]
 [14  8 15  8]
 [ 6 14  5  1]
 [ 9  3 13 15]
 [15 15  6 15]], 

=10 

=16 

=12 c8 d8

[debug] move action_id=32, action=((0, 2), (0, 3)), 
[debug] current_player=0 (R), 
[debug] board[(0, 2)]=14, board[(0, 3)]=11, 
[debug] board state:
[[14  2 14 11]
 [14  3 14 15]
 [14 15 15 15]
 [15 15 12 15]
 [14  8 15  8]
 [ 6 14  5  1]
 [ 9  3 13 15]
 [15 15  6 15]], 

=10 

=16 

[debug] move action_id=228, action=((5, 0), (5, 1)), 
[debug] current_player=1 (B), 
[debug] board[(5, 0)]=14, board[(5, 1)]=6, 
[debug] board state:
[[14  2 14 11]
 [14  3 14 15]
 [14 15 15 15]
 [15 15 12 15]
 [14  8 15  8]
 [14  6  5  1]
 [ 9  3 13 15]
 [15 15  6 15]], 

=10 

=16 

=12 d8 c8

[debug] move action_id=43, action=((0, 3), (0, 2)), 
[debug] current_player=0 (R), 
[debug] board[(0, 3)]=14, board[(0, 2)]=11, 
[debug] board state:
[[14  2 11 14]
 [14  3 14 15]
 [14 15 15 15]
 [15 15 12 15]
 [14  8 15  8]
 [14  6  5  1]
 [ 9  3 13 15]
 [15 15  6 15]], 

=10 

=16 

[debug] move action_id=143, action=((3, 1), (3, 1)), 
[debug] current_player=1 (B), 
[debug] board[(3, 1)]=2, board[(3, 1)]=2, 
[debug] board state:
[[14  2 11 14]
 [14  3 14 15]
 [14 15 15 15]
 [15  2 12 15]
 [14  8 15  8]
 [14  6  5  1]
 [ 9  3 13 15]
 [15 15  6 15]], 

=11 

=16 

=12 c8 d8

[debug] move action_id=32, action=((0, 2), (0, 3)), 
[debug] current_player=0 (R), 
[debug] board[(0, 2)]=14, board[(0, 3)]=11, 
[debug] board state:
[[14  2 14 11]
 [14  3 14 15]
 [14 15 15 15]
 [15  2 12 15]
 [14  8 15  8]
 [14  6  5  1]
 [ 9  3 13 15]
 [15 15  6 15]], 

=10 

=16 

[debug] move action_id=198, action=((4, 2), (4, 2)), 
[debug] current_player=1 (B), 
[debug] board[(4, 2)]=13, board[(4, 2)]=13, 
[debug] board state:
[[14  2 14 11]
 [14  3 14 15]
 [14 15 15 15]
 [15  2 12 15]
 [14  8 13  8]
 [14  6  5  1]
 [ 9  3 13 15]
 [15 15  6 15]], 

=11 

=16 

=12 d8 c8

[debug] move action_id=43, action=((0, 3), (0, 2)), 
[debug] current_player=0 (R), 
[debug] board[(0, 3)]=14, board[(0, 2)]=11, 
[debug] board state:
[[14  2 11 14]
 [14  3 14 15]
 [14 15 15 15]
 [15  2 12 15]
 [14  8 13  8]
 [14  6  5  1]
 [ 9  3 13 15]
 [15 15  6 15]], 

=10 

=16 

[debug] move action_id=63, action=((1, 1), (1, 0)), 
[debug] current_player=1 (B), 
[debug] board[(1, 1)]=14, board[(1, 0)]=3, 
[debug] board state:
[[14  2 11 14]
 [ 3 14 14 15]
 [14 15 15 15]
 [15  2 12 15]
 [14  8 13  8]
 [14  6  5  1]
 [ 9  3 13 15]
 [15 15  6 15]], 

=10 

=16 

=12 c8 d8

[debug] move action_id=32, action=((0, 2), (0, 3)), 
[debug] current_player=0 (R), 
[debug] board[(0, 2)]=14, board[(0, 3)]=11, 
[debug] board state:
[[14  2 14 11]
 [ 3 14 14 15]
 [14 15 15 15]
 [15  2 12 15]
 [14  8 13  8]
 [14  6  5  1]
 [ 9  3 13 15]
 [15 15  6 15]], 

=10 

=16 

[debug] move action_id=77, action=((1, 3), (1, 3)), 
[debug] current_player=1 (B), 
[debug] board[(1, 3)]=6, board[(1, 3)]=6, 
[debug] board state:
[[14  2 14 11]
 [ 3 14 14  6]
 [14 15 15 15]
 [15  2 12 15]
 [14  8 13  8]
 [14  6  5  1]
 [ 9  3 13 15]
 [15 15  6 15]], 

=11 

=16 

=12 d8 c8

[debug] move action_id=43, action=((0, 3), (0, 2)), 
[debug] current_player=0 (R), 
[debug] board[(0, 3)]=14, board[(0, 2)]=11, 
[debug] board state:
[[14  2 11 14]
 [ 3 14 14  6]
 [14 15 15 15]
 [15  2 12 15]
 [14  8 13  8]
 [14  6  5  1]
 [ 9  3 13 15]
 [15 15  6 15]], 

=10 

=16 

[debug] move action_id=34, action=((1, 3), (0, 3)), 
[debug] current_player=1 (B), 
[debug] board[(1, 3)]=14, board[(0, 3)]=6, 
[debug] board state:
[[14  2 11  6]
 [ 3 14 14 14]
 [14 15 15 15]
 [15  2 12 15]
 [14  8 13  8]
 [14  6  5  1]
 [ 9  3 13 15]
 [15 15  6 15]], 

=10 

=16 

=12 c8 d8

[debug] move action_id=32, action=((0, 2), (0, 3)), 
[debug] current_player=0 (R), 
[debug] board[(0, 2)]=14, board[(0, 3)]=11, 
[debug] board state:
[[14  2 14 11]
 [ 3 14 14 14]
 [14 15 15 15]
 [15  2 12 15]
 [14  8 13  8]
 [14  6  5  1]
 [ 9  3 13 15]
 [15 15  6 15]], 

=10 

=16 

[debug] move action_id=308, action=((7, 0), (7, 0)), 
[debug] current_player=1 (B), 
[debug] board[(7, 0)]=10, board[(7, 0)]=10, 
[debug] board state:
[[14  2 14 11]
 [ 3 14 14 14]
 [14 15 15 15]
 [15  2 12 15]
 [14  8 13  8]
 [14  6  5  1]
 [ 9  3 13 15]
 [10 15  6 15]], 

=11 

=16 

=12 d8 c8

[debug] move action_id=43, action=((0, 3), (0, 2)), 
[debug] current_player=0 (R), 
[debug] board[(0, 3)]=14, board[(0, 2)]=11, 
[debug] board state:
[[14  2 11 14]
 [ 3 14 14 14]
 [14 15 15 15]
 [15  2 12 15]
 [14  8 13  8]
 [14  6  5  1]
 [ 9  3 13 15]
 [10 15  6 15]], 

=10 

=16 

[debug] move action_id=52, action=((1, 0), (1, 1)), 
[debug] current_player=1 (B), 
[debug] board[(1, 0)]=14, board[(1, 1)]=3, 
[debug] board state:
[[14  2 11 14]
 [14  3 14 14]
 [14 15 15 15]
 [15  2 12 15]
 [14  8 13  8]
 [14  6  5  1]
 [ 9  3 13 15]
 [10 15  6 15]], 

=10 

=16 

=12 c8 d8

[debug] move action_id=32, action=((0, 2), (0, 3)), 
[debug] current_player=0 (R), 
[debug] board[(0, 2)]=14, board[(0, 3)]=11, 
[debug] board state:
[[14  2 14 11]
 [14  3 14 14]
 [14 15 15 15]
 [15  2 12 15]
 [14  8 13  8]
 [14  6  5  1]
 [ 9  3 13 15]
 [10 15  6 15]], 

=10 

=16 

[debug] move action_id=110, action=((2, 2), (2, 2)), 
[debug] current_player=1 (B), 
[debug] board[(2, 2)]=1, board[(2, 2)]=1, 
[debug] board state:
[[14  2 14 11]
 [14  3 14 14]
 [14 15  1 15]
 [15  2 12 15]
 [14  8 13  8]
 [14  6  5  1]
 [ 9  3 13 15]
 [10 15  6 15]], 

=11 

=16 

=12 d8 c8

[debug] move action_id=43, action=((0, 3), (0, 2)), 
[debug] current_player=0 (R), 
[debug] board[(0, 3)]=14, board[(0, 2)]=11, 
[debug] board state:
[[14  2 11 14]
 [14  3 14 14]
 [14 15  1 15]
 [15  2 12 15]
 [14  8 13  8]
 [14  6  5  1]
 [ 9  3 13 15]
 [10 15  6 15]], 

=10 

=16 

[debug] move action_id=152, action=((3, 1), (3, 2)), 
[debug] current_player=1 (B), 
[debug] board[(3, 1)]=14, board[(3, 2)]=2, 
[debug] board state:
[[14  2 11 14]
 [14  3 14 14]
 [14 15  1 15]
 [15 14  2 15]
 [14  8 13  8]
 [14  6  5  1]
 [ 9  3 13 15]
 [10 15  6 15]], 

=10 

=16 

=12 c8 d8

[debug] move action_id=32, action=((0, 2), (0, 3)), 
[debug] current_player=0 (R), 
[debug] board[(0, 2)]=14, board[(0, 3)]=11, 
[debug] board state:
[[14  2 14 11]
 [14  3 14 14]
 [14 15  1 15]
 [15 14  2 15]
 [14  8 13  8]
 [14  6  5  1]
 [ 9  3 13 15]
 [10 15  6 15]], 

=10 

=16 

[debug] move action_id=239, action=((5, 1), (5, 0)), 
[debug] current_player=1 (B), 
[debug] board[(5, 1)]=14, board[(5, 0)]=6, 
[debug] board state:
[[14  2 14 11]
 [14  3 14 14]
 [14 15  1 15]
 [15 14  2 15]
 [14  8 13  8]
 [ 6 14  5  1]
 [ 9  3 13 15]
 [10 15  6 15]], 

=10 

=16 

=12 d8 c8

[debug] move action_id=43, action=((0, 3), (0, 2)), 
[debug] current_player=0 (R), 
[debug] board[(0, 3)]=14, board[(0, 2)]=11, 
[debug] board state:
[[14  2 11 14]
 [14  3 14 14]
 [14 15  1 15]
 [15 14  2 15]
 [14  8 13  8]
 [ 6 14  5  1]
 [ 9  3 13 15]
 [10 15  6 15]], 

=10 

=16 

[debug] move action_id=228, action=((5, 0), (5, 1)), 
[debug] current_player=1 (B), 
[debug] board[(5, 0)]=14, board[(5, 1)]=6, 
[debug] board state:
[[14  2 11 14]
 [14  3 14 14]
 [14 15  1 15]
 [15 14  2 15]
 [14  8 13  8]
 [14  6  5  1]
 [ 9  3 13 15]
 [10 15  6 15]], 

=10 

=16 

=12 c8 d8

[debug] move action_id=32, action=((0, 2), (0, 3)), 
[debug] current_player=0 (R), 
[debug] board[(0, 2)]=14, board[(0, 3)]=11, 
[debug] board state:
[[14  2 14 11]
 [14  3 14 14]
 [14 15  1 15]
 [15 14  2 15]
 [14  8 13  8]
 [14  6  5  1]
 [ 9  3 13 15]
 [10 15  6 15]], 

=10 

=16 

[debug] move action_id=165, action=((3, 3), (3, 3)), 
[debug] current_player=1 (B), 
[debug] board[(3, 3)]=4, board[(3, 3)]=4, 
[debug] board state:
[[14  2 14 11]
 [14  3 14 14]
 [14 15  1 15]
 [15 14  2  4]
 [14  8 13  8]
 [14  6  5  1]
 [ 9  3 13 15]
 [10 15  6 15]], 

=11 

=16 

=12 d8 c8

[debug] move action_id=43, action=((0, 3), (0, 2)), 
[debug] current_player=0 (R), 
[debug] board[(0, 3)]=14, board[(0, 2)]=11, 
[debug] board state:
[[14  2 11 14]
 [14  3 14 14]
 [14 15  1 15]
 [15 14  2  4]
 [14  8 13  8]
 [14  6  5  1]
 [ 9  3 13 15]
 [10 15  6 15]], 

=10 

=16 

[debug] move action_id=99, action=((2, 1), (2, 1)), 
[debug] current_player=1 (B), 
[debug] board[(2, 1)]=12, board[(2, 1)]=12, 
[debug] board state:
[[14  2 11 14]
 [14  3 14 14]
 [14 12  1 15]
 [15 14  2  4]
 [14  8 13  8]
 [14  6  5  1]
 [ 9  3 13 15]
 [10 15  6 15]], 

=11 

=16 

=12 b6 b8

[debug] move action_id=13, action=((2, 1), (0, 1)), 
[debug] current_player=0 (R), 
[debug] board[(2, 1)]=14, board[(0, 1)]=12, 
[debug] board state:
[[14 12 11 14]
 [14  3 14 14]
 [14 14  1 15]
 [15 14  2  4]
 [14  8 13  8]
 [14  6  5  1]
 [ 9  3 13 15]
 [10 15  6 15]], 

=10 

=16 

[debug] move action_id=297, action=((6, 3), (6, 3)), 
[debug] current_player=1 (B), 
[debug] board[(6, 3)]=10, board[(6, 3)]=10, 
[debug] board state:
[[14 12 11 14]
 [14  3 14 14]
 [14 14  1 15]
 [15 14  2  4]
 [14  8 13  8]
 [14  6  5  1]
 [ 9  3 13 10]
 [10 15  6 15]], 

=11 

=16 

=12 b8 a8

[debug] move action_id=19, action=((0, 1), (0, 0)), 
[debug] current_player=0 (R), 
[debug] board[(0, 1)]=14, board[(0, 0)]=12, 
[debug] board state:
[[12 14 11 14]
 [14  3 14 14]
 [14 14  1 15]
 [15 14  2  4]
 [14  8 13  8]
 [14  6  5  1]
 [ 9  3 13 10]
 [10 15  6 15]], 

=10 

=16 

[debug] move action_id=239, action=((5, 1), (5, 0)), 
[debug] current_player=1 (B), 
[debug] board[(5, 1)]=14, board[(5, 0)]=6, 
[debug] board state:
[[12 14 11 14]
 [14  3 14 14]
 [14 14  1 15]
 [15 14  2  4]
 [14  8 13  8]
 [ 6 14  5  1]
 [ 9  3 13 10]
 [10 15  6 15]], 

=10 

=16 

=12 a8 b8

[debug] move action_id=8, action=((0, 0), (0, 1)), 
[debug] current_player=0 (R), 
[debug] board[(0, 0)]=14, board[(0, 1)]=12, 
[debug] board state:
[[14 12 11 14]
 [14  3 14 14]
 [14 14  1 15]
 [15 14  2  4]
 [14  8 13  8]
 [ 6 14  5  1]
 [ 9  3 13 10]
 [10 15  6 15]], 

=10 

=16 

[debug] move action_id=202, action=((3, 2), (4, 2)), 
[debug] current_player=1 (B), 
[debug] board[(3, 2)]=14, board[(4, 2)]=2, 
[debug] board state:
[[14 12 11 14]
 [14  3 14 14]
 [14 14  1 15]
 [15 14 14  4]
 [14  8  2  8]
 [ 6 14  5  1]
 [ 9  3 13 10]
 [10 15  6 15]], 

=10 

=16 

=12 b8 a8

[debug] move action_id=19, action=((0, 1), (0, 0)), 
[debug] current_player=0 (R), 
[debug] board[(0, 1)]=14, board[(0, 0)]=12, 
[debug] board state:
[[12 14 11 14]
 [14  3 14 14]
 [14 14  1 15]
 [15 14 14  4]
 [14  8  2  8]
 [ 6 14  5  1]
 [ 9  3 13 10]
 [10 15  6 15]], 

=10 

=16 

[debug] move action_id=158, action=((4, 2), (3, 2)), 
[debug] current_player=1 (B), 
[debug] board[(4, 2)]=14, board[(3, 2)]=2, 
[debug] board state:
[[12 14 11 14]
 [14  3 14 14]
 [14 14  1 15]
 [15 14  2  4]
 [14  8 14  8]
 [ 6 14  5  1]
 [ 9  3 13 10]
 [10 15  6 15]], 

=10 

=16 

=12 a8 b8

[debug] move action_id=8, action=((0, 0), (0, 1)), 
[debug] current_player=0 (R), 
[debug] board[(0, 0)]=14, board[(0, 1)]=12, 
[debug] board state:
[[14 12 11 14]
 [14  3 14 14]
 [14 14  1 15]
 [15 14  2  4]
 [14  8 14  8]
 [ 6 14  5  1]
 [ 9  3 13 10]
 [10 15  6 15]], 

=10 

=16 

[debug] move action_id=202, action=((3, 2), (4, 2)), 
[debug] current_player=1 (B), 
[debug] board[(3, 2)]=14, board[(4, 2)]=2, 
[debug] board state:
[[14 12 11 14]
 [14  3 14 14]
 [14 14  1 15]
 [15 14 14  4]
 [14  8  2  8]
 [ 6 14  5  1]
 [ 9  3 13 10]
 [10 15  6 15]], 

=10 

=16 

=12 b8 a8

[debug] move action_id=19, action=((0, 1), (0, 0)), 
[debug] current_player=0 (R), 
[debug] board[(0, 1)]=14, board[(0, 0)]=12, 
[debug] board state:
[[12 14 11 14]
 [14  3 14 14]
 [14 14  1 15]
 [15 14 14  4]
 [14  8  2  8]
 [ 6 14  5  1]
 [ 9  3 13 10]
 [10 15  6 15]], 

=10 

=16 

[debug] move action_id=121, action=((2, 3), (2, 3)), 
[debug] current_player=1 (B), 
[debug] board[(2, 3)]=7, board[(2, 3)]=7, 
[debug] board state:
[[12 14 11 14]
 [14  3 14 14]
 [14 14  1  7]
 [15 14 14  4]
 [14  8  2  8]
 [ 6 14  5  1]
 [ 9  3 13 10]
 [10 15  6 15]], 

=11 

=16 

=12 a8 b8

[debug] move action_id=8, action=((0, 0), (0, 1)), 
[debug] current_player=0 (R), 
[debug] board[(0, 0)]=14, board[(0, 1)]=12, 
[debug] board state:
[[14 12 11 14]
 [14  3 14 14]
 [14 14  1  7]
 [15 14 14  4]
 [14  8  2  8]
 [ 6 14  5  1]
 [ 9  3 13 10]
 [10 15  6 15]], 

=10 

=16 

[debug] move action_id=214, action=((5, 3), (4, 3)), 
[debug] current_player=1 (B), 
[debug] board[(5, 3)]=14, board[(4, 3)]=1, 
[debug] board state:
[[14 12 11 14]
 [14  3 14 14]
 [14 14  1  7]
 [15 14 14  4]
 [14  8  2  1]
 [ 6 14  5 14]
 [ 9  3 13 10]
 [10 15  6 15]], 

=10 

=16 

=12 b8 a8

[debug] move action_id=19, action=((0, 1), (0, 0)), 
[debug] current_player=0 (R), 
[debug] board[(0, 1)]=14, board[(0, 0)]=12, 
[debug] board state:
[[12 14 11 14]
 [14  3 14 14]
 [14 14  1  7]
 [15 14 14  4]
 [14  8  2  1]
 [ 6 14  5 14]
 [ 9  3 13 10]
 [10 15  6 15]], 

=10 

=16 

[debug] move action_id=258, action=((4, 3), (5, 3)), 
[debug] current_player=1 (B), 
[debug] board[(4, 3)]=14, board[(5, 3)]=1, 
[debug] board state:
[[12 14 11 14]
 [14  3 14 14]
 [14 14  1  7]
 [15 14 14  4]
 [14  8  2 14]
 [ 6 14  5  1]
 [ 9  3 13 10]
 [10 15  6 15]], 

=10 

=16 

=12 a8 b8

[debug] move action_id=8, action=((0, 0), (0, 1)), 
[debug] current_player=0 (R), 
[debug] board[(0, 0)]=14, board[(0, 1)]=12, 
[debug] board state:
[[14 12 11 14]
 [14  3 14 14]
 [14 14  1  7]
 [15 14 14  4]
 [14  8  2 14]
 [ 6 14  5  1]
 [ 9  3 13 10]
 [10 15  6 15]], 

=10 

=16 

[debug] move action_id=175, action=((3, 3), (3, 2)), 
[debug] current_player=1 (B), 
[debug] board[(3, 3)]=14, board[(3, 2)]=4, 
[debug] board state:
[[14 12 11 14]
 [14  3 14 14]
 [14 14  1  7]
 [15 14  4 14]
 [14  8  2 14]
 [ 6 14  5  1]
 [ 9  3 13 10]
 [10 15  6 15]], 

=10 

=16 

=12 b8 a8

[debug] move action_id=19, action=((0, 1), (0, 0)), 
[debug] current_player=0 (R), 
[debug] board[(0, 1)]=14, board[(0, 0)]=12, 
[debug] board state:
[[12 14 11 14]
 [14  3 14 14]
 [14 14  1  7]
 [15 14  4 14]
 [14  8  2 14]
 [ 6 14  5  1]
 [ 9  3 13 10]
 [10 15  6 15]], 

=10 

=16 

[debug] move action_id=119, action=((2, 2), (2, 1)), 
[debug] current_player=1 (B), 
[debug] board[(2, 2)]=14, board[(2, 1)]=1, 
[debug] board state:
[[12 14 11 14]
 [14  3 14 14]
 [14  1 14  7]
 [15 14  4 14]
 [14  8  2 14]
 [ 6 14  5  1]
 [ 9  3 13 10]
 [10 15  6 15]], 

=10 

=16 

=12 a8 b8

[debug] move action_id=8, action=((0, 0), (0, 1)), 
[debug] current_player=0 (R), 
[debug] board[(0, 0)]=14, board[(0, 1)]=12, 
[debug] board state:
[[14 12 11 14]
 [14  3 14 14]
 [14  1 14  7]
 [15 14  4 14]
 [14  8  2 14]
 [ 6 14  5  1]
 [ 9  3 13 10]
 [10 15  6 15]], 

=10 

=16 

[debug] move action_id=163, action=((3, 2), (3, 1)), 
[debug] current_player=1 (B), 
[debug] board[(3, 2)]=14, board[(3, 1)]=4, 
[debug] board state:
[[14 12 11 14]
 [14  3 14 14]
 [14  1 14  7]
 [15  4 14 14]
 [14  8  2 14]
 [ 6 14  5  1]
 [ 9  3 13 10]
 [10 15  6 15]], 

=10 

=16 

=12 b8 a8

