INITIAL
* 3:47am Feb 25, 2026
* a0_random vs a1_alphazero
* 1 2 2 2 2 2 5 1 2 2 2 2 2 5
* X X X X
* X X X X
* X X X X
* X X X X
* X X X X
* X X X X
* X X X X
* X X X X
* first 1
* time 900
* 1. a8(p) b8(G)
* 2. c3(M) b8-a8
* 3. a4(k) a8-b8
* 4. c8(M) b8-a8
* 5. c2(g) a8-b8
* 6. d7(m) b8-a8
* 7. b7(P) a8-b8
* 8. c7(p) b8-a8
* 9. d8(n) a8-b8
* 10. c2-c3 b8-a8
* 11. a3(p) a8-b8
* 12. c7-b7 b8-a8
* 13. c4(R) a8-b8
* 14. d3(C) b8-a8
* 15. c1(P) a8-b8
* 16. d1(P) b8-a8
* 17. c3-c2 a8-b8
* 18. c6(r) b8-a8
* 19. a5(R) a8-b8
* 20. d2(c) b8-a8
* 21. d4(c) a8-b8
* 22. c6-c7 b8-a8
* 23. c7-c6 a8-b8
* 24. c2-c3 b8-a8
* 25. a7(C) a8-b8
* 26. b7-c7 a7-a8
* 27. b5(n) c8-d8
* 28. b4(N) b8-c8
* 29. b3(K) a8-b8
* 30. d2-c2 b8-a8
* 31. a6(p) a8-b8
* 32. a1(m) b8-a8
* 33. a4-a5 a8-b8
* 34. d6(g) b8-a8
* 35. a6-a7 a8-b8
* 36. b2(G) b8-a8
* 37. c3-d3 a8-b8
* 38. a7-a6 b8-a8
* 39. d3-d2 a8-b8
* 40. d5(P) b8-a8
* 41. d4-d3 a8-b8
* 42. c5(p) b8-a8
* 43. a3-b3 a8-b8
* 44. b5-b4 b8-a8
* 45. b1(N) a8-b8
* 46. d3-d4 b8-a8
* 47. d6-d5 a8-b8
* 48. a5-b5 b8-a8
* 49. d5-d6 a8-b8
* 50. d4-d1 b8-a8
* 51. d2-d3 a8-b8
* 52. b4-a4 b8-a8
* 53. d3-c3 a8-b8
* 54. a4-a5 b8-a8
* 55. c2-c4 a8-b8
* 56. d1-b1 b8-a8
* 57. d6-d5 a8-b8
* 58. d5-d6 b8-a8
* 59. b3-b4 a8-b8
* 60. a5-a4 b8-a8
* 61. c3-c2 a8-b8
* 62. c2-c3 b8-a8
* 63. a6-a5 a8-b8
* 64. c3-b3 b8-a8
* 65. a4-a3 a8-b8
* 66. b3-b2 b8-a8
* 67. d6-d5 a8-b8
* 68. a5-a6 b8-a8
* 69. d5-d6 a8-b8
* 70. c7-b7 b8-a8
* 71. b7-b8 c8-b8
* 72. b5-a5 b8-c8
* 73. a3-b3 a8-b8
* 74. b6(P) b8-a8
* 75. c6-b6 a8-b8
* 76. d7-d8 b8-a8
* 77. c4-c8 a8-b8
* 78. c8-c7 b8-a8
* 79. b3-c3 a8-b8
* 80. c5-c4 b8-a8
* 81. c4-c5 a8-b8
* 82. c5-c6 b8-a8
* 83. c3-b3 a8-b8
* 84. c7-b7 b8-a8
* 85. b4-b5 a8-b8
* 86. b3-c3 b8-a8
* 87. b2-b3 a8-b8
* 88. c3-c4 b8-a8
* 89. b7-a7 a8-b8
* 90. b3-c3 b8-a8
* 91. c4-c5 a8-b8
* 92. b6-b7 b8-a8
* 93. b5-b4 a8-b8
* 94. d6-d7 b8-a8
* 95. c3-d3 a8-b8
* 96. b7-b6 b8-a8
* 97. d3-c3 a8-b8
* 98. c5-c4 b8-a8
* 99. d7-c7 a8-b8
* 100. c6-c5 b8-a8
* 101. a7-b7 a8-b8
* 102. a6-a7 b8-a8
* 103. b6-a6 a8-b8
* 104. c7-d7 b8-a8
* 105. b7-b8 a8-d8
* 106. b1-b2 d8-c8
* 107. d7-c7 c8-d8
* 108. b4-b5 d8-c8
* 109. c7-c8 a2(r)
* 110. b2-b1 c1-c2
* 111. c3-d3 c2-c3
* 112. c4-b4 c3-c4
* 113. d3-d2 c4-c5
* 114. a2-a3 c5-c6
* 115. b1-b2 c6-c7
* 116. b5-b6 c7-b7
* 117. a1-b1 b7-a7
* 118. b4-b3 a7-a8
* 119. a6-a7
* NoMove a0_random Wins 1.000000,0.000000
* Comment 0 0
0. 1771962460093
1. 1771962460093
2. 1771962460589
3. 1771962460735
4. 1771962461140
5. 1771962461287
6. 1771962461642
7. 1771962461788
8. 1771962462143
9. 1771962462289
10. 1771962462696
11. 1771962462841
12. 1771962463196
13. 1771962463342
14. 1771962463698
15. 1771962463844
16. 1771962464199
17. 1771962464345
18. 1771962464701
19. 1771962464847
20. 1771962465202
21. 1771962465348
22. 1771962465703
23. 1771962465849
24. 1771962466205
25. 1771962466351
26. 1771962466757
27. 1771962466902
28. 1771962467257
29. 1771962467403
30. 1771962467808
31. 1771962467955
32. 1771962468309
33. 1771962468456
34. 1771962468810
35. 1771962468958
36. 1771962469311
37. 1771962469459
38. 1771962469812
39. 1771962469960
40. 1771962470313
41. 1771962470462
42. 1771962470813
43. 1771962470963
44. 1771962471314
45. 1771962471464
46. 1771962471815
47. 1771962471966
48. 1771962472316
49. 1771962472467
50. 1771962472818
51. 1771962472968
52. 1771962473318
53. 1771962473470
54. 1771962473819
55. 1771962473971
56. 1771962474320
57. 1771962474472
58. 1771962474821
59. 1771962474974
60. 1771962475322
61. 1771962475475
62. 1771962475823
63. 1771962475976
64. 1771962476324
65. 1771962476478
66. 1771962476825
67. 1771962476979
68. 1771962477325
69. 1771962477481
70. 1771962477828
71. 1771962477982
72. 1771962478328
73. 1771962478483
74. 1771962478828
75. 1771962478984
76. 1771962479330
77. 1771962479486
78. 1771962479830
79. 1771962479987
80. 1771962480331
81. 1771962480489
82. 1771962480832
83. 1771962480990
84. 1771962481333
85. 1771962481491
86. 1771962481833
87. 1771962481993
88. 1771962482384
89. 1771962482544
90. 1771962482936
91. 1771962483096
92. 1771962483487
93. 1771962483648
94. 1771962484038
95. 1771962484199
96. 1771962484589
97. 1771962484750
98. 1771962485140
99. 1771962485301
100. 1771962485690
101. 1771962485852
102. 1771962486241
103. 1771962486404
104. 1771962486792
105. 1771962486954
106. 1771962487343
107. 1771962487505
108. 1771962487894
109. 1771962488056
110. 1771962488444
111. 1771962488608
112. 1771962488996
113. 1771962489159
114. 1771962489546
115. 1771962489710
116. 1771962490098
117. 1771962490261
118. 1771962490649
119. 1771962490812
120. 1771962491200
121. 1771962491363
122. 1771962491752
123. 1771962491914
124. 1771962492303
125. 1771962492465
126. 1771962492855
127. 1771962493017
128. 1771962493406
129. 1771962493568
130. 1771962493957
131. 1771962494119
132. 1771962494508
133. 1771962494670
134. 1771962495061
135. 1771962495221
136. 1771962495611
137. 1771962495773
138. 1771962496162
139. 1771962496324
140. 1771962496713
141. 1771962496875
142. 1771962497264
143. 1771962497426
144. 1771962497815
145. 1771962497978
146. 1771962498367
147. 1771962498529
148. 1771962498918
149. 1771962499080
150. 1771962499470
151. 1771962499631
152. 1771962500021
153. 1771962500181
154. 1771962500573
155. 1771962500732
156. 1771962501124
157. 1771962501284
158. 1771962501675
159. 1771962501835
160. 1771962502226
161. 1771962502387
162. 1771962502777
163. 1771962502937
164. 1771962503329
165. 1771962503488
166. 1771962503880
167. 1771962504039
168. 1771962504431
169. 1771962504589
170. 1771962504932
171. 1771962505091
172. 1771962505433
173. 1771962505591
174. 1771962505934
175. 1771962506093
176. 1771962506435
177. 1771962506593
178. 1771962506936
179. 1771962507094
180. 1771962507438
181. 1771962507594
182. 1771962507938
183. 1771962508095
184. 1771962508440
185. 1771962508596
186. 1771962508941
187. 1771962509097
188. 1771962509441
189. 1771962509597
190. 1771962509943
191. 1771962510099
192. 1771962510444
193. 1771962510599
194. 1771962510945
195. 1771962511100
196. 1771962511447
197. 1771962511601
198. 1771962511948
199. 1771962512101
200. 1771962512449
201. 1771962512602
202. 1771962512948
203. 1771962513103
204. 1771962513451
205. 1771962513604
206. 1771962513951
207. 1771962514105
208. 1771962514452
209. 1771962514606
210. 1771962514954
211. 1771962515107
212. 1771962515454
213. 1771962515608
214. 1771962515955
215. 1771962516109
216. 1771962516456
217. 1771962516610
218. 1771962516957
219. 1771962517112
220. 1771962517458
221. 1771962517613
222. 1771962517959
223. 1771962518114
224. 1771962518460
225. 1771962518614
226. 1771962518961
227. 1771962519115
228. 1771962519462
229. 1771962519616
230. 1771962519963
231. 1771962520117
232. 1771962520464
233. 1771962520619
234. 1771962520965
235. 1771962521120
236. 1771962521466
237. 1771962521621

# 10 27 29 63 65 99 101 135 137 171 173 207 209 243 245 279 281 315 317 351 353 387 389 423 425 459 461 495 497 531 533 567 569 603 605 639 641 675 677 711 713 747 749 783 785 819 821 855 857 891 893 927 929 963 965 999 1001 1035 1037 1071 1073 1107 1109 1143 1145 1179 1181 1215 1217 1251 1253 1287 1289 1323 1325 1359 1361 1395 1397 1431 1433 1467 1469 1503 1505 1539 1541 1575 1577 1611 1613 1647 1649 1683 1685 1719 1721 1755 1757 1791 1793 1827 1829 1863 1865 1899 1901 1935 1937 1971 1973 2007 2009 2043 2045 2079 2081 2115 2117 2151 2153 2187 2189 2223 2225 2259 2261 2295 2297 2331 2333 2367 2369 2403 2405 2439 2441 2475 2477 2511 2513 2547 2549 2583 2585 2619 2621 2655 2657 2691 2693 2727 2729 2763 2765 2799 2801 2835 2837 2871 2873 2907 2909 2943 2945 2979 2981 3015 3017 3051 3053 3087 3089 3123 3125 3159 3161 3195 3197 3231 3233 3267 3269 3303 3305 3339 3341 3375 3377 3411 3413 3447 3449 3483 3485 3519 3521 3555 3557 3591 3593 3627 3629 3663 3665 3699 3701 3735 3737 3771 3773 3807 3809 3843 3845 3879 3881 3915 3917 3951 3953 3987 3989 4023 4025 4059 4061 4095 4097 4131 4133 4167 4169 4203 4205 4239 4241 #
LightZero MGTP Interface Ready
=1 LightZero_DarkChess

=2 1.0.0

=7 

=15 

=14 

[debug] move action_id=0, action=((0, 0), (0, 0)), 
[debug] current_player=1 (R), 
[debug] board[(0, 0)]=13, board[(0, 0)]=13, 
[debug] board state:
[[13 15 15 15]
 [15 15 15 15]
 [15 15 15 15]
 [15 15 15 15]
 [15 15 15 15]
 [15 15 15 15]
 [15 15 15 15]
 [15 15 15 15]], 

=11 

=16 

=12 b8 b8

[debug] move action_id=11, action=((0, 1), (0, 1)), 
[debug] current_player=0 (B), 
[debug] board[(0, 1)]=1, board[(0, 1)]=1, 
[debug] board state:
[[13  1 15 15]
 [15 15 15 15]
 [15 15 15 15]
 [15 15 15 15]
 [15 15 15 15]
 [15 15 15 15]
 [15 15 15 15]
 [15 15 15 15]], 

=11 

=16 

[debug] move action_id=242, action=((5, 2), (5, 2)), 
[debug] current_player=1 (R), 
[debug] board[(5, 2)]=2, board[(5, 2)]=2, 
[debug] board state:
[[13  1 15 15]
 [15 15 15 15]
 [15 15 15 15]
 [15 15 15 15]
 [15 15 15 15]
 [15 15  2 15]
 [15 15 15 15]
 [15 15 15 15]], 

=11 

=16 

=12 b8 a8

[debug] move action_id=19, action=((0, 1), (0, 0)), 
[debug] current_player=0 (B), 
[debug] board[(0, 1)]=14, board[(0, 0)]=1, 
[debug] board state:
[[ 1 14 15 15]
 [15 15 15 15]
 [15 15 15 15]
 [15 15 15 15]
 [15 15 15 15]
 [15 15  2 15]
 [15 15 15 15]
 [15 15 15 15]], 

=10 

=16 

[debug] move action_id=176, action=((4, 0), (4, 0)), 
[debug] current_player=1 (R), 
[debug] board[(4, 0)]=7, board[(4, 0)]=7, 
[debug] board state:
[[ 1 14 15 15]
 [15 15 15 15]
 [15 15 15 15]
 [15 15 15 15]
 [ 7 15 15 15]
 [15 15  2 15]
 [15 15 15 15]
 [15 15 15 15]], 

=11 

=16 

=12 a8 b8

[debug] move action_id=8, action=((0, 0), (0, 1)), 
[debug] current_player=0 (B), 
[debug] board[(0, 0)]=14, board[(0, 1)]=1, 
[debug] board state:
[[14  1 15 15]
 [15 15 15 15]
 [15 15 15 15]
 [15 15 15 15]
 [ 7 15 15 15]
 [15 15  2 15]
 [15 15 15 15]
 [15 15 15 15]], 

=10 

=16 

[debug] move action_id=22, action=((0, 2), (0, 2)), 
[debug] current_player=1 (R), 
[debug] board[(0, 2)]=2, board[(0, 2)]=2, 
[debug] board state:
[[14  1  2 15]
 [15 15 15 15]
 [15 15 15 15]
 [15 15 15 15]
 [ 7 15 15 15]
 [15 15  2 15]
 [15 15 15 15]
 [15 15 15 15]], 

=11 

=16 

=12 b8 a8

[debug] move action_id=19, action=((0, 1), (0, 0)), 
[debug] current_player=0 (B), 
[debug] board[(0, 1)]=14, board[(0, 0)]=1, 
[debug] board state:
[[ 1 14  2 15]
 [15 15 15 15]
 [15 15 15 15]
 [15 15 15 15]
 [ 7 15 15 15]
 [15 15  2 15]
 [15 15 15 15]
 [15 15 15 15]], 

=10 

=16 

[debug] move action_id=286, action=((6, 2), (6, 2)), 
[debug] current_player=1 (R), 
[debug] board[(6, 2)]=8, board[(6, 2)]=8, 
[debug] board state:
[[ 1 14  2 15]
 [15 15 15 15]
 [15 15 15 15]
 [15 15 15 15]
 [ 7 15 15 15]
 [15 15  2 15]
 [15 15  8 15]
 [15 15 15 15]], 

=11 

=16 

=12 a8 b8

[debug] move action_id=8, action=((0, 0), (0, 1)), 
[debug] current_player=0 (B), 
[debug] board[(0, 0)]=14, board[(0, 1)]=1, 
[debug] board state:
[[14  1  2 15]
 [15 15 15 15]
 [15 15 15 15]
 [15 15 15 15]
 [ 7 15 15 15]
 [15 15  2 15]
 [15 15  8 15]
 [15 15 15 15]], 

=10 

=16 

[debug] move action_id=77, action=((1, 3), (1, 3)), 
[debug] current_player=1 (R), 
[debug] board[(1, 3)]=9, board[(1, 3)]=9, 
[debug] board state:
[[14  1  2 15]
 [15 15 15  9]
 [15 15 15 15]
 [15 15 15 15]
 [ 7 15 15 15]
 [15 15  2 15]
 [15 15  8 15]
 [15 15 15 15]], 

=11 

=16 

=12 b8 a8

[debug] move action_id=19, action=((0, 1), (0, 0)), 
[debug] current_player=0 (B), 
[debug] board[(0, 1)]=14, board[(0, 0)]=1, 
[debug] board state:
[[ 1 14  2 15]
 [15 15 15  9]
 [15 15 15 15]
 [15 15 15 15]
 [ 7 15 15 15]
 [15 15  2 15]
 [15 15  8 15]
 [15 15 15 15]], 

=10 

=16 

[debug] move action_id=55, action=((1, 1), (1, 1)), 
[debug] current_player=1 (R), 
[debug] board[(1, 1)]=6, board[(1, 1)]=6, 
[debug] board state:
[[ 1 14  2 15]
 [15  6 15  9]
 [15 15 15 15]
 [15 15 15 15]
 [ 7 15 15 15]
 [15 15  2 15]
 [15 15  8 15]
 [15 15 15 15]], 

=11 

=16 

=12 a8 b8

[debug] move action_id=8, action=((0, 0), (0, 1)), 
[debug] current_player=0 (B), 
[debug] board[(0, 0)]=14, board[(0, 1)]=1, 
[debug] board state:
[[14  1  2 15]
 [15  6 15  9]
 [15 15 15 15]
 [15 15 15 15]
 [ 7 15 15 15]
 [15 15  2 15]
 [15 15  8 15]
 [15 15 15 15]], 

=10 

=16 

[debug] move action_id=66, action=((1, 2), (1, 2)), 
[debug] current_player=1 (R), 
[debug] board[(1, 2)]=13, board[(1, 2)]=13, 
[debug] board state:
[[14  1  2 15]
 [15  6 13  9]
 [15 15 15 15]
 [15 15 15 15]
 [ 7 15 15 15]
 [15 15  2 15]
 [15 15  8 15]
 [15 15 15 15]], 

=11 

=16 

=12 b8 a8

[debug] move action_id=19, action=((0, 1), (0, 0)), 
[debug] current_player=0 (B), 
[debug] board[(0, 1)]=14, board[(0, 0)]=1, 
[debug] board state:
[[ 1 14  2 15]
 [15  6 13  9]
 [15 15 15 15]
 [15 15 15 15]
 [ 7 15 15 15]
 [15 15  2 15]
 [15 15  8 15]
 [15 15 15 15]], 

=10 

=16 

[debug] move action_id=33, action=((0, 3), (0, 3)), 
[debug] current_player=1 (R), 
[debug] board[(0, 3)]=11, board[(0, 3)]=11, 
[debug] board state:
[[ 1 14  2 11]
 [15  6 13  9]
 [15 15 15 15]
 [15 15 15 15]
 [ 7 15 15 15]
 [15 15  2 15]
 [15 15  8 15]
 [15 15 15 15]], 

=11 

=16 

=12 a8 b8

[debug] move action_id=8, action=((0, 0), (0, 1)), 
[debug] current_player=0 (B), 
[debug] board[(0, 0)]=14, board[(0, 1)]=1, 
[debug] board state:
[[14  1  2 11]
 [15  6 13  9]
 [15 15 15 15]
 [15 15 15 15]
 [ 7 15 15 15]
 [15 15  2 15]
 [15 15  8 15]
 [15 15 15 15]], 

=10 

=16 

[debug] move action_id=248, action=((6, 2), (5, 2)), 
[debug] current_player=1 (R), 
[debug] board[(6, 2)]=14, board[(5, 2)]=8, 
[debug] board state:
[[14  1  2 11]
 [15  6 13  9]
 [15 15 15 15]
 [15 15 15 15]
 [ 7 15 15 15]
 [15 15  8 15]
 [15 15 14 15]
 [15 15 15 15]], 

=10 

=16 

=12 b8 a8

[debug] move action_id=19, action=((0, 1), (0, 0)), 
[debug] current_player=0 (B), 
[debug] board[(0, 1)]=14, board[(0, 0)]=1, 
[debug] board state:
[[ 1 14  2 11]
 [15  6 13  9]
 [15 15 15 15]
 [15 15 15 15]
 [ 7 15 15 15]
 [15 15  8 15]
 [15 15 14 15]
 [15 15 15 15]], 

=10 

=16 

[debug] move action_id=220, action=((5, 0), (5, 0)), 
[debug] current_player=1 (R), 
[debug] board[(5, 0)]=13, board[(5, 0)]=13, 
[debug] board state:
[[ 1 14  2 11]
 [15  6 13  9]
 [15 15 15 15]
 [15 15 15 15]
 [ 7 15 15 15]
 [13 15  8 15]
 [15 15 14 15]
 [15 15 15 15]], 

=11 

=16 

=12 a8 b8

[debug] move action_id=8, action=((0, 0), (0, 1)), 
[debug] current_player=0 (B), 
[debug] board[(0, 0)]=14, board[(0, 1)]=1, 
[debug] board state:
[[14  1  2 11]
 [15  6 13  9]
 [15 15 15 15]
 [15 15 15 15]
 [ 7 15 15 15]
 [13 15  8 15]
 [15 15 14 15]
 [15 15 15 15]], 

=10 

=16 

[debug] move action_id=75, action=((1, 2), (1, 1)), 
[debug] current_player=1 (R), 
[debug] board[(1, 2)]=14, board[(1, 1)]=13, 
[debug] board state:
[[14  1  2 11]
 [15 13 14  9]
 [15 15 15 15]
 [15 15 15 15]
 [ 7 15 15 15]
 [13 15  8 15]
 [15 15 14 15]
 [15 15 15 15]], 

=10 

=16 

=12 b8 a8

[debug] move action_id=19, action=((0, 1), (0, 0)), 
[debug] current_player=0 (B), 
[debug] board[(0, 1)]=14, board[(0, 0)]=1, 
[debug] board state:
[[ 1 14  2 11]
 [15 13 14  9]
 [15 15 15 15]
 [15 15 15 15]
 [ 7 15 15 15]
 [13 15  8 15]
 [15 15 14 15]
 [15 15 15 15]], 

=10 

=16 

[debug] move action_id=198, action=((4, 2), (4, 2)), 
[debug] current_player=1 (R), 
[debug] board[(4, 2)]=3, board[(4, 2)]=3, 
[debug] board state:
[[ 1 14  2 11]
 [15 13 14  9]
 [15 15 15 15]
 [15 15 15 15]
 [ 7 15  3 15]
 [13 15  8 15]
 [15 15 14 15]
 [15 15 15 15]], 

=11 

=16 

=12 a8 b8

[debug] move action_id=8, action=((0, 0), (0, 1)), 
[debug] current_player=0 (B), 
[debug] board[(0, 0)]=14, board[(0, 1)]=1, 
[debug] board state:
[[14  1  2 11]
 [15 13 14  9]
 [15 15 15 15]
 [15 15 15 15]
 [ 7 15  3 15]
 [13 15  8 15]
 [15 15 14 15]
 [15 15 15 15]], 

=10 

=16 

[debug] move action_id=253, action=((5, 3), (5, 3)), 
[debug] current_player=1 (R), 
[debug] board[(5, 3)]=5, board[(5, 3)]=5, 
[debug] board state:
[[14  1  2 11]
 [15 13 14  9]
 [15 15 15 15]
 [15 15 15 15]
 [ 7 15  3 15]
 [13 15  8  5]
 [15 15 14 15]
 [15 15 15 15]], 

=11 

=16 

=12 b8 a8

[debug] move action_id=19, action=((0, 1), (0, 0)), 
[debug] current_player=0 (B), 
[debug] board[(0, 1)]=14, board[(0, 0)]=1, 
[debug] board state:
[[ 1 14  2 11]
 [15 13 14  9]
 [15 15 15 15]
 [15 15 15 15]
 [ 7 15  3 15]
 [13 15  8  5]
 [15 15 14 15]
 [15 15 15 15]], 

=10 

=16 

[debug] move action_id=330, action=((7, 2), (7, 2)), 
[debug] current_player=1 (R), 
[debug] board[(7, 2)]=6, board[(7, 2)]=6, 
[debug] board state:
[[ 1 14  2 11]
 [15 13 14  9]
 [15 15 15 15]
 [15 15 15 15]
 [ 7 15  3 15]
 [13 15  8  5]
 [15 15 14 15]
 [15 15  6 15]], 

=11 

=16 

=12 a8 b8

[debug] move action_id=8, action=((0, 0), (0, 1)), 
[debug] current_player=0 (B), 
[debug] board[(0, 0)]=14, board[(0, 1)]=1, 
[debug] board state:
[[14  1  2 11]
 [15 13 14  9]
 [15 15 15 15]
 [15 15 15 15]
 [ 7 15  3 15]
 [13 15  8  5]
 [15 15 14 15]
 [15 15  6 15]], 

=10 

=16 

[debug] move action_id=341, action=((7, 3), (7, 3)), 
[debug] current_player=1 (R), 
[debug] board[(7, 3)]=6, board[(7, 3)]=6, 
[debug] board state:
[[14  1  2 11]
 [15 13 14  9]
 [15 15 15 15]
 [15 15 15 15]
 [ 7 15  3 15]
 [13 15  8  5]
 [15 15 14 15]
 [15 15  6  6]], 

=11 

=16 

=12 b8 a8

[debug] move action_id=19, action=((0, 1), (0, 0)), 
[debug] current_player=0 (B), 
[debug] board[(0, 1)]=14, board[(0, 0)]=1, 
[debug] board state:
[[ 1 14  2 11]
 [15 13 14  9]
 [15 15 15 15]
 [15 15 15 15]
 [ 7 15  3 15]
 [13 15  8  5]
 [15 15 14 15]
 [15 15  6  6]], 

=10 

=16 

[debug] move action_id=292, action=((5, 2), (6, 2)), 
[debug] current_player=1 (R), 
[debug] board[(5, 2)]=14, board[(6, 2)]=8, 
[debug] board state:
[[ 1 14  2 11]
 [15 13 14  9]
 [15 15 15 15]
 [15 15 15 15]
 [ 7 15  3 15]
 [13 15 14  5]
 [15 15  8 15]
 [15 15  6  6]], 

=10 

=16 

=12 a8 b8

[debug] move action_id=8, action=((0, 0), (0, 1)), 
[debug] current_player=0 (B), 
[debug] board[(0, 0)]=14, board[(0, 1)]=1, 
[debug] board state:
[[14  1  2 11]
 [15 13 14  9]
 [15 15 15 15]
 [15 15 15 15]
 [ 7 15  3 15]
 [13 15 14  5]
 [15 15  8 15]
 [15 15  6  6]], 

=10 

=16 

[debug] move action_id=110, action=((2, 2), (2, 2)), 
[debug] current_player=1 (R), 
[debug] board[(2, 2)]=10, board[(2, 2)]=10, 
[debug] board state:
[[14  1  2 11]
 [15 13 14  9]
 [15 15 10 15]
 [15 15 15 15]
 [ 7 15  3 15]
 [13 15 14  5]
 [15 15  8 15]
 [15 15  6  6]], 

=11 

=16 

=12 b8 a8

[debug] move action_id=19, action=((0, 1), (0, 0)), 
[debug] current_player=0 (B), 
[debug] board[(0, 1)]=14, board[(0, 0)]=1, 
[debug] board state:
[[ 1 14  2 11]
 [15 13 14  9]
 [15 15 10 15]
 [15 15 15 15]
 [ 7 15  3 15]
 [13 15 14  5]
 [15 15  8 15]
 [15 15  6  6]], 

=10 

=16 

[debug] move action_id=132, action=((3, 0), (3, 0)), 
[debug] current_player=1 (R), 
[debug] board[(3, 0)]=3, board[(3, 0)]=3, 
[debug] board state:
[[ 1 14  2 11]
 [15 13 14  9]
 [15 15 10 15]
 [ 3 15 15 15]
 [ 7 15  3 15]
 [13 15 14  5]
 [15 15  8 15]
 [15 15  6  6]], 

=11 

=16 

=12 a8 b8

[debug] move action_id=8, action=((0, 0), (0, 1)), 
[debug] current_player=0 (B), 
[debug] board[(0, 0)]=14, board[(0, 1)]=1, 
[debug] board state:
[[14  1  2 11]
 [15 13 14  9]
 [15 15 10 15]
 [ 3 15 15 15]
 [ 7 15  3 15]
 [13 15 14  5]
 [15 15  8 15]
 [15 15  6  6]], 

=10 

=16 

[debug] move action_id=297, action=((6, 3), (6, 3)), 
[debug] current_player=1 (R), 
[debug] board[(6, 3)]=12, board[(6, 3)]=12, 
[debug] board state:
[[14  1  2 11]
 [15 13 14  9]
 [15 15 10 15]
 [ 3 15 15 15]
 [ 7 15  3 15]
 [13 15 14  5]
 [15 15  8 12]
 [15 15  6  6]], 

=11 

=16 

=12 b8 a8

[debug] move action_id=19, action=((0, 1), (0, 0)), 
[debug] current_player=0 (B), 
[debug] board[(0, 1)]=14, board[(0, 0)]=1, 
[debug] board state:
[[ 1 14  2 11]
 [15 13 14  9]
 [15 15 10 15]
 [ 3 15 15 15]
 [ 7 15  3 15]
 [13 15 14  5]
 [15 15  8 12]
 [15 15  6  6]], 

=10 

=16 

[debug] move action_id=209, action=((4, 3), (4, 3)), 
[debug] current_player=1 (R), 
[debug] board[(4, 3)]=12, board[(4, 3)]=12, 
[debug] board state:
[[ 1 14  2 11]
 [15 13 14  9]
 [15 15 10 15]
 [ 3 15 15 15]
 [ 7 15  3 12]
 [13 15 14  5]
 [15 15  8 12]
 [15 15  6  6]], 

=11 

=16 

=12 a8 b8

[debug] move action_id=8, action=((0, 0), (0, 1)), 
[debug] current_player=0 (B), 
[debug] board[(0, 0)]=14, board[(0, 1)]=1, 
[debug] board state:
[[14  1  2 11]
 [15 13 14  9]
 [15 15 10 15]
 [ 3 15 15 15]
 [ 7 15  3 12]
 [13 15 14  5]
 [15 15  8 12]
 [15 15  6  6]], 

=10 

=16 

[debug] move action_id=68, action=((2, 2), (1, 2)), 
[debug] current_player=1 (R), 
[debug] board[(2, 2)]=14, board[(1, 2)]=10, 
[debug] board state:
[[14  1  2 11]
 [15 13 10  9]
 [15 15 14 15]
 [ 3 15 15 15]
 [ 7 15  3 12]
 [13 15 14  5]
 [15 15  8 12]
 [15 15  6  6]], 

=10 

=16 

=12 b8 a8

[debug] move action_id=19, action=((0, 1), (0, 0)), 
[debug] current_player=0 (B), 
[debug] board[(0, 1)]=14, board[(0, 0)]=1, 
[debug] board state:
[[ 1 14  2 11]
 [15 13 10  9]
 [15 15 14 15]
 [ 3 15 15 15]
 [ 7 15  3 12]
 [13 15 14  5]
 [15 15  8 12]
 [15 15  6  6]], 

=10 

=16 

[debug] move action_id=112, action=((1, 2), (2, 2)), 
[debug] current_player=1 (R), 
[debug] board[(1, 2)]=14, board[(2, 2)]=10, 
[debug] board state:
[[ 1 14  2 11]
 [15 13 14  9]
 [15 15 10 15]
 [ 3 15 15 15]
 [ 7 15  3 12]
 [13 15 14  5]
 [15 15  8 12]
 [15 15  6  6]], 

=10 

=16 

=12 a8 b8

[debug] move action_id=8, action=((0, 0), (0, 1)), 
[debug] current_player=0 (B), 
[debug] board[(0, 0)]=14, board[(0, 1)]=1, 
[debug] board state:
[[14  1  2 11]
 [15 13 14  9]
 [15 15 10 15]
 [ 3 15 15 15]
 [ 7 15  3 12]
 [13 15 14  5]
 [15 15  8 12]
 [15 15  6  6]], 

=10 

=16 

[debug] move action_id=248, action=((6, 2), (5, 2)), 
[debug] current_player=1 (R), 
[debug] board[(6, 2)]=14, board[(5, 2)]=8, 
[debug] board state:
[[14  1  2 11]
 [15 13 14  9]
 [15 15 10 15]
 [ 3 15 15 15]
 [ 7 15  3 12]
 [13 15  8  5]
 [15 15 14 12]
 [15 15  6  6]], 

=10 

=16 

=12 b8 a8

[debug] move action_id=19, action=((0, 1), (0, 0)), 
[debug] current_player=0 (B), 
[debug] board[(0, 1)]=14, board[(0, 0)]=1, 
[debug] board state:
[[ 1 14  2 11]
 [15 13 14  9]
 [15 15 10 15]
 [ 3 15 15 15]
 [ 7 15  3 12]
 [13 15  8  5]
 [15 15 14 12]
 [15 15  6  6]], 

=10 

=16 

[debug] move action_id=44, action=((1, 0), (1, 0)), 
[debug] current_player=1 (R), 
[debug] board[(1, 0)]=5, board[(1, 0)]=5, 
[debug] board state:
[[ 1 14  2 11]
 [ 5 13 14  9]
 [15 15 10 15]
 [ 3 15 15 15]
 [ 7 15  3 12]
 [13 15  8  5]
 [15 15 14 12]
 [15 15  6  6]], 

=11 

=16 

=12 a8 b8

[debug] move action_id=8, action=((0, 0), (0, 1)), 
[debug] current_player=0 (B), 
[debug] board[(0, 0)]=14, board[(0, 1)]=1, 
[debug] board state:
[[14  1  2 11]
 [ 5 13 14  9]
 [15 15 10 15]
 [ 3 15 15 15]
 [ 7 15  3 12]
 [13 15  8  5]
 [15 15 14 12]
 [15 15  6  6]], 

=10 

=16 

[debug] move action_id=64, action=((1, 1), (1, 2)), 
[debug] current_player=1 (R), 
[debug] board[(1, 1)]=14, board[(1, 2)]=13, 
[debug] board state:
[[14  1  2 11]
 [ 5 14 13  9]
 [15 15 10 15]
 [ 3 15 15 15]
 [ 7 15  3 12]
 [13 15  8  5]
 [15 15 14 12]
 [15 15  6  6]], 

=10 

=16 

=12 a7 a8

[debug] move action_id=1, action=((1, 0), (0, 0)), 
[debug] current_player=0 (B), 
[debug] board[(1, 0)]=14, board[(0, 0)]=5, 
[debug] board state:
[[ 5  1  2 11]
 [14 14 13  9]
 [15 15 10 15]
 [ 3 15 15 15]
 [ 7 15  3 12]
 [13 15  8  5]
 [15 15 14 12]
 [15 15  6  6]], 

=10 

=16 

[debug] move action_id=143, action=((3, 1), (3, 1)), 
[debug] current_player=1 (R), 
[debug] board[(3, 1)]=11, board[(3, 1)]=11, 
[debug] board state:
[[ 5  1  2 11]
 [14 14 13  9]
 [15 15 10 15]
 [ 3 11 15 15]
 [ 7 15  3 12]
 [13 15  8  5]
 [15 15 14 12]
 [15 15  6  6]], 

=11 

=16 

=12 c8 d8

[debug] move action_id=32, action=((0, 2), (0, 3)), 
[debug] current_player=0 (B), 
[debug] board[(0, 2)]=14, board[(0, 3)]=2, 
[debug] board state:
[[ 5  1 14  2]
 [14 14 13  9]
 [15 15 10 15]
 [ 3 11 15 15]
 [ 7 15  3 12]
 [13 15  8  5]
 [15 15 14 12]
 [15 15  6  6]], 

=10 

=16 

[debug] move action_id=187, action=((4, 1), (4, 1)), 
[debug] current_player=1 (R), 
[debug] board[(4, 1)]=4, board[(4, 1)]=4, 
[debug] board state:
[[ 5  1 14  2]
 [14 14 13  9]
 [15 15 10 15]
 [ 3 11 15 15]
 [ 7  4  3 12]
 [13 15  8  5]
 [15 15 14 12]
 [15 15  6  6]], 

=11 

=16 

=12 b8 c8

[debug] move action_id=20, action=((0, 1), (0, 2)), 
[debug] current_player=0 (B), 
[debug] board[(0, 1)]=14, board[(0, 2)]=1, 
[debug] board state:
[[ 5 14  1  2]
 [14 14 13  9]
 [15 15 10 15]
 [ 3 11 15 15]
 [ 7  4  3 12]
 [13 15  8  5]
 [15 15 14 12]
 [15 15  6  6]], 

=10 

=16 

[debug] move action_id=231, action=((5, 1), (5, 1)), 
[debug] current_player=1 (R), 
[debug] board[(5, 1)]=0, board[(5, 1)]=0, 
[debug] board state:
[[ 5 14  1  2]
 [14 14 13  9]
 [15 15 10 15]
 [ 3 11 15 15]
 [ 7  4  3 12]
 [13  0  8  5]
 [15 15 14 12]
 [15 15  6  6]], 

=11 

=16 

=12 a8 b8

[debug] move action_id=8, action=((0, 0), (0, 1)), 
[debug] current_player=0 (B), 
[debug] board[(0, 0)]=14, board[(0, 1)]=5, 
[debug] board state:
[[14  5  1  2]
 [14 14 13  9]
 [15 15 10 15]
 [ 3 11 15 15]
 [ 7  4  3 12]
 [13  0  8  5]
 [15 15 14 12]
 [15 15  6  6]], 

=10 

=16 

[debug] move action_id=307, action=((6, 3), (6, 2)), 
[debug] current_player=1 (R), 
[debug] board[(6, 3)]=14, board[(6, 2)]=12, 
[debug] board state:
[[14  5  1  2]
 [14 14 13  9]
 [15 15 10 15]
 [ 3 11 15 15]
 [ 7  4  3 12]
 [13  0  8  5]
 [15 15 12 14]
 [15 15  6  6]], 

=10 

=16 

=12 b8 a8

[debug] move action_id=19, action=((0, 1), (0, 0)), 
[debug] current_player=0 (B), 
[debug] board[(0, 1)]=14, board[(0, 0)]=5, 
[debug] board state:
[[ 5 14  1  2]
 [14 14 13  9]
 [15 15 10 15]
 [ 3 11 15 15]
 [ 7  4  3 12]
 [13  0  8  5]
 [15 15 12 14]
 [15 15  6  6]], 

=10 

=16 

[debug] move action_id=88, action=((2, 0), (2, 0)), 
[debug] current_player=1 (R), 
[debug] board[(2, 0)]=13, board[(2, 0)]=13, 
[debug] board state:
[[ 5 14  1  2]
 [14 14 13  9]
 [13 15 10 15]
 [ 3 11 15 15]
 [ 7  4  3 12]
 [13  0  8  5]
 [15 15 12 14]
 [15 15  6  6]], 

=11 

=16 

=12 a8 b8

[debug] move action_id=8, action=((0, 0), (0, 1)), 
[debug] current_player=0 (B), 
[debug] board[(0, 0)]=14, board[(0, 1)]=5, 
[debug] board state:
[[14  5  1  2]
 [14 14 13  9]
 [13 15 10 15]
 [ 3 11 15 15]
 [ 7  4  3 12]
 [13  0  8  5]
 [15 15 12 14]
 [15 15  6  6]], 

=10 

=16 

[debug] move action_id=308, action=((7, 0), (7, 0)), 
[debug] current_player=1 (R), 
[debug] board[(7, 0)]=9, board[(7, 0)]=9, 
[debug] board state:
[[14  5  1  2]
 [14 14 13  9]
 [13 15 10 15]
 [ 3 11 15 15]
 [ 7  4  3 12]
 [13  0  8  5]
 [15 15 12 14]
 [ 9 15  6  6]], 

=11 

=16 

=12 b8 a8

[debug] move action_id=19, action=((0, 1), (0, 0)), 
[debug] current_player=0 (B), 
[debug] board[(0, 1)]=14, board[(0, 0)]=5, 
[debug] board state:
[[ 5 14  1  2]
 [14 14 13  9]
 [13 15 10 15]
 [ 3 11 15 15]
 [ 7  4  3 12]
 [13  0  8  5]
 [15 15 12 14]
 [ 9 15  6  6]], 

=10 

=16 

[debug] move action_id=136, action=((4, 0), (3, 0)), 
[debug] current_player=1 (R), 
[debug] board[(4, 0)]=14, board[(3, 0)]=7, 
[debug] board state:
[[ 5 14  1  2]
 [14 14 13  9]
 [13 15 10 15]
 [ 7 11 15 15]
 [14  4  3 12]
 [13  0  8  5]
 [15 15 12 14]
 [ 9 15  6  6]], 

=10 

=16 

=12 a8 b8

[debug] move action_id=8, action=((0, 0), (0, 1)), 
[debug] current_player=0 (B), 
[debug] board[(0, 0)]=14, board[(0, 1)]=5, 
[debug] board state:
[[14  5  1  2]
 [14 14 13  9]
 [13 15 10 15]
 [ 7 11 15 15]
 [14  4  3 12]
 [13  0  8  5]
 [15 15 12 14]
 [ 9 15  6  6]], 

=10 

=16 

[debug] move action_id=121, action=((2, 3), (2, 3)), 
[debug] current_player=1 (R), 
[debug] board[(2, 3)]=8, board[(2, 3)]=8, 
[debug] board state:
[[14  5  1  2]
 [14 14 13  9]
 [13 15 10  8]
 [ 7 11 15 15]
 [14  4  3 12]
 [13  0  8  5]
 [15 15 12 14]
 [ 9 15  6  6]], 

=11 

=16 

=12 b8 a8

[debug] move action_id=19, action=((0, 1), (0, 0)), 
[debug] current_player=0 (B), 
[debug] board[(0, 1)]=14, board[(0, 0)]=5, 
[debug] board state:
[[ 5 14  1  2]
 [14 14 13  9]
 [13 15 10  8]
 [ 7 11 15 15]
 [14  4  3 12]
 [13  0  8  5]
 [15 15 12 14]
 [ 9 15  6  6]], 

=10 

=16 

[debug] move action_id=46, action=((2, 0), (1, 0)), 
[debug] current_player=1 (R), 
[debug] board[(2, 0)]=14, board[(1, 0)]=13, 
[debug] board state:
[[ 5 14  1  2]
 [13 14 13  9]
 [14 15 10  8]
 [ 7 11 15 15]
 [14  4  3 12]
 [13  0  8  5]
 [15 15 12 14]
 [ 9 15  6  6]], 

=10 

=16 

=12 a8 b8

[debug] move action_id=8, action=((0, 0), (0, 1)), 
[debug] current_player=0 (B), 
[debug] board[(0, 0)]=14, board[(0, 1)]=5, 
[debug] board state:
[[14  5  1  2]
 [13 14 13  9]
 [14 15 10  8]
 [ 7 11 15 15]
 [14  4  3 12]
 [13  0  8  5]
 [15 15 12 14]
 [ 9 15  6  6]], 

=10 

=16 

[debug] move action_id=275, action=((6, 1), (6, 1)), 
[debug] current_player=1 (R), 
[debug] board[(6, 1)]=1, board[(6, 1)]=1, 
[debug] board state:
[[14  5  1  2]
 [13 14 13  9]
 [14 15 10  8]
 [ 7 11 15 15]
 [14  4  3 12]
 [13  0  8  5]
 [15  1 12 14]
 [ 9 15  6  6]], 

=11 

=16 

=12 b8 a8

[debug] move action_id=19, action=((0, 1), (0, 0)), 
[debug] current_player=0 (B), 
[debug] board[(0, 1)]=14, board[(0, 0)]=5, 
[debug] board state:
[[ 5 14  1  2]
 [13 14 13  9]
 [14 15 10  8]
 [ 7 11 15 15]
 [14  4  3 12]
 [13  0  8  5]
 [15  1 12 14]
 [ 9 15  6  6]], 

=10 

=16 

[debug] move action_id=252, action=((5, 2), (5, 3)), 
[debug] current_player=1 (R), 
[debug] board[(5, 2)]=14, board[(5, 3)]=8, 
[debug] board state:
[[ 5 14  1  2]
 [13 14 13  9]
 [14 15 10  8]
 [ 7 11 15 15]
 [14  4  3 12]
 [13  0 14  8]
 [15  1 12 14]
 [ 9 15  6  6]], 

=10 

=16 

=12 a8 b8

[debug] move action_id=8, action=((0, 0), (0, 1)), 
[debug] current_player=0 (B), 
[debug] board[(0, 0)]=14, board[(0, 1)]=5, 
[debug] board state:
[[14  5  1  2]
 [13 14 13  9]
 [14 15 10  8]
 [ 7 11 15 15]
 [14  4  3 12]
 [13  0 14  8]
 [15  1 12 14]
 [ 9 15  6  6]], 

=10 

=16 

[debug] move action_id=90, action=((1, 0), (2, 0)), 
[debug] current_player=1 (R), 
[debug] board[(1, 0)]=14, board[(2, 0)]=13, 
[debug] board state:
[[14  5  1  2]
 [14 14 13  9]
 [13 15 10  8]
 [ 7 11 15 15]
 [14  4  3 12]
 [13  0 14  8]
 [15  1 12 14]
 [ 9 15  6  6]], 

=10 

=16 

=12 b8 a8

[debug] move action_id=19, action=((0, 1), (0, 0)), 
[debug] current_player=0 (B), 
[debug] board[(0, 1)]=14, board[(0, 0)]=5, 
[debug] board state:
[[ 5 14  1  2]
 [14 14 13  9]
 [13 15 10  8]
 [ 7 11 15 15]
 [14  4  3 12]
 [13  0 14  8]
 [15  1 12 14]
 [ 9 15  6  6]], 

=10 

=16 

[debug] move action_id=303, action=((5, 3), (6, 3)), 
[debug] current_player=1 (R), 
[debug] board[(5, 3)]=14, board[(6, 3)]=8, 
[debug] board state:
[[ 5 14  1  2]
 [14 14 13  9]
 [13 15 10  8]
 [ 7 11 15 15]
 [14  4  3 12]
 [13  0 14 14]
 [15  1 12  8]
 [ 9 15  6  6]], 

=10 

=16 

=12 a8 b8

[debug] move action_id=8, action=((0, 0), (0, 1)), 
[debug] current_player=0 (B), 
[debug] board[(0, 0)]=14, board[(0, 1)]=5, 
[debug] board state:
[[14  5  1  2]
 [14 14 13  9]
 [13 15 10  8]
 [ 7 11 15 15]
 [14  4  3 12]
 [13  0 14 14]
 [15  1 12  8]
 [ 9 15  6  6]], 

=10 

=16 

[debug] move action_id=165, action=((3, 3), (3, 3)), 
[debug] current_player=1 (R), 
[debug] board[(3, 3)]=6, board[(3, 3)]=6, 
[debug] board state:
[[14  5  1  2]
 [14 14 13  9]
 [13 15 10  8]
 [ 7 11 15  6]
 [14  4  3 12]
 [13  0 14 14]
 [15  1 12  8]
 [ 9 15  6  6]], 

=11 

=16 

=12 b8 a8

[debug] move action_id=19, action=((0, 1), (0, 0)), 
[debug] current_player=0 (B), 
[debug] board[(0, 1)]=14, board[(0, 0)]=5, 
[debug] board state:
[[ 5 14  1  2]
 [14 14 13  9]
 [13 15 10  8]
 [ 7 11 15  6]
 [14  4  3 12]
 [13  0 14 14]
 [15  1 12  8]
 [ 9 15  6  6]], 

=10 

=16 

[debug] move action_id=258, action=((4, 3), (5, 3)), 
[debug] current_player=1 (R), 
[debug] board[(4, 3)]=14, board[(5, 3)]=12, 
[debug] board state:
[[ 5 14  1  2]
 [14 14 13  9]
 [13 15 10  8]
 [ 7 11 15  6]
 [14  4  3 14]
 [13  0 14 12]
 [15  1 12  8]
 [ 9 15  6  6]], 

=10 

=16 

=12 a8 b8

[debug] move action_id=8, action=((0, 0), (0, 1)), 
[debug] current_player=0 (B), 
[debug] board[(0, 0)]=14, board[(0, 1)]=5, 
[debug] board state:
[[14  5  1  2]
 [14 14 13  9]
 [13 15 10  8]
 [ 7 11 15  6]
 [14  4  3 14]
 [13  0 14 12]
 [15  1 12  8]
 [ 9 15  6  6]], 

=10 

=16 

[debug] move action_id=154, action=((3, 2), (3, 2)), 
[debug] current_player=1 (R), 
[debug] board[(3, 2)]=13, board[(3, 2)]=13, 
[debug] board state:
[[14  5  1  2]
 [14 14 13  9]
 [13 15 10  8]
 [ 7 11 13  6]
 [14  4  3 14]
 [13  0 14 12]
 [15  1 12  8]
 [ 9 15  6  6]], 

=11 

=16 

=12 b8 a8

[debug] move action_id=19, action=((0, 1), (0, 0)), 
[debug] current_player=0 (B), 
[debug] board[(0, 1)]=14, board[(0, 0)]=5, 
[debug] board state:
[[ 5 14  1  2]
 [14 14 13  9]
 [13 15 10  8]
 [ 7 11 13  6]
 [14  4  3 14]
 [13  0 14 12]
 [15  1 12  8]
 [ 9 15  6  6]], 

=10 

=16 

[debug] move action_id=228, action=((5, 0), (5, 1)), 
[debug] current_player=1 (R), 
[debug] board[(5, 0)]=14, board[(5, 1)]=13, 
[debug] board state:
[[ 5 14  1  2]
 [14 14 13  9]
 [13 15 10  8]
 [ 7 11 13  6]
 [14  4  3 14]
 [14 13 14 12]
 [15  1 12  8]
 [ 9 15  6  6]], 

=10 

=16 

=12 a8 b8

[debug] move action_id=8, action=((0, 0), (0, 1)), 
[debug] current_player=0 (B), 
[debug] board[(0, 0)]=14, board[(0, 1)]=5, 
[debug] board state:
[[14  5  1  2]
 [14 14 13  9]
 [13 15 10  8]
 [ 7 11 13  6]
 [14  4  3 14]
 [14 13 14 12]
 [15  1 12  8]
 [ 9 15  6  6]], 

=10 

=16 

[debug] move action_id=191, action=((3, 1), (4, 1)), 
[debug] current_player=1 (R), 
[debug] board[(3, 1)]=14, board[(4, 1)]=11, 
[debug] board state:
[[14  5  1  2]
 [14 14 13  9]
 [13 15 10  8]
 [ 7 14 13  6]
 [14 11  3 14]
 [14 13 14 12]
 [15  1 12  8]
 [ 9 15  6  6]], 

=10 

=16 

=12 b8 a8

[debug] move action_id=19, action=((0, 1), (0, 0)), 
[debug] current_player=0 (B), 
[debug] board[(0, 1)]=14, board[(0, 0)]=5, 
[debug] board state:
[[ 5 14  1  2]
 [14 14 13  9]
 [13 15 10  8]
 [ 7 14 13  6]
 [14 11  3 14]
 [14 13 14 12]
 [15  1 12  8]
 [ 9 15  6  6]], 

=10 

=16 

[debug] move action_id=319, action=((7, 1), (7, 1)), 
[debug] current_player=1 (R), 
[debug] board[(7, 1)]=4, board[(7, 1)]=4, 
[debug] board state:
[[ 5 14  1  2]
 [14 14 13  9]
 [13 15 10  8]
 [ 7 14 13  6]
 [14 11  3 14]
 [14 13 14 12]
 [15  1 12  8]
 [ 9  4  6  6]], 

=11 

=16 

=12 a8 b8

[debug] move action_id=8, action=((0, 0), (0, 1)), 
[debug] current_player=0 (B), 
[debug] board[(0, 0)]=14, board[(0, 1)]=5, 
[debug] board state:
[[14  5  1  2]
 [14 14 13  9]
 [13 15 10  8]
 [ 7 14 13  6]
 [14 11  3 14]
 [14 13 14 12]
 [15  1 12  8]
 [ 9  4  6  6]], 

=10 

=16 

[debug] move action_id=214, action=((5, 3), (4, 3)), 
[debug] current_player=1 (R), 
[debug] board[(5, 3)]=14, board[(4, 3)]=12, 
[debug] board state:
[[14  5  1  2]
 [14 14 13  9]
 [13 15 10  8]
 [ 7 14 13  6]
 [14 11  3 12]
 [14 13 14 14]
 [15  1 12  8]
 [ 9  4  6  6]], 

=10 

=16 

=12 b8 a8

[debug] move action_id=19, action=((0, 1), (0, 0)), 
[debug] current_player=0 (B), 
[debug] board[(0, 1)]=14, board[(0, 0)]=5, 
[debug] board state:
[[ 5 14  1  2]
 [14 14 13  9]
 [13 15 10  8]
 [ 7 14 13  6]
 [14 11  3 12]
 [14 13 14 14]
 [15  1 12  8]
 [ 9  4  6  6]], 

=10 

=16 

[debug] move action_id=168, action=((2, 3), (3, 3)), 
[debug] current_player=1 (R), 
[debug] board[(2, 3)]=14, board[(3, 3)]=8, 
[debug] board state:
[[ 5 14  1  2]
 [14 14 13  9]
 [13 15 10 14]
 [ 7 14 13  8]
 [14 11  3 12]
 [14 13 14 14]
 [15  1 12  8]
 [ 9  4  6  6]], 

=10 

=16 

=12 a8 b8

[debug] move action_id=8, action=((0, 0), (0, 1)), 
[debug] current_player=0 (B), 
[debug] board[(0, 0)]=14, board[(0, 1)]=5, 
[debug] board state:
[[14  5  1  2]
 [14 14 13  9]
 [13 15 10 14]
 [ 7 14 13  8]
 [14 11  3 12]
 [14 13 14 14]
 [15  1 12  8]
 [ 9  4  6  6]], 

=10 

=16 

[debug] move action_id=140, action=((3, 0), (3, 1)), 
[debug] current_player=1 (R), 
[debug] board[(3, 0)]=14, board[(3, 1)]=7, 
[debug] board state:
[[14  5  1  2]
 [14 14 13  9]
 [13 15 10 14]
 [14  7 13  8]
 [14 11  3 12]
 [14 13 14 14]
 [15  1 12  8]
 [ 9  4  6  6]], 

=10 

=16 

=12 b8 a8

[debug] move action_id=19, action=((0, 1), (0, 0)), 
[debug] current_player=0 (B), 
[debug] board[(0, 1)]=14, board[(0, 0)]=5, 
[debug] board state:
[[ 5 14  1  2]
 [14 14 13  9]
 [13 15 10 14]
 [14  7 13  8]
 [14 11  3 12]
 [14 13 14 14]
 [15  1 12  8]
 [ 9  4  6  6]], 

=10 

=16 

[debug] move action_id=124, action=((3, 3), (2, 3)), 
[debug] current_player=1 (R), 
[debug] board[(3, 3)]=14, board[(2, 3)]=8, 
[debug] board state:
[[ 5 14  1  2]
 [14 14 13  9]
 [13 15 10  8]
 [14  7 13 14]
 [14 11  3 12]
 [14 13 14 14]
 [15  1 12  8]
 [ 9  4  6  6]], 

=10 

=16 

=12 a8 b8

[debug] move action_id=8, action=((0, 0), (0, 1)), 
[debug] current_player=0 (B), 
[debug] board[(0, 0)]=14, board[(0, 1)]=5, 
[debug] board state:
[[14  5  1  2]
 [14 14 13  9]
 [13 15 10  8]
 [14  7 13 14]
 [14 11  3 12]
 [14 13 14 14]
 [15  1 12  8]
 [ 9  4  6  6]], 

=10 

=16 

[debug] move action_id=346, action=((4, 3), (7, 3)), 
[debug] current_player=1 (R), 
[debug] board[(4, 3)]=14, board[(7, 3)]=12, 
[debug] board state:
[[14  5  1  2]
 [14 14 13  9]
 [13 15 10  8]
 [14  7 13 14]
 [14 11  3 14]
 [14 13 14 14]
 [15  1 12  8]
 [ 9  4  6 12]], 

=10 

=16 

=12 b8 a8

[debug] move action_id=19, action=((0, 1), (0, 0)), 
[debug] current_player=0 (B), 
[debug] board[(0, 1)]=14, board[(0, 0)]=5, 
[debug] board state:
[[ 5 14  1  2]
 [14 14 13  9]
 [13 15 10  8]
 [14  7 13 14]
 [14 11  3 14]
 [14 13 14 14]
 [15  1 12  8]
 [ 9  4  6 12]], 

=10 

=16 

[debug] move action_id=259, action=((6, 3), (5, 3)), 
[debug] current_player=1 (R), 
[debug] board[(6, 3)]=14, board[(5, 3)]=8, 
[debug] board state:
[[ 5 14  1  2]
 [14 14 13  9]
 [13 15 10  8]
 [14  7 13 14]
 [14 11  3 14]
 [14 13 14  8]
 [15  1 12 14]
 [ 9  4  6 12]], 

=10 

=16 

=12 a8 b8

[debug] move action_id=8, action=((0, 0), (0, 1)), 
[debug] current_player=0 (B), 
[debug] board[(0, 0)]=14, board[(0, 1)]=5, 
[debug] board state:
[[14  5  1  2]
 [14 14 13  9]
 [13 15 10  8]
 [14  7 13 14]
 [14 11  3 14]
 [14 13 14  8]
 [15  1 12 14]
 [ 9  4  6 12]], 

=10 

=16 

[debug] move action_id=195, action=((4, 1), (4, 0)), 
[debug] current_player=1 (R), 
[debug] board[(4, 1)]=14, board[(4, 0)]=11, 
[debug] board state:
[[14  5  1  2]
 [14 14 13  9]
 [13 15 10  8]
 [14  7 13 14]
 [11 14  3 14]
 [14 13 14  8]
 [15  1 12 14]
 [ 9  4  6 12]], 

=10 

=16 

=12 b8 a8

[debug] move action_id=19, action=((0, 1), (0, 0)), 
[debug] current_player=0 (B), 
[debug] board[(0, 1)]=14, board[(0, 0)]=5, 
[debug] board state:
[[ 5 14  1  2]
 [14 14 13  9]
 [13 15 10  8]
 [14  7 13 14]
 [11 14  3 14]
 [14 13 14  8]
 [15  1 12 14]
 [ 9  4  6 12]], 

=10 

=16 

[debug] move action_id=263, action=((5, 3), (5, 2)), 
[debug] current_player=1 (R), 
[debug] board[(5, 3)]=14, board[(5, 2)]=8, 
[debug] board state:
[[ 5 14  1  2]
 [14 14 13  9]
 [13 15 10  8]
 [14  7 13 14]
 [11 14  3 14]
 [14 13  8 14]
 [15  1 12 14]
 [ 9  4  6 12]], 

=10 

=16 

=12 a8 b8

[debug] move action_id=8, action=((0, 0), (0, 1)), 
[debug] current_player=0 (B), 
[debug] board[(0, 0)]=14, board[(0, 1)]=5, 
[debug] board state:
[[14  5  1  2]
 [14 14 13  9]
 [13 15 10  8]
 [14  7 13 14]
 [11 14  3 14]
 [14 13  8 14]
 [15  1 12 14]
 [ 9  4  6 12]], 

=10 

=16 

[debug] move action_id=136, action=((4, 0), (3, 0)), 
[debug] current_player=1 (R), 
[debug] board[(4, 0)]=14, board[(3, 0)]=11, 
[debug] board state:
[[14  5  1  2]
 [14 14 13  9]
 [13 15 10  8]
 [11  7 13 14]
 [14 14  3 14]
 [14 13  8 14]
 [15  1 12 14]
 [ 9  4  6 12]], 

=10 

=16 

=12 b8 a8

[debug] move action_id=19, action=((0, 1), (0, 0)), 
[debug] current_player=0 (B), 
[debug] board[(0, 1)]=14, board[(0, 0)]=5, 
[debug] board state:
[[ 5 14  1  2]
 [14 14 13  9]
 [13 15 10  8]
 [11  7 13 14]
 [14 14  3 14]
 [14 13  8 14]
 [15  1 12 14]
 [ 9  4  6 12]], 

=10 

=16 

[debug] move action_id=204, action=((6, 2), (4, 2)), 
[debug] current_player=1 (R), 
[debug] board[(6, 2)]=14, board[(4, 2)]=12, 
[debug] board state:
[[ 5 14  1  2]
 [14 14 13  9]
 [13 15 10  8]
 [11  7 13 14]
 [14 14 12 14]
 [14 13  8 14]
 [15  1 14 14]
 [ 9  4  6 12]], 

=10 

=16 

=12 a8 b8

[debug] move action_id=8, action=((0, 0), (0, 1)), 
[debug] current_player=0 (B), 
[debug] board[(0, 0)]=14, board[(0, 1)]=5, 
[debug] board state:
[[14  5  1  2]
 [14 14 13  9]
 [13 15 10  8]
 [11  7 13 14]
 [14 14 12 14]
 [14 13  8 14]
 [15  1 14 14]
 [ 9  4  6 12]], 

=10 

=16 

