INITIAL
* 3:52am Feb 25, 2026
* a1_alphazero vs a0_random
* 1 2 2 2 2 2 5 1 2 2 2 2 2 5
* X X X X
* X X X X
* X X X X
* X X X X
* X X X X
* X X X X
* X X X X
* X X X X
* first 0
* time 900
* 1. a8(G) b4(M)
* 2. b8(P) b3(m)
* 3. c8(p) a4(n)
* 4. b8-c8 d7(R)
* 5. a8-b8 a2(P)
* 6. b8-a8 b7(P)
* 7. a8-b8 c1(g)
* 8. b8-a8 a3(c)
* 9. a8-b8 a7(r)
* 10. b8-a8 a5(m)
* 11. a8-b8 b6(k)
* 12. b8-a8 c2(N)
* 13. a8-b8 d8(p)
* 14. b8-a8 d8-c8
* 15. a8-b8 d6(C)
* 16. b8-a8 b5(P)
* 17. a8-b8 a1(r)
* 18. b8-a8 b3-b4
* 19. a8-b8 a5-b5
* 20. b8-a8 a1-a2
* 21. a8-b8 d5(g)
* 22. b8-a8 b5-a5
* 23. a8-b8 a5-b5
* 24. b8-a8 c4(p)
* 25. a8-b8 a4-a5
* 26. b8-a8 b1(p)
* 27. a8-b8 a2-a1
* 28. b8-a8 d5-d6
* 29. a8-b8 c8-d8
* 30. b8-a8 d8-c8
* 31. a8-b8 d6-d5
* 32. b8-a8 d2(K)
* 33. a8-b8 a3-a2
* 34. b8-a8 b4-a4
* 35. a8-b8 c1-c2
* 36. b8-a8 b5-b4
* 37. a8-b8 a4-a3
* 38. b8-a8 b4-b5
* 39. a8-b8 c4-b4
* 40. b8-a8 c8-d8
* 41. a8-b8 c7(G)
* 42. b8-a8 d1(N)
* 43. a8-b8 a6(c)
* 44. b8-a8 c3(p)
* 45. a8-b8 a5-a4
* 46. b8-a8 a6-a8
* 47. b7-b8 d5-d6
* 48. b8-c8 d6-d5
* 49. c8-b8 c6(R)
* 50. b8-c8 c3-c4
* 51. c8-b8 d4(C)
* 52. b8-c8 b2(P)
* 53. c8-b8 c2-b2
* 54. b8-c8 a2-d2
* 55. c8-b8 a3-a2
* 56. b8-c8 d2-c2
* 57. c8-b8 b6-c6
* 58. b8-c8 a7-b7
* 59. c8-b8 b1-c1
* 60. b8-c8 d5-d6
* 61. c8-b8 b5-b6
* 62. b8-c8 d6-d7
* 63. c8-b8 d3(M)
* 64. b8-c8 c2-c3
* 65. c8-b8 b4-b5
* 66. b8-c8 c3-b3
* 67. c8-b8 a4-a3
* 68. b8-c8 b6-a6
* 69. c8-b8 c6-c7
* 70. b8-c8 b2-c2
* 71. c8-b8 c2-c3
* 72. b8-c8 b7-b8
* 73. c8-d8 c3-d3
* 74. d8-c8 c1-c2
* 75. c8-d8 d3-d2
* 76. d8-c8 c7-c6
* 77. c8-d8 b8-c8
* 78. c5(n) d2-d1
* 79. d4-d5 c4-c3
* 80. d5-d6 c6-c7
* 81. d6-c6 a8-b8
* 82. c6-c8 c3-c4
* 83. c8-c5 d1-d2
* 84. d8-c8 a3-a4
* 85. c8-d8 b3-b2
* 86. d8-c8 c2-c1
* 87. c8-d8 c1-d1
* 88. d8-c8 b5-b4
* 89. c8-d8 a6-a7
* 90. d8-c8 b8-b7
* 91. c8-b8 c4-d4
* 92. b8-a8 b7-b8
* 93. c5-c6 a7-a8
* 94. c6-b6 d2-c2
* 95. b6-b7 c2-c1
* 96. b7-a7 a8-a7
* NoMove a0_random Wins 0.000000,1.000000
* Comment 0 0
0. 1771962748857
1. 1771962748857
2. 1771962749041
3. 1771962749449
4. 1771962749594
5. 1771962749999
6. 1771962750144
7. 1771962750501
8. 1771962750646
9. 1771962751052
10. 1771962751197
11. 1771962751603
12. 1771962751749
13. 1771962752103
14. 1771962752251
15. 1771962752605
16. 1771962752751
17. 1771962753106
18. 1771962753253
19. 1771962753608
20. 1771962753754
21. 1771962754108
22. 1771962754255
23. 1771962754609
24. 1771962754757
25. 1771962755110
26. 1771962755258
27. 1771962755612
28. 1771962755759
29. 1771962756112
30. 1771962756261
31. 1771962756613
32. 1771962756762
33. 1771962757114
34. 1771962757264
35. 1771962757615
36. 1771962757765
37. 1771962758116
38. 1771962758266
39. 1771962758617
40. 1771962758768
41. 1771962759119
42. 1771962759269
43. 1771962759619
44. 1771962759770
45. 1771962760120
46. 1771962760271
47. 1771962760621
48. 1771962760773
49. 1771962761122
50. 1771962761274
51. 1771962761623
52. 1771962761775
53. 1771962762124
54. 1771962762277
55. 1771962762625
56. 1771962762778
57. 1771962763126
58. 1771962763279
59. 1771962763627
60. 1771962763781
61. 1771962764128
62. 1771962764283
63. 1771962764629
64. 1771962764784
65. 1771962765130
66. 1771962765285
67. 1771962765632
68. 1771962765786
69. 1771962766132
70. 1771962766288
71. 1771962766633
72. 1771962766789
73. 1771962767135
74. 1771962767290
75. 1771962767636
76. 1771962767792
77. 1771962768138
78. 1771962768293
79. 1771962768638
80. 1771962768794
81. 1771962769139
82. 1771962769296
83. 1771962769641
84. 1771962769797
85. 1771962770143
86. 1771962770298
87. 1771962770643
88. 1771962770800
89. 1771962771146
90. 1771962771301
91. 1771962771646
92. 1771962771802
93. 1771962772148
94. 1771962772304
95. 1771962772649
96. 1771962772805
97. 1771962773150
98. 1771962773307
99. 1771962773651
100. 1771962773808
101. 1771962774152
102. 1771962774310
103. 1771962774654
104. 1771962774811
105. 1771962775155
106. 1771962775312
107. 1771962775656
108. 1771962775813
109. 1771962776158
110. 1771962776315
111. 1771962776659
112. 1771962776816
113. 1771962777160
114. 1771962777318
115. 1771962777661
116. 1771962777819
117. 1771962778163
118. 1771962778320
119. 1771962778664
120. 1771962778822
121. 1771962779165
122. 1771962779323
123. 1771962779667
124. 1771962779824
125. 1771962780168
126. 1771962780326
127. 1771962780669
128. 1771962780827
129. 1771962781171
130. 1771962781328
131. 1771962781673
132. 1771962781830
133. 1771962782173
134. 1771962782331
135. 1771962782675
136. 1771962782832
137. 1771962783176
138. 1771962783333
139. 1771962783677
140. 1771962783834
141. 1771962784178
142. 1771962784335
143. 1771962784681
144. 1771962784836
145. 1771962785181
146. 1771962785337
147. 1771962785683
148. 1771962785838
149. 1771962786184
150. 1771962786339
151. 1771962786686
152. 1771962786842
153. 1771962787187
154. 1771962787342
155. 1771962787688
156. 1771962787842
157. 1771962788189
158. 1771962788343
159. 1771962788690
160. 1771962788845
161. 1771962789192
162. 1771962789345
163. 1771962789693
164. 1771962789847
165. 1771962790194
166. 1771962790347
167. 1771962790696
168. 1771962790849
169. 1771962791196
170. 1771962791350
171. 1771962791697
172. 1771962791852
173. 1771962792198
174. 1771962792352
175. 1771962792700
176. 1771962792853
177. 1771962793200
178. 1771962793354
179. 1771962793701
180. 1771962793855
181. 1771962794203
182. 1771962794356
183. 1771962794704
184. 1771962794857
185. 1771962795205
186. 1771962795358
187. 1771962795706
188. 1771962795859
189. 1771962796207
190. 1771962796360
191. 1771962796709
192. 1771962796861

# 10 12 46 48 82 84 118 120 154 156 190 192 226 228 262 264 298 300 334 336 370 372 406 408 442 444 478 480 514 516 550 552 586 588 622 624 658 660 694 696 730 732 766 768 802 804 838 840 874 876 910 912 946 948 982 984 1018 1020 1054 1056 1090 1092 1126 1128 1162 1164 1198 1200 1234 1236 1270 1272 1306 1308 1342 1344 1378 1380 1414 1416 1450 1452 1486 1488 1522 1524 1558 1560 1594 1596 1630 1632 1666 1668 1702 1704 1738 1740 1774 1776 1810 1812 1846 1848 1882 1884 1918 1920 1954 1956 1990 1992 2026 2028 2062 2064 2098 2100 2134 2136 2170 2172 2206 2208 2242 2244 2278 2280 2314 2316 2350 2352 2386 2388 2422 2424 2458 2460 2494 2496 2530 2532 2566 2568 2602 2604 2638 2640 2674 2676 2710 2712 2746 2748 2782 2784 2818 2820 2854 2856 2890 2892 2926 2928 2962 2964 2998 3000 3034 3036 3070 3072 3106 3108 3142 3144 3178 3180 3214 3216 3250 3252 3286 3288 3322 3324 3358 3360 3394 3396 3430 3432 #
LightZero MGTP Interface Ready
=1 LightZero_DarkChess

=2 1.0.0

=7 

=15 

=14 

=12 a8 a8

[debug] move action_id=0, action=((0, 0), (0, 0)), 
[debug] current_player=1 (B), 
[debug] board[(0, 0)]=1, board[(0, 0)]=1, 
[debug] board state:
[[ 1 15 15 15]
 [15 15 15 15]
 [15 15 15 15]
 [15 15 15 15]
 [15 15 15 15]
 [15 15 15 15]
 [15 15 15 15]
 [15 15 15 15]], 

=11 

=16 

[debug] move action_id=187, action=((4, 1), (4, 1)), 
[debug] current_player=0 (R), 
[debug] board[(4, 1)]=2, board[(4, 1)]=2, 
[debug] board state:
[[ 1 15 15 15]
 [15 15 15 15]
 [15 15 15 15]
 [15 15 15 15]
 [15  2 15 15]
 [15 15 15 15]
 [15 15 15 15]
 [15 15 15 15]], 

=11 

=16 

=12 b8 b8

[debug] move action_id=11, action=((0, 1), (0, 1)), 
[debug] current_player=1 (B), 
[debug] board[(0, 1)]=6, board[(0, 1)]=6, 
[debug] board state:
[[ 1  6 15 15]
 [15 15 15 15]
 [15 15 15 15]
 [15 15 15 15]
 [15  2 15 15]
 [15 15 15 15]
 [15 15 15 15]
 [15 15 15 15]], 

=11 

=16 

[debug] move action_id=231, action=((5, 1), (5, 1)), 
[debug] current_player=0 (R), 
[debug] board[(5, 1)]=9, board[(5, 1)]=9, 
[debug] board state:
[[ 1  6 15 15]
 [15 15 15 15]
 [15 15 15 15]
 [15 15 15 15]
 [15  2 15 15]
 [15  9 15 15]
 [15 15 15 15]
 [15 15 15 15]], 

=11 

=16 

=12 c8 c8

[debug] move action_id=22, action=((0, 2), (0, 2)), 
[debug] current_player=1 (B), 
[debug] board[(0, 2)]=13, board[(0, 2)]=13, 
[debug] board state:
[[ 1  6 13 15]
 [15 15 15 15]
 [15 15 15 15]
 [15 15 15 15]
 [15  2 15 15]
 [15  9 15 15]
 [15 15 15 15]
 [15 15 15 15]], 

=11 

=16 

[debug] move action_id=176, action=((4, 0), (4, 0)), 
[debug] current_player=0 (R), 
[debug] board[(4, 0)]=11, board[(4, 0)]=11, 
[debug] board state:
[[ 1  6 13 15]
 [15 15 15 15]
 [15 15 15 15]
 [15 15 15 15]
 [11  2 15 15]
 [15  9 15 15]
 [15 15 15 15]
 [15 15 15 15]], 

=11 

=16 

=12 b8 c8

[debug] move action_id=20, action=((0, 1), (0, 2)), 
[debug] current_player=1 (B), 
[debug] board[(0, 1)]=14, board[(0, 2)]=6, 
[debug] board state:
[[ 1 14  6 15]
 [15 15 15 15]
 [15 15 15 15]
 [15 15 15 15]
 [11  2 15 15]
 [15  9 15 15]
 [15 15 15 15]
 [15 15 15 15]], 

=10 

=16 

[debug] move action_id=77, action=((1, 3), (1, 3)), 
[debug] current_player=0 (R), 
[debug] board[(1, 3)]=3, board[(1, 3)]=3, 
[debug] board state:
[[ 1 14  6 15]
 [15 15 15  3]
 [15 15 15 15]
 [15 15 15 15]
 [11  2 15 15]
 [15  9 15 15]
 [15 15 15 15]
 [15 15 15 15]], 

=11 

=16 

=12 a8 b8

[debug] move action_id=8, action=((0, 0), (0, 1)), 
[debug] current_player=1 (B), 
[debug] board[(0, 0)]=14, board[(0, 1)]=1, 
[debug] board state:
[[14  1  6 15]
 [15 15 15  3]
 [15 15 15 15]
 [15 15 15 15]
 [11  2 15 15]
 [15  9 15 15]
 [15 15 15 15]
 [15 15 15 15]], 

=10 

=16 

[debug] move action_id=264, action=((6, 0), (6, 0)), 
[debug] current_player=0 (R), 
[debug] board[(6, 0)]=6, board[(6, 0)]=6, 
[debug] board state:
[[14  1  6 15]
 [15 15 15  3]
 [15 15 15 15]
 [15 15 15 15]
 [11  2 15 15]
 [15  9 15 15]
 [ 6 15 15 15]
 [15 15 15 15]], 

=11 

=16 

=12 b8 a8

[debug] move action_id=19, action=((0, 1), (0, 0)), 
[debug] current_player=1 (B), 
[debug] board[(0, 1)]=14, board[(0, 0)]=1, 
[debug] board state:
[[ 1 14  6 15]
 [15 15 15  3]
 [15 15 15 15]
 [15 15 15 15]
 [11  2 15 15]
 [15  9 15 15]
 [ 6 15 15 15]
 [15 15 15 15]], 

=10 

=16 

[debug] move action_id=55, action=((1, 1), (1, 1)), 
[debug] current_player=0 (R), 
[debug] board[(1, 1)]=6, board[(1, 1)]=6, 
[debug] board state:
[[ 1 14  6 15]
 [15  6 15  3]
 [15 15 15 15]
 [15 15 15 15]
 [11  2 15 15]
 [15  9 15 15]
 [ 6 15 15 15]
 [15 15 15 15]], 

=11 

=16 

=12 a8 b8

[debug] move action_id=8, action=((0, 0), (0, 1)), 
[debug] current_player=1 (B), 
[debug] board[(0, 0)]=14, board[(0, 1)]=1, 
[debug] board state:
[[14  1  6 15]
 [15  6 15  3]
 [15 15 15 15]
 [15 15 15 15]
 [11  2 15 15]
 [15  9 15 15]
 [ 6 15 15 15]
 [15 15 15 15]], 

=10 

=16 

[debug] move action_id=330, action=((7, 2), (7, 2)), 
[debug] current_player=0 (R), 
[debug] board[(7, 2)]=8, board[(7, 2)]=8, 
[debug] board state:
[[14  1  6 15]
 [15  6 15  3]
 [15 15 15 15]
 [15 15 15 15]
 [11  2 15 15]
 [15  9 15 15]
 [ 6 15 15 15]
 [15 15  8 15]], 

=11 

=16 

=12 b8 a8

[debug] move action_id=19, action=((0, 1), (0, 0)), 
[debug] current_player=1 (B), 
[debug] board[(0, 1)]=14, board[(0, 0)]=1, 
[debug] board state:
[[ 1 14  6 15]
 [15  6 15  3]
 [15 15 15 15]
 [15 15 15 15]
 [11  2 15 15]
 [15  9 15 15]
 [ 6 15 15 15]
 [15 15  8 15]], 

=10 

=16 

[debug] move action_id=220, action=((5, 0), (5, 0)), 
[debug] current_player=0 (R), 
[debug] board[(5, 0)]=12, board[(5, 0)]=12, 
[debug] board state:
[[ 1 14  6 15]
 [15  6 15  3]
 [15 15 15 15]
 [15 15 15 15]
 [11  2 15 15]
 [12  9 15 15]
 [ 6 15 15 15]
 [15 15  8 15]], 

=11 

=16 

=12 a8 b8

[debug] move action_id=8, action=((0, 0), (0, 1)), 
[debug] current_player=1 (B), 
[debug] board[(0, 0)]=14, board[(0, 1)]=1, 
[debug] board state:
[[14  1  6 15]
 [15  6 15  3]
 [15 15 15 15]
 [15 15 15 15]
 [11  2 15 15]
 [12  9 15 15]
 [ 6 15 15 15]
 [15 15  8 15]], 

=10 

=16 

[debug] move action_id=44, action=((1, 0), (1, 0)), 
[debug] current_player=0 (R), 
[debug] board[(1, 0)]=10, board[(1, 0)]=10, 
[debug] board state:
[[14  1  6 15]
 [10  6 15  3]
 [15 15 15 15]
 [15 15 15 15]
 [11  2 15 15]
 [12  9 15 15]
 [ 6 15 15 15]
 [15 15  8 15]], 

=11 

=16 

=12 b8 a8

[debug] move action_id=19, action=((0, 1), (0, 0)), 
[debug] current_player=1 (B), 
[debug] board[(0, 1)]=14, board[(0, 0)]=1, 
[debug] board state:
[[ 1 14  6 15]
 [10  6 15  3]
 [15 15 15 15]
 [15 15 15 15]
 [11  2 15 15]
 [12  9 15 15]
 [ 6 15 15 15]
 [15 15  8 15]], 

=10 

=16 

[debug] move action_id=132, action=((3, 0), (3, 0)), 
[debug] current_player=0 (R), 
[debug] board[(3, 0)]=9, board[(3, 0)]=9, 
[debug] board state:
[[ 1 14  6 15]
 [10  6 15  3]
 [15 15 15 15]
 [ 9 15 15 15]
 [11  2 15 15]
 [12  9 15 15]
 [ 6 15 15 15]
 [15 15  8 15]], 

=11 

=16 

=12 a8 b8

[debug] move action_id=8, action=((0, 0), (0, 1)), 
[debug] current_player=1 (B), 
[debug] board[(0, 0)]=14, board[(0, 1)]=1, 
[debug] board state:
[[14  1  6 15]
 [10  6 15  3]
 [15 15 15 15]
 [ 9 15 15 15]
 [11  2 15 15]
 [12  9 15 15]
 [ 6 15 15 15]
 [15 15  8 15]], 

=10 

=16 

[debug] move action_id=99, action=((2, 1), (2, 1)), 
[debug] current_player=0 (R), 
[debug] board[(2, 1)]=7, board[(2, 1)]=7, 
[debug] board state:
[[14  1  6 15]
 [10  6 15  3]
 [15  7 15 15]
 [ 9 15 15 15]
 [11  2 15 15]
 [12  9 15 15]
 [ 6 15 15 15]
 [15 15  8 15]], 

=11 

=16 

=12 b8 a8

[debug] move action_id=19, action=((0, 1), (0, 0)), 
[debug] current_player=1 (B), 
[debug] board[(0, 1)]=14, board[(0, 0)]=1, 
[debug] board state:
[[ 1 14  6 15]
 [10  6 15  3]
 [15  7 15 15]
 [ 9 15 15 15]
 [11  2 15 15]
 [12  9 15 15]
 [ 6 15 15 15]
 [15 15  8 15]], 

=10 

=16 

[debug] move action_id=286, action=((6, 2), (6, 2)), 
[debug] current_player=0 (R), 
[debug] board[(6, 2)]=4, board[(6, 2)]=4, 
[debug] board state:
[[ 1 14  6 15]
 [10  6 15  3]
 [15  7 15 15]
 [ 9 15 15 15]
 [11  2 15 15]
 [12  9 15 15]
 [ 6 15  4 15]
 [15 15  8 15]], 

=11 

=16 

=12 a8 b8

[debug] move action_id=8, action=((0, 0), (0, 1)), 
[debug] current_player=1 (B), 
[debug] board[(0, 0)]=14, board[(0, 1)]=1, 
[debug] board state:
[[14  1  6 15]
 [10  6 15  3]
 [15  7 15 15]
 [ 9 15 15 15]
 [11  2 15 15]
 [12  9 15 15]
 [ 6 15  4 15]
 [15 15  8 15]], 

=10 

=16 

[debug] move action_id=33, action=((0, 3), (0, 3)), 
[debug] current_player=0 (R), 
[debug] board[(0, 3)]=13, board[(0, 3)]=13, 
[debug] board state:
[[14  1  6 13]
 [10  6 15  3]
 [15  7 15 15]
 [ 9 15 15 15]
 [11  2 15 15]
 [12  9 15 15]
 [ 6 15  4 15]
 [15 15  8 15]], 

=11 

=16 

=12 b8 a8

[debug] move action_id=19, action=((0, 1), (0, 0)), 
[debug] current_player=1 (B), 
[debug] board[(0, 1)]=14, board[(0, 0)]=1, 
[debug] board state:
[[ 1 14  6 13]
 [10  6 15  3]
 [15  7 15 15]
 [ 9 15 15 15]
 [11  2 15 15]
 [12  9 15 15]
 [ 6 15  4 15]
 [15 15  8 15]], 

=10 

=16 

[debug] move action_id=43, action=((0, 3), (0, 2)), 
[debug] current_player=0 (R), 
[debug] board[(0, 3)]=14, board[(0, 2)]=13, 
[debug] board state:
[[ 1 14 13 14]
 [10  6 15  3]
 [15  7 15 15]
 [ 9 15 15 15]
 [11  2 15 15]
 [12  9 15 15]
 [ 6 15  4 15]
 [15 15  8 15]], 

=10 

=16 

=12 a8 b8

[debug] move action_id=8, action=((0, 0), (0, 1)), 
[debug] current_player=1 (B), 
[debug] board[(0, 0)]=14, board[(0, 1)]=1, 
[debug] board state:
[[14  1 13 14]
 [10  6 15  3]
 [15  7 15 15]
 [ 9 15 15 15]
 [11  2 15 15]
 [12  9 15 15]
 [ 6 15  4 15]
 [15 15  8 15]], 

=10 

=16 

[debug] move action_id=121, action=((2, 3), (2, 3)), 
[debug] current_player=0 (R), 
[debug] board[(2, 3)]=5, board[(2, 3)]=5, 
[debug] board state:
[[14  1 13 14]
 [10  6 15  3]
 [15  7 15  5]
 [ 9 15 15 15]
 [11  2 15 15]
 [12  9 15 15]
 [ 6 15  4 15]
 [15 15  8 15]], 

=11 

=16 

=12 b8 a8

[debug] move action_id=19, action=((0, 1), (0, 0)), 
[debug] current_player=1 (B), 
[debug] board[(0, 1)]=14, board[(0, 0)]=1, 
[debug] board state:
[[ 1 14 13 14]
 [10  6 15  3]
 [15  7 15  5]
 [ 9 15 15 15]
 [11  2 15 15]
 [12  9 15 15]
 [ 6 15  4 15]
 [15 15  8 15]], 

=10 

=16 

[debug] move action_id=143, action=((3, 1), (3, 1)), 
[debug] current_player=0 (R), 
[debug] board[(3, 1)]=6, board[(3, 1)]=6, 
[debug] board state:
[[ 1 14 13 14]
 [10  6 15  3]
 [15  7 15  5]
 [ 9  6 15 15]
 [11  2 15 15]
 [12  9 15 15]
 [ 6 15  4 15]
 [15 15  8 15]], 

=11 

=16 

=12 a8 b8

[debug] move action_id=8, action=((0, 0), (0, 1)), 
[debug] current_player=1 (B), 
[debug] board[(0, 0)]=14, board[(0, 1)]=1, 
[debug] board state:
[[14  1 13 14]
 [10  6 15  3]
 [15  7 15  5]
 [ 9  6 15 15]
 [11  2 15 15]
 [12  9 15 15]
 [ 6 15  4 15]
 [15 15  8 15]], 

=10 

=16 

[debug] move action_id=308, action=((7, 0), (7, 0)), 
[debug] current_player=0 (R), 
[debug] board[(7, 0)]=10, board[(7, 0)]=10, 
[debug] board state:
[[14  1 13 14]
 [10  6 15  3]
 [15  7 15  5]
 [ 9  6 15 15]
 [11  2 15 15]
 [12  9 15 15]
 [ 6 15  4 15]
 [10 15  8 15]], 

=11 

=16 

=12 b8 a8

[debug] move action_id=19, action=((0, 1), (0, 0)), 
[debug] current_player=1 (B), 
[debug] board[(0, 1)]=14, board[(0, 0)]=1, 
[debug] board state:
[[ 1 14 13 14]
 [10  6 15  3]
 [15  7 15  5]
 [ 9  6 15 15]
 [11  2 15 15]
 [12  9 15 15]
 [ 6 15  4 15]
 [10 15  8 15]], 

=10 

=16 

[debug] move action_id=192, action=((5, 1), (4, 1)), 
[debug] current_player=0 (R), 
[debug] board[(5, 1)]=14, board[(4, 1)]=9, 
[debug] board state:
[[ 1 14 13 14]
 [10  6 15  3]
 [15  7 15  5]
 [ 9  6 15 15]
 [11  9 15 15]
 [12 14 15 15]
 [ 6 15  4 15]
 [10 15  8 15]], 

=10 

=16 

=12 a8 b8

[debug] move action_id=8, action=((0, 0), (0, 1)), 
[debug] current_player=1 (B), 
[debug] board[(0, 0)]=14, board[(0, 1)]=1, 
[debug] board state:
[[14  1 13 14]
 [10  6 15  3]
 [15  7 15  5]
 [ 9  6 15 15]
 [11  9 15 15]
 [12 14 15 15]
 [ 6 15  4 15]
 [10 15  8 15]], 

=10 

=16 

[debug] move action_id=140, action=((3, 0), (3, 1)), 
[debug] current_player=0 (R), 
[debug] board[(3, 0)]=14, board[(3, 1)]=9, 
[debug] board state:
[[14  1 13 14]
 [10  6 15  3]
 [15  7 15  5]
 [14  9 15 15]
 [11  9 15 15]
 [12 14 15 15]
 [ 6 15  4 15]
 [10 15  8 15]], 

=10 

=16 

=12 b8 a8

[debug] move action_id=19, action=((0, 1), (0, 0)), 
[debug] current_player=1 (B), 
[debug] board[(0, 1)]=14, board[(0, 0)]=1, 
[debug] board state:
[[ 1 14 13 14]
 [10  6 15  3]
 [15  7 15  5]
 [14  9 15 15]
 [11  9 15 15]
 [12 14 15 15]
 [ 6 15  4 15]
 [10 15  8 15]], 

=10 

=16 

[debug] move action_id=271, action=((7, 0), (6, 0)), 
[debug] current_player=0 (R), 
[debug] board[(7, 0)]=14, board[(6, 0)]=10, 
[debug] board state:
[[ 1 14 13 14]
 [10  6 15  3]
 [15  7 15  5]
 [14  9 15 15]
 [11  9 15 15]
 [12 14 15 15]
 [10 15  4 15]
 [14 15  8 15]], 

=10 

=16 

=12 a8 b8

[debug] move action_id=8, action=((0, 0), (0, 1)), 
[debug] current_player=1 (B), 
[debug] board[(0, 0)]=14, board[(0, 1)]=1, 
[debug] board state:
[[14  1 13 14]
 [10  6 15  3]
 [15  7 15  5]
 [14  9 15 15]
 [11  9 15 15]
 [12 14 15 15]
 [10 15  4 15]
 [14 15  8 15]], 

=10 

=16 

[debug] move action_id=165, action=((3, 3), (3, 3)), 
[debug] current_player=0 (R), 
[debug] board[(3, 3)]=8, board[(3, 3)]=8, 
[debug] board state:
[[14  1 13 14]
 [10  6 15  3]
 [15  7 15  5]
 [14  9 15  8]
 [11  9 15 15]
 [12 14 15 15]
 [10 15  4 15]
 [14 15  8 15]], 

=11 

=16 

=12 b8 a8

[debug] move action_id=19, action=((0, 1), (0, 0)), 
[debug] current_player=1 (B), 
[debug] board[(0, 1)]=14, board[(0, 0)]=1, 
[debug] board state:
[[ 1 14 13 14]
 [10  6 15  3]
 [15  7 15  5]
 [14  9 15  8]
 [11  9 15 15]
 [12 14 15 15]
 [10 15  4 15]
 [14 15  8 15]], 

=10 

=16 

[debug] move action_id=151, action=((3, 1), (3, 0)), 
[debug] current_player=0 (R), 
[debug] board[(3, 1)]=14, board[(3, 0)]=9, 
[debug] board state:
[[ 1 14 13 14]
 [10  6 15  3]
 [15  7 15  5]
 [ 9 14 15  8]
 [11  9 15 15]
 [12 14 15 15]
 [10 15  4 15]
 [14 15  8 15]], 

=10 

=16 

=12 a8 b8

[debug] move action_id=8, action=((0, 0), (0, 1)), 
[debug] current_player=1 (B), 
[debug] board[(0, 0)]=14, board[(0, 1)]=1, 
[debug] board state:
[[14  1 13 14]
 [10  6 15  3]
 [15  7 15  5]
 [ 9 14 15  8]
 [11  9 15 15]
 [12 14 15 15]
 [10 15  4 15]
 [14 15  8 15]], 

=10 

=16 

[debug] move action_id=140, action=((3, 0), (3, 1)), 
[debug] current_player=0 (R), 
[debug] board[(3, 0)]=14, board[(3, 1)]=9, 
[debug] board state:
[[14  1 13 14]
 [10  6 15  3]
 [15  7 15  5]
 [14  9 15  8]
 [11  9 15 15]
 [12 14 15 15]
 [10 15  4 15]
 [14 15  8 15]], 

=10 

=16 

=12 b8 a8

[debug] move action_id=19, action=((0, 1), (0, 0)), 
[debug] current_player=1 (B), 
[debug] board[(0, 1)]=14, board[(0, 0)]=1, 
[debug] board state:
[[ 1 14 13 14]
 [10  6 15  3]
 [15  7 15  5]
 [14  9 15  8]
 [11  9 15 15]
 [12 14 15 15]
 [10 15  4 15]
 [14 15  8 15]], 

=10 

=16 

[debug] move action_id=198, action=((4, 2), (4, 2)), 
[debug] current_player=0 (R), 
[debug] board[(4, 2)]=13, board[(4, 2)]=13, 
[debug] board state:
[[ 1 14 13 14]
 [10  6 15  3]
 [15  7 15  5]
 [14  9 15  8]
 [11  9 13 15]
 [12 14 15 15]
 [10 15  4 15]
 [14 15  8 15]], 

=11 

=16 

=12 a8 b8

[debug] move action_id=8, action=((0, 0), (0, 1)), 
[debug] current_player=1 (B), 
[debug] board[(0, 0)]=14, board[(0, 1)]=1, 
[debug] board state:
[[14  1 13 14]
 [10  6 15  3]
 [15  7 15  5]
 [14  9 15  8]
 [11  9 13 15]
 [12 14 15 15]
 [10 15  4 15]
 [14 15  8 15]], 

=10 

=16 

[debug] move action_id=136, action=((4, 0), (3, 0)), 
[debug] current_player=0 (R), 
[debug] board[(4, 0)]=14, board[(3, 0)]=11, 
[debug] board state:
[[14  1 13 14]
 [10  6 15  3]
 [15  7 15  5]
 [11  9 15  8]
 [14  9 13 15]
 [12 14 15 15]
 [10 15  4 15]
 [14 15  8 15]], 

=10 

=16 

=12 b8 a8

[debug] move action_id=19, action=((0, 1), (0, 0)), 
[debug] current_player=1 (B), 
[debug] board[(0, 1)]=14, board[(0, 0)]=1, 
[debug] board state:
[[ 1 14 13 14]
 [10  6 15  3]
 [15  7 15  5]
 [11  9 15  8]
 [14  9 13 15]
 [12 14 15 15]
 [10 15  4 15]
 [14 15  8 15]], 

=10 

=16 

[debug] move action_id=319, action=((7, 1), (7, 1)), 
[debug] current_player=0 (R), 
[debug] board[(7, 1)]=13, board[(7, 1)]=13, 
[debug] board state:
[[ 1 14 13 14]
 [10  6 15  3]
 [15  7 15  5]
 [11  9 15  8]
 [14  9 13 15]
 [12 14 15 15]
 [10 15  4 15]
 [14 13  8 15]], 

=11 

=16 

=12 a8 b8

[debug] move action_id=8, action=((0, 0), (0, 1)), 
[debug] current_player=1 (B), 
[debug] board[(0, 0)]=14, board[(0, 1)]=1, 
[debug] board state:
[[14  1 13 14]
 [10  6 15  3]
 [15  7 15  5]
 [11  9 15  8]
 [14  9 13 15]
 [12 14 15 15]
 [10 15  4 15]
 [14 13  8 15]], 

=10 

=16 

[debug] move action_id=315, action=((6, 0), (7, 0)), 
[debug] current_player=0 (R), 
[debug] board[(6, 0)]=14, board[(7, 0)]=10, 
[debug] board state:
[[14  1 13 14]
 [10  6 15  3]
 [15  7 15  5]
 [11  9 15  8]
 [14  9 13 15]
 [12 14 15 15]
 [14 15  4 15]
 [10 13  8 15]], 

=10 

=16 

=12 b8 a8

[debug] move action_id=19, action=((0, 1), (0, 0)), 
[debug] current_player=1 (B), 
[debug] board[(0, 1)]=14, board[(0, 0)]=1, 
[debug] board state:
[[ 1 14 13 14]
 [10  6 15  3]
 [15  7 15  5]
 [11  9 15  8]
 [14  9 13 15]
 [12 14 15 15]
 [14 15  4 15]
 [10 13  8 15]], 

=10 

=16 

[debug] move action_id=124, action=((3, 3), (2, 3)), 
[debug] current_player=0 (R), 
[debug] board[(3, 3)]=14, board[(2, 3)]=8, 
[debug] board state:
[[ 1 14 13 14]
 [10  6 15  3]
 [15  7 15  8]
 [11  9 15 14]
 [14  9 13 15]
 [12 14 15 15]
 [14 15  4 15]
 [10 13  8 15]], 

=10 

=16 

=12 a8 b8

[debug] move action_id=8, action=((0, 0), (0, 1)), 
[debug] current_player=1 (B), 
[debug] board[(0, 0)]=14, board[(0, 1)]=1, 
[debug] board state:
[[14  1 13 14]
 [10  6 15  3]
 [15  7 15  8]
 [11  9 15 14]
 [14  9 13 15]
 [12 14 15 15]
 [14 15  4 15]
 [10 13  8 15]], 

=10 

=16 

[debug] move action_id=32, action=((0, 2), (0, 3)), 
[debug] current_player=0 (R), 
[debug] board[(0, 2)]=14, board[(0, 3)]=13, 
[debug] board state:
[[14  1 14 13]
 [10  6 15  3]
 [15  7 15  8]
 [11  9 15 14]
 [14  9 13 15]
 [12 14 15 15]
 [14 15  4 15]
 [10 13  8 15]], 

=10 

=16 

=12 b8 a8

[debug] move action_id=19, action=((0, 1), (0, 0)), 
[debug] current_player=1 (B), 
[debug] board[(0, 1)]=14, board[(0, 0)]=1, 
[debug] board state:
[[ 1 14 14 13]
 [10  6 15  3]
 [15  7 15  8]
 [11  9 15 14]
 [14  9 13 15]
 [12 14 15 15]
 [14 15  4 15]
 [10 13  8 15]], 

=10 

=16 

[debug] move action_id=43, action=((0, 3), (0, 2)), 
[debug] current_player=0 (R), 
[debug] board[(0, 3)]=14, board[(0, 2)]=13, 
[debug] board state:
[[ 1 14 13 14]
 [10  6 15  3]
 [15  7 15  8]
 [11  9 15 14]
 [14  9 13 15]
 [12 14 15 15]
 [14 15  4 15]
 [10 13  8 15]], 

=10 

=16 

=12 a8 b8

[debug] move action_id=8, action=((0, 0), (0, 1)), 
[debug] current_player=1 (B), 
[debug] board[(0, 0)]=14, board[(0, 1)]=1, 
[debug] board state:
[[14  1 13 14]
 [10  6 15  3]
 [15  7 15  8]
 [11  9 15 14]
 [14  9 13 15]
 [12 14 15 15]
 [14 15  4 15]
 [10 13  8 15]], 

=10 

=16 

[debug] move action_id=168, action=((2, 3), (3, 3)), 
[debug] current_player=0 (R), 
[debug] board[(2, 3)]=14, board[(3, 3)]=8, 
[debug] board state:
[[14  1 13 14]
 [10  6 15  3]
 [15  7 15 14]
 [11  9 15  8]
 [14  9 13 15]
 [12 14 15 15]
 [14 15  4 15]
 [10 13  8 15]], 

=10 

=16 

=12 b8 a8

[debug] move action_id=19, action=((0, 1), (0, 0)), 
[debug] current_player=1 (B), 
[debug] board[(0, 1)]=14, board[(0, 0)]=1, 
[debug] board state:
[[ 1 14 13 14]
 [10  6 15  3]
 [15  7 15 14]
 [11  9 15  8]
 [14  9 13 15]
 [12 14 15 15]
 [14 15  4 15]
 [10 13  8 15]], 

=10 

=16 

[debug] move action_id=297, action=((6, 3), (6, 3)), 
[debug] current_player=0 (R), 
[debug] board[(6, 3)]=0, board[(6, 3)]=0, 
[debug] board state:
[[ 1 14 13 14]
 [10  6 15  3]
 [15  7 15 14]
 [11  9 15  8]
 [14  9 13 15]
 [12 14 15 15]
 [14 15  4  0]
 [10 13  8 15]], 

=11 

=16 

=12 a8 b8

[debug] move action_id=8, action=((0, 0), (0, 1)), 
[debug] current_player=1 (B), 
[debug] board[(0, 0)]=14, board[(0, 1)]=1, 
[debug] board state:
[[14  1 13 14]
 [10  6 15  3]
 [15  7 15 14]
 [11  9 15  8]
 [14  9 13 15]
 [12 14 15 15]
 [14 15  4  0]
 [10 13  8 15]], 

=10 

=16 

[debug] move action_id=270, action=((5, 0), (6, 0)), 
[debug] current_player=0 (R), 
[debug] board[(5, 0)]=14, board[(6, 0)]=12, 
[debug] board state:
[[14  1 13 14]
 [10  6 15  3]
 [15  7 15 14]
 [11  9 15  8]
 [14  9 13 15]
 [14 14 15 15]
 [12 15  4  0]
 [10 13  8 15]], 

=10 

=16 

=12 b8 a8

[debug] move action_id=19, action=((0, 1), (0, 0)), 
[debug] current_player=1 (B), 
[debug] board[(0, 1)]=14, board[(0, 0)]=1, 
[debug] board state:
[[ 1 14 13 14]
 [10  6 15  3]
 [15  7 15 14]
 [11  9 15  8]
 [14  9 13 15]
 [14 14 15 15]
 [12 15  4  0]
 [10 13  8 15]], 

=10 

=16 

[debug] move action_id=195, action=((4, 1), (4, 0)), 
[debug] current_player=0 (R), 
[debug] board[(4, 1)]=14, board[(4, 0)]=9, 
[debug] board state:
[[ 1 14 13 14]
 [10  6 15  3]
 [15  7 15 14]
 [11  9 15  8]
 [ 9 14 13 15]
 [14 14 15 15]
 [12 15  4  0]
 [10 13  8 15]], 

=10 

=16 

=12 a8 b8

[debug] move action_id=8, action=((0, 0), (0, 1)), 
[debug] current_player=1 (B), 
[debug] board[(0, 0)]=14, board[(0, 1)]=1, 
[debug] board state:
[[14  1 13 14]
 [10  6 15  3]
 [15  7 15 14]
 [11  9 15  8]
 [ 9 14 13 15]
 [14 14 15 15]
 [12 15  4  0]
 [10 13  8 15]], 

=10 

=16 

[debug] move action_id=293, action=((7, 2), (6, 2)), 
[debug] current_player=0 (R), 
[debug] board[(7, 2)]=14, board[(6, 2)]=8, 
[debug] board state:
[[14  1 13 14]
 [10  6 15  3]
 [15  7 15 14]
 [11  9 15  8]
 [ 9 14 13 15]
 [14 14 15 15]
 [12 15  8  0]
 [10 13 14 15]], 

=10 

=16 

=12 b8 a8

[debug] move action_id=19, action=((0, 1), (0, 0)), 
[debug] current_player=1 (B), 
[debug] board[(0, 1)]=14, board[(0, 0)]=1, 
[debug] board state:
[[ 1 14 13 14]
 [10  6 15  3]
 [15  7 15 14]
 [11  9 15  8]
 [ 9 14 13 15]
 [14 14 15 15]
 [12 15  8  0]
 [10 13 14 15]], 

=10 

=16 

[debug] move action_id=191, action=((3, 1), (4, 1)), 
[debug] current_player=0 (R), 
[debug] board[(3, 1)]=14, board[(4, 1)]=9, 
[debug] board state:
[[ 1 14 13 14]
 [10  6 15  3]
 [15  7 15 14]
 [11 14 15  8]
 [ 9  9 13 15]
 [14 14 15 15]
 [12 15  8  0]
 [10 13 14 15]], 

=10 

=16 

=12 a8 b8

[debug] move action_id=8, action=((0, 0), (0, 1)), 
[debug] current_player=1 (B), 
[debug] board[(0, 0)]=14, board[(0, 1)]=1, 
[debug] board state:
[[14  1 13 14]
 [10  6 15  3]
 [15  7 15 14]
 [11 14 15  8]
 [ 9  9 13 15]
 [14 14 15 15]
 [12 15  8  0]
 [10 13 14 15]], 

=10 

=16 

[debug] move action_id=225, action=((4, 0), (5, 0)), 
[debug] current_player=0 (R), 
[debug] board[(4, 0)]=14, board[(5, 0)]=9, 
[debug] board state:
[[14  1 13 14]
 [10  6 15  3]
 [15  7 15 14]
 [11 14 15  8]
 [14  9 13 15]
 [ 9 14 15 15]
 [12 15  8  0]
 [10 13 14 15]], 

=10 

=16 

=12 b8 a8

[debug] move action_id=19, action=((0, 1), (0, 0)), 
[debug] current_player=1 (B), 
[debug] board[(0, 1)]=14, board[(0, 0)]=1, 
[debug] board state:
[[ 1 14 13 14]
 [10  6 15  3]
 [15  7 15 14]
 [11 14 15  8]
 [14  9 13 15]
 [ 9 14 15 15]
 [12 15  8  0]
 [10 13 14 15]], 

=10 

=16 

[debug] move action_id=147, action=((4, 1), (3, 1)), 
[debug] current_player=0 (R), 
[debug] board[(4, 1)]=14, board[(3, 1)]=9, 
[debug] board state:
[[ 1 14 13 14]
 [10  6 15  3]
 [15  7 15 14]
 [11  9 15  8]
 [14 14 13 15]
 [ 9 14 15 15]
 [12 15  8  0]
 [10 13 14 15]], 

=10 

=16 

=12 a8 b8

[debug] move action_id=8, action=((0, 0), (0, 1)), 
[debug] current_player=1 (B), 
[debug] board[(0, 0)]=14, board[(0, 1)]=1, 
[debug] board state:
[[14  1 13 14]
 [10  6 15  3]
 [15  7 15 14]
 [11  9 15  8]
 [14 14 13 15]
 [ 9 14 15 15]
 [12 15  8  0]
 [10 13 14 15]], 

=10 

=16 

[debug] move action_id=207, action=((4, 2), (4, 1)), 
[debug] current_player=0 (R), 
[debug] board[(4, 2)]=14, board[(4, 1)]=13, 
[debug] board state:
[[14  1 13 14]
 [10  6 15  3]
 [15  7 15 14]
 [11  9 15  8]
 [14 13 14 15]
 [ 9 14 15 15]
 [12 15  8  0]
 [10 13 14 15]], 

=10 

=16 

=12 b8 a8

[debug] move action_id=19, action=((0, 1), (0, 0)), 
[debug] current_player=1 (B), 
[debug] board[(0, 1)]=14, board[(0, 0)]=1, 
[debug] board state:
[[ 1 14 13 14]
 [10  6 15  3]
 [15  7 15 14]
 [11  9 15  8]
 [14 13 14 15]
 [ 9 14 15 15]
 [12 15  8  0]
 [10 13 14 15]], 

=10 

=16 

[debug] move action_id=32, action=((0, 2), (0, 3)), 
[debug] current_player=0 (R), 
[debug] board[(0, 2)]=14, board[(0, 3)]=13, 
[debug] board state:
[[ 1 14 14 13]
 [10  6 15  3]
 [15  7 15 14]
 [11  9 15  8]
 [14 13 14 15]
 [ 9 14 15 15]
 [12 15  8  0]
 [10 13 14 15]], 

=10 

=16 

=12 a8 b8

[debug] move action_id=8, action=((0, 0), (0, 1)), 
[debug] current_player=1 (B), 
[debug] board[(0, 0)]=14, board[(0, 1)]=1, 
[debug] board state:
[[14  1 14 13]
 [10  6 15  3]
 [15  7 15 14]
 [11  9 15  8]
 [14 13 14 15]
 [ 9 14 15 15]
 [12 15  8  0]
 [10 13 14 15]], 

=10 

=16 

[debug] move action_id=66, action=((1, 2), (1, 2)), 
[debug] current_player=0 (R), 
[debug] board[(1, 2)]=1, board[(1, 2)]=1, 
[debug] board state:
[[14  1 14 13]
 [10  6  1  3]
 [15  7 15 14]
 [11  9 15  8]
 [14 13 14 15]
 [ 9 14 15 15]
 [12 15  8  0]
 [10 13 14 15]], 

=11 

=16 

=12 b8 a8

[debug] move action_id=19, action=((0, 1), (0, 0)), 
[debug] current_player=1 (B), 
[debug] board[(0, 1)]=14, board[(0, 0)]=1, 
[debug] board state:
[[ 1 14 14 13]
 [10  6  1  3]
 [15  7 15 14]
 [11  9 15  8]
 [14 13 14 15]
 [ 9 14 15 15]
 [12 15  8  0]
 [10 13 14 15]], 

=10 

=16 

[debug] move action_id=341, action=((7, 3), (7, 3)), 
[debug] current_player=0 (R), 
[debug] board[(7, 3)]=4, board[(7, 3)]=4, 
[debug] board state:
[[ 1 14 14 13]
 [10  6  1  3]
 [15  7 15 14]
 [11  9 15  8]
 [14 13 14 15]
 [ 9 14 15 15]
 [12 15  8  0]
 [10 13 14  4]], 

=11 

=16 

=12 a8 b8

[debug] move action_id=8, action=((0, 0), (0, 1)), 
[debug] current_player=1 (B), 
[debug] board[(0, 0)]=14, board[(0, 1)]=1, 
[debug] board state:
[[14  1 14 13]
 [10  6  1  3]
 [15  7 15 14]
 [11  9 15  8]
 [14 13 14 15]
 [ 9 14 15 15]
 [12 15  8  0]
 [10 13 14  4]], 

=10 

=16 

[debug] move action_id=88, action=((2, 0), (2, 0)), 
[debug] current_player=0 (R), 
[debug] board[(2, 0)]=12, board[(2, 0)]=12, 
[debug] board state:
[[14  1 14 13]
 [10  6  1  3]
 [12  7 15 14]
 [11  9 15  8]
 [14 13 14 15]
 [ 9 14 15 15]
 [12 15  8  0]
 [10 13 14  4]], 

=11 

=16 

=12 b8 a8

[debug] move action_id=19, action=((0, 1), (0, 0)), 
[debug] current_player=1 (B), 
[debug] board[(0, 1)]=14, board[(0, 0)]=1, 
[debug] board state:
[[ 1 14 14 13]
 [10  6  1  3]
 [12  7 15 14]
 [11  9 15  8]
 [14 13 14 15]
 [ 9 14 15 15]
 [12 15  8  0]
 [10 13 14  4]], 

=10 

=16 

[debug] move action_id=242, action=((5, 2), (5, 2)), 
[debug] current_player=0 (R), 
[debug] board[(5, 2)]=13, board[(5, 2)]=13, 
[debug] board state:
[[ 1 14 14 13]
 [10  6  1  3]
 [12  7 15 14]
 [11  9 15  8]
 [14 13 14 15]
 [ 9 14 13 15]
 [12 15  8  0]
 [10 13 14  4]], 

=11 

=16 

=12 a8 b8

[debug] move action_id=8, action=((0, 0), (0, 1)), 
[debug] current_player=1 (B), 
[debug] board[(0, 0)]=14, board[(0, 1)]=1, 
[debug] board state:
[[14  1 14 13]
 [10  6  1  3]
 [12  7 15 14]
 [11  9 15  8]
 [14 13 14 15]
 [ 9 14 13 15]
 [12 15  8  0]
 [10 13 14  4]], 

=10 

=16 

[debug] move action_id=180, action=((3, 0), (4, 0)), 
[debug] current_player=0 (R), 
[debug] board[(3, 0)]=14, board[(4, 0)]=11, 
[debug] board state:
[[14  1 14 13]
 [10  6  1  3]
 [12  7 15 14]
 [14  9 15  8]
 [11 13 14 15]
 [ 9 14 13 15]
 [12 15  8  0]
 [10 13 14  4]], 

=10 

=16 

=12 b8 a8

[debug] move action_id=19, action=((0, 1), (0, 0)), 
[debug] current_player=1 (B), 
[debug] board[(0, 1)]=14, board[(0, 0)]=1, 
[debug] board state:
[[ 1 14 14 13]
 [10  6  1  3]
 [12  7 15 14]
 [14  9 15  8]
 [11 13 14 15]
 [ 9 14 13 15]
 [12 15  8  0]
 [10 13 14  4]], 

=10 

=16 

[debug] move action_id=2, action=((2, 0), (0, 0)), 
[debug] current_player=0 (R), 
[debug] board[(2, 0)]=14, board[(0, 0)]=12, 
[debug] board state:
[[12 14 14 13]
 [10  6  1  3]
 [14  7 15 14]
 [14  9 15  8]
 [11 13 14 15]
 [ 9 14 13 15]
 [12 15  8  0]
 [10 13 14  4]], 

=10 

=16 

=12 b7 b8

[debug] move action_id=12, action=((1, 1), (0, 1)), 
[debug] current_player=1 (B), 
[debug] board[(1, 1)]=14, board[(0, 1)]=6, 
[debug] board state:
[[12  6 14 13]
 [10 14  1  3]
 [14  7 15 14]
 [14  9 15  8]
 [11 13 14 15]
 [ 9 14 13 15]
 [12 15  8  0]
 [10 13 14  4]], 

=10 

=16 

[debug] move action_id=124, action=((3, 3), (2, 3)), 
[debug] current_player=0 (R), 
[debug] board[(3, 3)]=14, board[(2, 3)]=8, 
[debug] board state:
[[12  6 14 13]
 [10 14  1  3]
 [14  7 15  8]
 [14  9 15 14]
 [11 13 14 15]
 [ 9 14 13 15]
 [12 15  8  0]
 [10 13 14  4]], 

=10 

=16 

=12 b8 c8

[debug] move action_id=20, action=((0, 1), (0, 2)), 
[debug] current_player=1 (B), 
[debug] board[(0, 1)]=14, board[(0, 2)]=6, 
[debug] board state:
[[12 14  6 13]
 [10 14  1  3]
 [14  7 15  8]
 [14  9 15 14]
 [11 13 14 15]
 [ 9 14 13 15]
 [12 15  8  0]
 [10 13 14  4]], 

=10 

=16 

[debug] move action_id=168, action=((2, 3), (3, 3)), 
[debug] current_player=0 (R), 
[debug] board[(2, 3)]=14, board[(3, 3)]=8, 
[debug] board state:
[[12 14  6 13]
 [10 14  1  3]
 [14  7 15 14]
 [14  9 15  8]
 [11 13 14 15]
 [ 9 14 13 15]
 [12 15  8  0]
 [10 13 14  4]], 

=10 

=16 

=12 c8 b8

[debug] move action_id=31, action=((0, 2), (0, 1)), 
[debug] current_player=1 (B), 
[debug] board[(0, 2)]=14, board[(0, 1)]=6, 
[debug] board state:
[[12  6 14 13]
 [10 14  1  3]
 [14  7 15 14]
 [14  9 15  8]
 [11 13 14 15]
 [ 9 14 13 15]
 [12 15  8  0]
 [10 13 14  4]], 

=10 

=16 

[debug] move action_id=110, action=((2, 2), (2, 2)), 
[debug] current_player=0 (R), 
[debug] board[(2, 2)]=3, board[(2, 2)]=3, 
[debug] board state:
[[12  6 14 13]
 [10 14  1  3]
 [14  7  3 14]
 [14  9 15  8]
 [11 13 14 15]
 [ 9 14 13 15]
 [12 15  8  0]
 [10 13 14  4]], 

=11 

=16 

=12 b8 c8

[debug] move action_id=20, action=((0, 1), (0, 2)), 
[debug] current_player=1 (B), 
[debug] board[(0, 1)]=14, board[(0, 2)]=6, 
[debug] board state:
[[12 14  6 13]
 [10 14  1  3]
 [14  7  3 14]
 [14  9 15  8]
 [11 13 14 15]
 [ 9 14 13 15]
 [12 15  8  0]
 [10 13 14  4]], 

=10 

=16 

[debug] move action_id=203, action=((5, 2), (4, 2)), 
[debug] current_player=0 (R), 
[debug] board[(5, 2)]=14, board[(4, 2)]=13, 
[debug] board state:
[[12 14  6 13]
 [10 14  1  3]
 [14  7  3 14]
 [14  9 15  8]
 [11 13 13 15]
 [ 9 14 14 15]
 [12 15  8  0]
 [10 13 14  4]], 

=10 

=16 

=12 c8 b8

[debug] move action_id=31, action=((0, 2), (0, 1)), 
[debug] current_player=1 (B), 
[debug] board[(0, 2)]=14, board[(0, 1)]=6, 
[debug] board state:
[[12  6 14 13]
 [10 14  1  3]
 [14  7  3 14]
 [14  9 15  8]
 [11 13 13 15]
 [ 9 14 14 15]
 [12 15  8  0]
 [10 13 14  4]], 

=10 

=16 

[debug] move action_id=209, action=((4, 3), (4, 3)), 
[debug] current_player=0 (R), 
[debug] board[(4, 3)]=5, board[(4, 3)]=5, 
[debug] board state:
[[12  6 14 13]
 [10 14  1  3]
 [14  7  3 14]
 [14  9 15  8]
 [11 13 13  5]
 [ 9 14 14 15]
 [12 15  8  0]
 [10 13 14  4]], 

=11 

=16 

=12 b8 c8

[debug] move action_id=20, action=((0, 1), (0, 2)), 
[debug] current_player=1 (B), 
[debug] board[(0, 1)]=14, board[(0, 2)]=6, 
[debug] board state:
[[12 14  6 13]
 [10 14  1  3]
 [14  7  3 14]
 [14  9 15  8]
 [11 13 13  5]
 [ 9 14 14 15]
 [12 15  8  0]
 [10 13 14  4]], 

=10 

=16 

[debug] move action_id=275, action=((6, 1), (6, 1)), 
[debug] current_player=0 (R), 
[debug] board[(6, 1)]=6, board[(6, 1)]=6, 
[debug] board state:
[[12 14  6 13]
 [10 14  1  3]
 [14  7  3 14]
 [14  9 15  8]
 [11 13 13  5]
 [ 9 14 14 15]
 [12  6  8  0]
 [10 13 14  4]], 

=11 

=16 

=12 c8 b8

[debug] move action_id=31, action=((0, 2), (0, 1)), 
[debug] current_player=1 (B), 
[debug] board[(0, 2)]=14, board[(0, 1)]=6, 
[debug] board state:
[[12  6 14 13]
 [10 14  1  3]
 [14  7  3 14]
 [14  9 15  8]
 [11 13 13  5]
 [ 9 14 14 15]
 [12  6  8  0]
 [10 13 14  4]], 

=10 

=16 

[debug] move action_id=295, action=((6, 2), (6, 1)), 
[debug] current_player=0 (R), 
[debug] board[(6, 2)]=14, board[(6, 1)]=8, 
[debug] board state:
[[12  6 14 13]
 [10 14  1  3]
 [14  7  3 14]
 [14  9 15  8]
 [11 13 13  5]
 [ 9 14 14 15]
 [12  8 14  0]
 [10 13 14  4]], 

=10 

=16 

=12 b8 c8

[debug] move action_id=20, action=((0, 1), (0, 2)), 
[debug] current_player=1 (B), 
[debug] board[(0, 1)]=14, board[(0, 2)]=6, 
[debug] board state:
[[12 14  6 13]
 [10 14  1  3]
 [14  7  3 14]
 [14  9 15  8]
 [11 13 13  5]
 [ 9 14 14 15]
 [12  8 14  0]
 [10 13 14  4]], 

=10 

=16 

[debug] move action_id=274, action=((6, 0), (6, 3)), 
[debug] current_player=0 (R), 
[debug] board[(6, 0)]=14, board[(6, 3)]=12, 
[debug] board state:
[[12 14  6 13]
 [10 14  1  3]
 [14  7  3 14]
 [14  9 15  8]
 [11 13 13  5]
 [ 9 14 14 15]
 [14  8 14 12]
 [10 13 14  4]], 

=10 

=16 

=12 c8 b8

[debug] move action_id=31, action=((0, 2), (0, 1)), 
[debug] current_player=1 (B), 
[debug] board[(0, 2)]=14, board[(0, 1)]=6, 
[debug] board state:
[[12  6 14 13]
 [10 14  1  3]
 [14  7  3 14]
 [14  9 15  8]
 [11 13 13  5]
 [ 9 14 14 15]
 [14  8 14 12]
 [10 13 14  4]], 

=10 

=16 

[debug] move action_id=270, action=((5, 0), (6, 0)), 
[debug] current_player=0 (R), 
[debug] board[(5, 0)]=14, board[(6, 0)]=9, 
[debug] board state:
[[12  6 14 13]
 [10 14  1  3]
 [14  7  3 14]
 [14  9 15  8]
 [11 13 13  5]
 [14 14 14 15]
 [ 9  8 14 12]
 [10 13 14  4]], 

=10 

=16 

=12 b8 c8

[debug] move action_id=20, action=((0, 1), (0, 2)), 
[debug] current_player=1 (B), 
[debug] board[(0, 1)]=14, board[(0, 2)]=6, 
[debug] board state:
[[12 14  6 13]
 [10 14  1  3]
 [14  7  3 14]
 [14  9 15  8]
 [11 13 13  5]
 [14 14 14 15]
 [ 9  8 14 12]
 [10 13 14  4]], 

=10 

=16 

[debug] move action_id=307, action=((6, 3), (6, 2)), 
[debug] current_player=0 (R), 
[debug] board[(6, 3)]=14, board[(6, 2)]=12, 
[debug] board state:
[[12 14  6 13]
 [10 14  1  3]
 [14  7  3 14]
 [14  9 15  8]
 [11 13 13  5]
 [14 14 14 15]
 [ 9  8 12 14]
 [10 13 14  4]], 

=10 

=16 

=12 c8 b8

[debug] move action_id=31, action=((0, 2), (0, 1)), 
[debug] current_player=1 (B), 
[debug] board[(0, 2)]=14, board[(0, 1)]=6, 
[debug] board state:
[[12  6 14 13]
 [10 14  1  3]
 [14  7  3 14]
 [14  9 15  8]
 [11 13 13  5]
 [14 14 14 15]
 [ 9  8 12 14]
 [10 13 14  4]], 

=10 

=16 

[debug] move action_id=108, action=((2, 1), (2, 2)), 
[debug] current_player=0 (R), 
[debug] board[(2, 1)]=14, board[(2, 2)]=7, 
[debug] board state:
[[12  6 14 13]
 [10 14  1  3]
 [14 14  7 14]
 [14  9 15  8]
 [11 13 13  5]
 [14 14 14 15]
 [ 9  8 12 14]
 [10 13 14  4]], 

=10 

=16 

=12 b8 c8

[debug] move action_id=20, action=((0, 1), (0, 2)), 
[debug] current_player=1 (B), 
[debug] board[(0, 1)]=14, board[(0, 2)]=6, 
[debug] board state:
[[12 14  6 13]
 [10 14  1  3]
 [14 14  7 14]
 [14  9 15  8]
 [11 13 13  5]
 [14 14 14 15]
 [ 9  8 12 14]
 [10 13 14  4]], 

=10 

=16 

[debug] move action_id=52, action=((1, 0), (1, 1)), 
